172
173
174
175
191
192
193
194
195
196
198
199
200
258
259
260
261
117
118
119
172
173
174
175
191
192
193
194
195
196
197
198
199
200
201
202
256
257
258
259
260
261
117
118
119
160
161
162
172
173
174
175
191
192
193
194
195
196
197
198
199
200
201
202
256
257
258
259
260
261
262
117
118
119
160
161
162
163
173
174
175
187
188
189
190
191
192
193
194
195
196
197
198
199
200
201
202
256
257
258
259
260
261
262
286
287
288
304
305
306
117
118
119
120
160
161
162
163
187
188
189
190
191
192
193
194
195
196
197
198
199
200
201
202
256
257
258
259
260
261
262
286
287
288
289
304
305
306
307
117
118
119
120
121
160
161
162
163
185
186
187
188
189
190
191
192
193
194
195
196
197
198
199
200
201
202
252
253
254
255
257
258
259
260
261
286
287
288
289
302
303
304
305
306
307
308
117
118
119
120
121
160
161
162
163
185
186
187
188
198
199
200
201
202
251
252
253
254
255
256
257
258
259
260
261
286
287
288
289
290
291
302
303
304
305
306
307
308
119
120
121
185
186
187
188
198
199
200
201
251
252
253
254
255
256
257
258
259
260
261
262
286
287
288
289
290
291
302
303
304
306
307
308
186
187
188
251
252
253
254
255
256
257
258
259
260
261
262
286
287
288
289
290
291
292
293
294
295
296
297
306
307
308
82
83
84
85
86
87
251
252
253
254
255
256
257
258
259
260
261
262
263
287
288
289
290
291
292
293
294
295
296
297
298
82
83
84
85
86
87
88
251
252
253
254
255
256
257
258
259
260
261
262
263
284
285
286
287
288
289
290
291
292
293
294
295
296
297
298
82
83
84
85
86
87
88
250
251
252
253
257
258
259
260
261
262
263
284
285
286
287
288
289
290
291
292
293
294
295
296
297
298
32
33
34
35
36
82
83
84
85
86
87
88
250
251
252
255
256
257
258
259
260
261
283
284
285
286
287
288
289
290
291
292
293
294
295
296
32
33
34
35
36
84
85
86
87
250
251
252
255
256
257
258
259
260
261
275
276
277
283
284
285
286
287
288
289
290
291
292
293
294
295
296
32
33
34
35
36
252
253
254
255
256
257
258
259
260
261
272
273
274
275
276
277
283
284
285
287
288
289
290
291
292
293
294
295
296
32
33
34
35
252
253
254
257
258
259
272
273
274
275
276
277
278
287
288
289
290
291
292
293
294
295
296
250
251
252
253
254
257
258
259
260
272
273
274
275
276
277
278
279
2
3
4
5
6
64
65
66
67
75
76
77
78
249
250
251
252
253
254
255
256
257
258
259
260
276
277
278
279
280
283
284
285
286
310
311
312
1
2
3
4
5
6
64
65
66
67
75
76
77
78
79
248
249
250
251
252
253
254
255
256
257
258
259
260
277
278
279
280
281
282
283
284
285
286
310
311
312
1
2
3
4
5
6
61
62
63
64
65
66
67
73
74
75
76
77
78
79
209
210
211
212
213
214
215
248
249
250
251
252
253
254
255
256
257
258
259
260
278
279
280
281
282
283
284
285
286
287
288
307
308
309
310
311
312
0
1
2
3
4
5
6
61
62
63
64
65
66
73
74
75
76
77
78
79
209
210
211
212
213
214
215
247
248
249
250
251
253
254
255
256
257
258
259
260
278
279
280
281
282
283
284
285
286
287
288
307
308
309
310
311
312
0
1
2
3
4
5
61
62
63
64
65
73
74
75
76
77
78
79
209
210
211
212
213
214
215
245
246
247
248
249
250
251
253
254
255
256
257
258
259
260
278
279
280
281
282
283
284
285
286
287
288
291
292
293
307
308
309
310
311
312
0
1
2
3
4
5
62
63
64
69
70
71
72
73
74
75
76
77
78
79
210
211
212
213
214
245
246
247
248
249
250
251
254
255
256
257
258
259
278
279
280
281
282
283
284
285
286
287
288
290
291
292
293
309
310
311
312
0
1
2
3
4
5
62
63
64
69
70
71
72
73
76
77
78
150
151
152
153
154
155
211
212
213
245
246
247
248
249
254
255
256
282
283
284
285
286
287
288
289
290
291
292
293
309
310
311
0
1
2
3
4
5
69
70
71
72
73
74
75
76
77
78
150
151
152
153
154
155
247
248
249
285
286
287
288
289
290
291
292
293
309
310
311
0
1
2
3
4
5
74
75
76
77
78
79
107
108
109
150
151
152
153
154
155
156
247
248
249
285
286
287
288
289
290
291
292
293
0
1
2
3
4
5
74
75
76
77
78
79
107
108
109
110
147
148
149
150
151
152
153
154
155
156
285
286
287
288
289
290
291
292
293
0
1
2
3
4
5
77
78
79
101
102
103
104
105
106
107
108
109
110
147
148
149
150
151
152
153
154
155
156
166
167
168
169
284
285
286
287
288
289
290
291
0
1
2
3
4
5
96
97
98
101
102
103
104
105
106
107
108
109
110
111
112
147
148
149
150
151
152
153
154
166
167
168
169
283
284
285
286
287
288
289
290
291
292
0
1
2
3
4
5
96
97
98
99
100
101
102
103
104
105
106
107
108
109
110
111
112
146
147
148
149
150
151
152
153
154
166
167
168
169
264
265
266
283
284
285
286
287
288
289
290
291
292
293
0
1
2
3
96
97
98
99
100
101
102
103
104
105
106
107
108
109
110
111
112
146
147
148
149
150
151
152
166
167
168
169
262
263
264
265
266
267
268
283
284
285
286
287
288
289
290
291
292
293
294
0
1
2
97
98
99
100
101
102
103
104
146
147
148
149
150
151
152
165
166
167
168
169
170
260
261
262
263
264
265
266
267
268
287
288
289
290
291
292
293
294
0
1
2
97
98
99
100
101
102
103
104
146
147
148
149
150
151
152
157
158
159
160
165
166
167
168
169
170
259
260
261
262
263
264
265
266
267
268
290
291
292
293
294
0
1
2
98
99
100
101
102
103
104
146
147
148
149
150
151
152
157
158
159
160
161
165
166
167
168
169
170
259
260
261
262
263
264
265
266
267
268
269
291
292
293
88
89
90
91
99
100
101
102
103
104
157
158
159
160
161
166
167
168
169
170
259
260
261
262
263
264
265
266
267
268
269
88
89
90
91
92
101
102
103
104
157
158
159
160
161
166
167
168
169
170
251
252
253
254
256
257
258
259
260
261
262
263
265
266
267
268
269
270
85
86
87
88
89
90
91
92
157
158
159
168
169
170
251
252
253
254
255
256
257
258
259
260
261
266
267
268
269
270
271
85
86
87
88
89
90
91
92
203
204
205
206
251
252
253
254
255
256
257
258
259
260
261
266
267
268
269
270
271
76
77
78
85
86
87
88
89
90
91
200
201
202
203
204
205
206
243
244
245
251
252
253
254
255
256
257
258
259
266
267
268
269
270
271
7
8
9
10
76
77
78
79
86
87
88
89
90
200
201
202
203
204
205
206
242
243
244
245
246
253
254
255
256
257
258
7
8
9
10
11
12
13
15
16
17
18
76
77
78
79
85
86
87
88
89
90
115
116
117
119
120
121
200
201
202
203
204
205
241
242
243
244
245
246
253
254
255
256
257
258
259
260
7
8
9
10
11
12
13
14
15
16
17
18
19
76
77
78
79
82
83
84
85
86
87
88
89
90
115
116
117
118
119
120
121
200
201
202
203
204
205
241
242
243
244
245
246
255
256
257
258
259
260
261
4
5
6
7
8
9
10
11
12
13
14
15
16
17
18
19
21
22
23
76
77
78
79
80
81
82
83
84
85
86
87
88
89
115
116
117
118
119
120
121
122
200
201
202
203
204
205
241
242
243
244
245
255
256
257
258
259
260
261
262
263
264
4
5
6
7
8
9
10
11
12
13
14
15
16
17
18
19
20
21
22
23
79
80
81
82
83
84
85
86
87
116
117
118
119
120
121
122
203
204
205
256
257
258
259
260
261
262
263
264
4
5
6
7
8
9
10
11
12
13
15
16
17
18
19
20
21
22
23
24
79
80
81
82
83
84
85
86
87
117
118
119
120
121
122
261
262
263
264
265
266
3
4
5
6
7
8
9
10
11
12
13
14
16
17
18
19
20
21
22
23
24
81
82
83
84
85
86
87
118
119
120
121
122
123
261
262
263
264
265
266
3
4
5
6
7
8
9
10
11
12
13
14
15
16
17
18
20
21
22
23
24
72
73
74
83
84
85
86
87
118
119
120
121
122
123
262
263
264
265
266
2
3
4
5
6
7
8
9
10
11
12
13
14
15
16
17
18
21
22
23
24
71
72
73
74
119
120
121
122
123
260
261
262
263
264
265
266
2
3
4
5
6
7
8
9
10
11
12
13
14
15
16
17
18
22
23
24
69
70
71
72
73
74
79
80
81
82
114
115
116
259
260
261
262
263
264
265
2
3
4
5
6
7
8
15
16
17
22
23
24
69
70
71
72
73
74
79
80
81
82
83
113
114
115
116
254
255
256
257
258
259
260
261
262
263
264
265
4
5
6
7
8
15
16
17
22
23
24
69
70
71
72
73
74
75
76
79
80
81
82
83
100
101
102
103
108
109
110
111
112
113
114
115
116
254
255
256
257
258
259
260
261
262
263
264
265
4
5
6
69
70
71
72
74
75
76
79
80
81
82
83
100
101
102
103
107
108
109
110
111
112
113
114
115
211
212
213
254
255
256
257
258
259
260
261
262
263
264
4
5
6
17
18
19
20
21
22
23
24
25
70
71
72
73
74
75
76
77
99
100
101
102
103
104
105
106
107
108
109
110
111
112
113
114
115
211
212
213
214
215
216
257
258
259
260
261
262
263
17
18
19
20
21
22
23
24
25
71
72
73
74
75
76
77
78
99
100
101
102
103
104
105
106
107
108
109
110
111
112
113
114
115
211
212
213
214
215
216
217
218
219
220
221
257
258
259
260
17
18
19
20
21
22
23
24
25
70
71
72
73
74
75
76
77
78
99
100
101
102
103
104
105
106
107
108
109
110
111
112
113
114
115
116
211
212
213
214
215
216
217
218
219
220
221
257
258
259
16
17
18
19
20
21
22
23
24
25
70
71
72
73
74
75
76
77
78
99
100
101
102
103
104
105
106
107
108
109
110
111
112
113
114
115
116
211
212
213
217
218
219
220
221
222
223
281
282
283
297
298
299
300
301
302
303
16
17
18
19
20
21
22
23
24
25
70
71
72
73
74
75
76
77
78
101
102
103
104
105
106
107
108
111
112
113
114
115
116
195
196
197
198
199
200
201
219
220
221
222
223
270
271
272
273
274
275
276
279
280
281
282
283
297
298
299
300
301
302
303
16
17
18
19
20
21
22
72
73
74
75
76
77
78
101
102
103
104
105
106
107
108
111
112
113
114
115
191
192
193
194
195
196
197
198
199
200
201
220
221
222
223
268
269
270
271
272
273
274
275
276
279
280
281
282
283
284
297
298
299
300
301
302
303
16
17
18
19
20
21
22
23
24
72
73
74
75
76
77
101
102
103
104
105
106
107
108
109
110
111
112
113
114
115
189
190
191
192
193
194
195
196
197
198
199
200
201
220
221
222
223
268
269
270
271
272
273
274
275
276
277
278
279
280
281
282
283
284
297
298
299
300
301
302
16
17
18
19
20
21
22
23
24
25
73
74
75
101
102
103
104
105
106
107
108
109
110
111
112
113
114
115
176
177
178
188
189
190
191
192
193
194
195
196
199
200
201
202
268
269
270
271
272
273
274
275
276
277
278
279
282
283
284
300
301
302
16
17
18
19
20
21
22
23
24
25
26
27
28
29
99
100
101
102
103
104
105
106
107
108
109
110
111
175
176
177
178
188
189
190
191
192
193
194
195
196
197
198
199
200
201
202
269
270
271
272
273
274
275
276
277
278
279
282
283
284
16
17
18
23
24
25
26
27
28
29
74
75
76
94
95
96
98
99
100
101
102
103
104
105
106
107
108
109
174
175
176
177
178
188
189
190
191
192
193
194
195
196
197
198
199
200
201
202
269
270
271
272
273
274
275
276
277
278
279
19
20
21
22
23
24
25
26
27
28
29
74
75
76
92
93
94
95
96
97
98
99
100
101
102
103
104
105
106
107
108
174
175
176
177
178
188
189
190
191
192
193
194
195
196
197
198
199
200
256
257
258
259
260
261
262
274
275
276
277
278
19
20
21
22
23
24
25
26
27
28
29
30
71
72
73
74
75
76
92
93
94
95
96
97
98
99
100
101
102
103
104
105
106
107
108
109
174
175
176
177
188
189
190
191
192
193
194
195
196
197
198
199
200
256
257
258
259
260
261
262
274
275
276
277
278
18
19
20
21
22
23
24
25
26
27
28
29
30
70
71
72
73
74
92
93
94
95
96
97
98
99
102
103
104
105
106
107
108
109
175
176
177
193
194
195
196
197
198
199
256
257
258
259
260
261
262
18
19
20
21
22
23
24
25
26
27
28
29
30
70
71
72
73
74
95
96
97
102
103
104
105
106
107
108
109
110
148
149
150
193
194
195
196
197
198
199
257
258
259
260
261
18
19
20
21
22
23
24
25
26
27
28
29
30
70
71
72
73
104
105
106
107
108
109
110
146
147
148
149
150
192
193
194
195
196
197
198
257
258
259
260
8
9
10
20
21
22
23
24
25
26
27
28
29
30
45
46
47
70
71
72
73
104
105
106
107
108
109
110
146
147
148
149
150
192
193
194
195
196
213
214
215
216
217
257
258
259
260
261
3
4
5
7
8
9
10
11
12
13
20
21
22
23
24
45
46
47
49
50
51
70
71
72
146
147
148
149
192
193
194
195
196
213
214
215
216
217
257
258
259
260
261
3
4
5
6
7
8
9
10
11
12
13
14
20
21
22
23
24
34
35
36
45
46
47
48
49
50
51
52
146
147
148
149
213
214
215
216
217
257
258
259
260
261
272
273
274
2
3
4
5
6
7
8
9
10
11
12
13
14
20
21
22
34
35
36
37
38
45
46
47
48
49
50
51
52
214
215
216
258
259
260
272
273
274
275
2
3
4
5
6
7
8
9
10
11
12
13
14
34
35
36
37
38
39
40
45
46
47
48
49
50
51
52
84
85
86
87
258
259
260
272
273
274
275
2
3
4
5
6
7
8
9
10
11
12
13
14
35
36
37
38
39
40
41
42
43
44
45
46
47
48
49
50
51
82
83
84
85
86
87
94
95
96
97
106
107
108
272
273
274
275
276
2
3
4
5
6
7
8
9
10
11
12
13
14
15
34
35
36
37
38
39
40
41
42
43
44
45
46
47
48
49
50
82
83
84
85
86
87
88
90
91
92
93
94
95
96
97
105
106
107
108
272
273
274
275
276
2
3
4
5
6
7
9
10
11
12
13
14
15
16
34
35
36
37
38
39
40
41
42
43
44
45
46
47
48
49
82
83
84
85
86
87
88
89
90
91
92
93
94
95
96
97
105
106
107
108
109
197
198
199
200
201
202
203
223
224
225
226
227
228
229
230
272
273
274
275
276
323
324
325
2
3
4
5
6
7
9
10
11
12
13
14
15
16
29
30
31
34
35
36
37
38
39
40
41
42
43
44
45
46
47
48
49
86
87
88
89
90
91
92
93
94
95
96
97
98
99
105
106
107
108
109
197
198
199
200
201
202
203
204
223
224
225
226
227
228
229
230
272
273
274
323
324
325
326
327
328
329
2
3
4
11
12
13
14
15
16
29
30
31
32
33
35
36
37
38
39
40
41
42
43
44
45
88
89
90
91
92
93
94
95
96
97
98
99
100
105
106
107
108
109
197
198
199
200
201
202
203
204
222
223
224
225
226
227
228
229
230
272
273
274
323
324
325
326
327
328
329
330
11
12
13
14
15
16
29
30
31
32
33
35
36
37
38
39
40
41
42
43
44
45
87
88
89
90
91
92
93
94
95
96
97
98
99
100
101
185
186
187
188
189
190
197
198
199
200
201
202
203
204
220
221
222
223
224
225
226
227
228
229
239
240
241
242
322
323
324
325
326
327
328
329
330
331
332
31
32
33
34
35
36
37
38
39
40
41
42
43
44
45
46
47
48
87
88
89
90
91
92
93
94
95
96
97
98
99
100
101
184
185
186
187
188
189
190
200
201
202
203
204
220
221
222
223
224
225
226
227
228
229
238
239
240
241
242
321
322
323
324
325
326
327
328
329
330
331
332
31
32
33
34
35
36
37
38
39
40
41
42
43
44
45
46
47
48
50
51
52
53
87
88
89
90
91
92
93
94
95
96
97
98
99
100
101
184
185
186
187
188
189
190
191
192
201
202
203
220
221
222
223
224
225
226
227
228
229
238
239
240
241
242
321
322
323
324
325
326
327
328
329
330
331
332
32
33
34
35
36
37
38
39
40
41
46
47
48
49
50
51
52
53
88
89
90
91
92
93
94
95
96
97
98
184
185
186
187
188
189
190
191
192
193
219
220
221
222
223
224
225
226
227
238
239
240
321
322
323
324
325
326
327
328
329
330
331
28
29
30
31
32
33
34
35
36
37
42
43
44
45
46
47
48
49
50
51
52
53
88
89
90
91
92
93
94
185
186
187
188
189
190
191
192
193
194
195
218
219
220
221
222
223
224
225
226
227
234
235
236
237
238
239
240
321
322
323
324
325
326
327
328
329
330
331
332
28
29
30
31
32
33
34
35
36
37
42
43
44
45
46
47
48
49
50
51
52
53
187
188
189
190
191
192
193
194
195
218
219
220
221
222
223
224
225
226
234
235
236
237
238
239
240
310
311
312
313
314
326
327
328
329
330
331
332
333
1
2
3
20
21
22
28
29
30
31
32
33
34
35
36
37
38
42
43
44
45
46
49
50
51
52
53
115
116
117
187
188
189
190
191
192
193
194
195
218
219
220
221
222
223
224
225
226
227
228
234
235
236
237
238
239
240
241
242
243
258
259
260
261
309
310
311
312
313
314
326
327
328
329
330
331
332
333
0
1
2
3
4
5
19
20
21
22
29
30
31
32
33
34
35
36
37
38
42
43
44
45
46
49
50
51
115
116
117
187
188
189
190
191
192
193
194
195
218
219
220
221
222
223
224
225
226
227
228
235
236
237
238
239
240
241
242
243
258
259
260
261
262
309
310
311
312
313
314
326
327
328
329
330
331
332
333
0
1
2
3
4
5
6
7
18
19
20
21
22
29
30
31
32
33
34
35
36
37
38
42
43
44
45
46
47
48
49
50
51
115
116
117
118
189
190
191
192
193
194
226
227
228
235
236
237
238
239
240
241
242
243
256
257
258
259
260
261
262
263
308
309
310
311
312
313
314
326
327
328
329
330
331
0
1
2
3
4
5
6
7
18
19
20
21
31
32
33
34
35
36
37
42
43
44
45
46
47
48
49
50
51
109
110
111
112
113
115
116
117
118
233
234
235
236
237
238
239
240
241
254
255
256
257
258
259
260
261
262
263
264
308
309
310
311
312
313
314
315
316
317
322
323
324
326
327
328
329
4
5
6
7
18
19
20
21
22
23
33
34
35
46
47
48
49
50
51
109
110
111
112
113
116
117
118
233
234
235
236
237
238
239
240
254
255
256
257
258
259
260
261
262
263
264
308
309
310
311
312
313
314
315
316
317
322
323
324
325
326
327
328
329
330
331
21
22
23
31
32
33
46
47
48
49
109
110
111
112
113
114
233
234
235
236
237
238
239
254
255
256
257
258
259
260
261
262
263
264
308
309
310
312
313
314
315
316
317
322
323
324
325
326
327
328
329
330
331
21
22
23
31
32
33
34
35
47
48
49
110
111
112
113
114
115
150
151
152
153
235
236
237
238
239
259
260
261
311
312
313
314
315
323
324
325
326
327
328
329
330
331
31
32
33
34
35
111
112
113
114
115
150
151
152
153
207
208
209
236
237
238
311
312
313
314
315
316
317
318
323
324
325
326
327
328
329
330
30
31
32
33
34
35
111
112
113
114
115
116
150
151
152
153
207
208
209
210
310
311
312
313
314
315
316
317
318
323
324
325
326
327
30
31
32
33
34
111
112
113
114
115
116
117
151
152
153
207
208
209
210
212
213
214
215
216
217
310
311
312
313
314
315
316
317
318
30
31
32
33
113
114
115
116
117
151
152
153
208
209
210
212
213
214
215
216
217
310
311
312
313
314
315
316
317
318
31
32
33
113
114
115
116
117
151
152
153
207
208
209
210
212
213
214
215
216
217
310
311
312
313
315
316
317
33
34
35
36
37
38
111
112
113
114
115
116
117
118
119
120
121
122
151
152
153
154
155
156
157
158
207
208
209
210
212
213
214
215
216
217
315
316
317
30
31
32
33
34
35
36
37
38
108
109
110
111
112
113
114
115
116
117
118
119
120
121
122
123
153
154
155
156
157
158
207
208
209
210
212
213
214
215
216
217
30
31
32
33
34
35
36
37
38
81
82
83
108
109
110
111
112
113
114
115
116
118
119
120
121
122
123
153
154
155
156
157
158
208
209
210
213
214
215
216
30
31
32
33
34
35
36
37
38
80
81
82
83
84
108
109
110
111
112
113
114
119
120
121
122
123
316
317
318
30
31
32
33
34
35
36
37
38
39
40
80
81
82
83
84
109
110
111
112
113
114
316
317
318
319
26
27
28
29
30
31
32
33
34
35
36
37
38
39
40
80
81
82
83
84
108
109
110
111
112
113
114
315
316
317
318
319
26
27
28
29
30
31
32
33
34
35
36
37
38
39
40
80
81
82
83
84
108
109
110
111
226
227
228
315
316
317
318
319
320
321
322
323
26
27
28
29
30
31
32
33
34
35
36
37
38
39
81
82
83
84
85
108
109
110
113
114
115
223
224
225
226
227
228
267
268
269
315
316
317
318
319
320
321
322
323
26
27
28
29
30
31
32
33
34
35
36
37
38
39
81
82
83
84
85
112
113
114
115
116
117
222
223
224
225
226
227
228
267
268
269
273
274
275
319
320
321
322
323
25
26
27
28
29
30
31
32
34
35
36
37
38
39
81
82
83
84
85
112
113
114
115
116
117
222
223
224
225
226
267
268
269
273
274
275
304
305
306
315
316
317
318
319
320
321
322
25
26
27
28
29
30
31
32
34
35
36
37
38
39
112
113
114
115
116
117
118
119
177
178
179
180
181
222
223
224
266
267
268
269
270
271
272
273
274
275
276
303
304
305
306
307
314
315
316
317
318
319
320
321
25
26
27
28
30
31
32
36
37
38
117
118
119
128
129
130
177
178
179
180
181
222
223
224
225
226
266
267
268
269
270
271
272
273
274
275
276
277
280
281
282
302
303
304
305
306
307
314
315
316
317
318
319
320
321
117
118
119
128
129
130
131
132
177
178
179
180
181
182
222
223
224
225
226
227
266
267
268
269
270
271
272
273
274
275
276
277
278
279
280
281
282
302
303
304
305
306
307
314
315
316
317
318
319
320
321
25
26
27
128
129
130
131
132
177
178
179
180
181
182
222
223
224
225
226
227
268
269
270
271
272
273
274
275
276
277
278
279
280
281
282
302
303
304
305
306
317
318
319
25
26
27
28
63
64
65
67
68
69
129
130
131
132
178
179
180
181
182
183
184
185
222
223
224
225
226
227
268
269
270
271
272
273
277
278
279
280
281
282
304
305
306
307
308
24
25
26
27
28
60
61
62
63
64
65
66
67
68
69
70
129
130
131
132
178
179
180
181
182
183
184
185
186
222
223
224
268
269
270
271
277
278
279
280
281
282
304
305
306
307
308
309
24
25
26
27
28
59
60
61
62
63
64
65
66
67
68
69
70
129
130
131
132
142
143
144
178
179
180
181
182
183
184
185
186
209
210
211
212
276
277
278
279
280
281
305
306
307
308
309
310
24
25
26
27
28
31
32
33
58
59
60
61
62
63
64
65
66
67
68
69
70
129
130
131
140
141
142
143
144
178
179
180
181
182
183
184
185
186
208
209
210
211
212
213
272
273
274
276
277
278
279
280
281
305
306
307
308
309
310
19
20
21
24
25
26
27
31
32
33
58
59
60
61
62
63
64
65
66
67
68
69
129
130
131
140
141
142
143
144
177
178
179
180
181
182
183
184
185
186
208
209
210
211
212
213
272
273
274
276
277
278
279
280
281
282
306
307
308
309
310
311
17
18
19
20
21
24
25
26
27
31
32
33
34
58
59
60
62
63
64
65
66
67
68
69
140
141
142
143
144
177
178
179
180
181
182
183
184
185
204
205
206
208
209
210
211
212
213
262
263
264
272
273
274
275
276
277
278
279
280
281
282
306
307
308
309
310
311
17
18
19
20
21
31
32
33
34
35
36
64
65
66
67
68
141
142
143
144
177
178
179
180
204
205
206
262
263
264
265
266
272
273
274
275
276
277
278
279
280
281
282
307
308
309
310
311
17
18
19
20
29
30
31
32
33
34
35
36
37
141
142
143
177
178
179
180
204
205
206
207
208
262
263
264
265
266
274
275
276
279
280
281
308
309
310
17
18
19
20
28
29
30
31
32
33
34
35
36
37
92
93
94
204
205
206
207
208
261
262
263
264
265
266
18
19
20
28
29
30
31
33
34
35
36
37
92
93
94
95
204
205
206
207
208
261
262
263
264
265
266
18
19
20
28
29
30
31
33
34
35
92
93
94
95
96
261
262
263
264
265
92
93
94
95
96
99
100
101
102
135
136
137
261
262
263
264
92
93
94
95
96
97
98
99
100
101
102
103
104
105
106
134
135
136
137
138
139
262
263
264
265
266
267
90
91
92
93
94
95
96
97
98
99
100
101
102
103
104
105
106
134
135
136
137
138
139
140
261
262
263
264
265
266
267
34
35
36
37
38
39
90
91
92
93
94
95
96
97
98
99
100
101
102
103
104
105
106
107
134
135
136
137
138
139
140
141
261
262
263
264
265
266
267
268
269
270
271
272
273
34
35
36
37
38
39
90
91
92
93
94
95
96
97
98
99
100
101
102
103
104
105
106
107
123
124
125
134
135
136
137
138
139
140
141
261
262
263
264
265
266
268
269
270
271
272
273
34
35
36
37
38
39
91
92
93
94
95
96
97
98
99
100
101
102
103
104
105
106
107
123
124
125
134
135
136
137
138
139
140
141
142
235
236
237
238
261
262
263
264
265
266
267
268
269
270
271
272
273
36
37
38
39
44
45
46
93
94
95
96
97
98
99
100
101
102
103
123
124
125
126
127
134
135
136
137
138
139
140
141
142
235
236
237
238
261
262
263
264
265
266
267
269
270
271
272
273
33
34
35
36
37
38
39
40
43
44
45
46
93
94
95
96
97
98
99
100
101
119
120
121
123
124
125
126
127
139
140
141
142
235
236
237
238
239
262
263
264
265
266
267
269
270
271
272
273
33
34
35
36
37
38
39
40
41
42
43
44
45
46
119
120
121
122
123
124
125
126
127
138
139
140
141
142
143
236
237
238
239
262
263
264
265
266
271
272
273
33
34
35
36
37
38
39
40
41
42
43
44
45
46
119
120
121
122
123
124
125
126
127
138
139
140
141
142
143
232
233
234
235
236
237
238
239
33
34
35
36
37
39
40
41
42
43
44
45
46
47
48
121
122
123
124
125
126
127
138
139
140
141
142
143
231
232
233
234
235
236
237
238
33
34
35
39
40
41
42
43
44
45
46
47
48
49
121
122
123
124
125
126
230
231
232
233
234
235
236
237
238
39
40
41
42
43
44
45
46
47
48
49
121
122
123
124
125
126
230
231
232
233
234
235
236
39
40
41
42
43
44
45
46
47
48
49
50
51
52
53
123
124
125
230
231
232
233
234
235
236
237
248
249
250
251
312
313
314
39
40
41
42
43
44
45
46
47
49
50
51
52
53
54
231
232
233
234
235
236
237
238
248
249
250
251
312
313
314
315
316
317
318
39
40
41
42
43
44
45
46
47
48
49
50
51
52
53
54
229
230
231
232
233
234
235
236
237
238
248
249
250
251
272
273
274
312
313
314
315
316
317
318
43
44
45
46
47
48
49
50
51
52
53
54
55
229
230
231
232
233
234
235
236
237
238
248
249
250
251
272
273
274
313
314
315
316
317
318
44
45
46
47
48
49
50
51
52
53
54
55
229
230
231
232
233
234
235
236
237
238
248
249
250
251
254
255
256
257
258
272
273
274
275
314
315
316
317
318
47
48
49
50
51
52
53
54
55
229
230
231
232
233
234
235
236
237
248
249
250
251
252
253
254
255
256
257
258
272
273
274
275
314
315
316
45
46
47
48
49
50
52
53
54
117
118
119
235
236
237
250
251
252
253
254
255
256
257
258
271
272
273
274
275
45
46
47
48
49
50
117
118
119
120
121
195
196
197
198
249
250
251
252
253
254
255
256
257
271
272
273
274
45
46
47
48
49
50
51
116
117
118
119
120
121
195
196
197
198
199
200
249
250
251
252
253
254
255
256
257
258
271
272
273
274
48
49
50
51
116
117
118
119
120
121
122
192
193
194
195
196
197
198
199
200
201
202
249
250
251
252
253
254
255
256
257
258
49
50
51
116
117
118
119
120
121
122
192
193
194
195
196
197
198
199
200
201
202
250
251
252
253
254
255
256
257
258
118
119
120
121
122
170
171
172
192
193
194
195
196
197
198
199
200
201
202
251
252
253
254
255
256
257
258
118
119
120
121
170
171
172
173
193
194
195
196
197
198
199
200
201
202
203
231
232
233
234
235
253
254
255
256
257
258
118
119
120
170
171
172
173
174
175
176
193
194
195
196
197
198
199
200
201
202
203
231
232
233
234
235
253
254
255
256
257
258
170
171
172
173
174
175
176
177
178
179
193
194
195
196
197
198
199
200
201
202
203
231
232
233
234
235
172
173
174
175
176
177
178
179
196
197
198
199
200
201
231
232
233
234
172
173
174
175
176
177
178
179
180
181
196
197
198
199
200
201
231
232
233
96
97
98
99
174
175
176
177
178
179
180
181
196
197
198
199
200
201
231
232
233
9
10
11
96
97
98
99
175
176
177
178
179
180
181
184
185
186
187
9
10
11
12
96
97
98
99
117
118
119
173
174
175
178
179
180
183
184
185
186
187
188
272
273
274
9
10
11
12
97
98
99
116
117
118
119
123
124
125
155
156
157
158
159
173
174
175
183
184
185
186
187
188
232
233
234
272
273
274
275
10
11
12
13
14
115
116
117
118
119
121
122
123
124
125
126
155
156
157
158
159
173
174
175
183
184
185
186
187
188
226
227
228
232
233
234
272
273
274
275
301
302
303
304
11
12
13
14
15
16
115
116
117
118
121
122
123
124
125
126
150
151
152
153
154
155
156
157
158
159
173
174
175
176
183
184
185
186
187
226
227
228
229
230
231
232
233
234
272
273
274
275
276
298
299
300
301
302
303
304
11
12
13
14
15
16
115
116
117
118
119
121
122
123
124
125
126
150
151
152
153
154
155
156
157
158
159
174
175
176
177
183
184
185
186
187
226
227
228
229
230
231
232
233
234
242
243
244
271
272
273
274
275
276
298
299
300
301
302
303
304
9
10
11
12
13
14
15
16
116
117
118
119
150
151
152
153
154
155
156
157
158
174
175
176
177
183
184
185
186
187
188
225
226
227
228
229
230
231
232
233
234
241
242
243
244
271
272
273
274
275
276
296
297
298
299
300
301
302
303
9
10
11
12
13
14
15
16
17
18
19
117
118
119
151
152
153
154
155
156
157
175
176
177
182
183
184
185
186
187
188
225
226
227
228
229
230
240
241
242
243
244
271
272
273
274
296
297
298
299
300
301
302
303
9
10
11
12
13
14
15
16
17
18
19
117
118
119
153
154
155
156
157
158
182
183
184
185
186
187
188
225
226
227
228
229
230
232
233
234
235
236
240
241
242
243
244
271
272
273
274
292
293
294
295
296
297
298
299
300
301
302
303
9
10
11
12
13
14
15
16
17
18
19
153
154
155
156
157
158
159
160
161
182
183
184
228
229
230
231
232
233
234
235
236
240
241
242
243
244
292
293
294
295
296
297
298
300
301
302
10
11
12
13
14
15
16
17
18
19
154
155
156
157
158
159
160
161
231
232
233
234
235
236
241
242
243
292
293
294
295
296
297
298
10
11
12
13
14
15
16
17
154
155
156
157
158
159
160
161
231
232
233
234
235
236
293
294
295
296
297
10
11
12
13
14
15
16
155
156
157
158
159
160
161
162
163
231
232
233
234
235
10
11
12
14
15
16
158
159
160
161
162
163
166
167
168
178
179
180
181
182
183
158
159
160
161
162
163
165
166
167
168
169
170
178
179
180
181
182
183
159
160
161
162
163
165
166
167
168
169
170
171
178
179
180
181
182
183
159
160
161
162
163
164
165
166
167
168
169
170
171
172
178
179
180
181
182
161
162
163
164
165
166
167
169
170
171
172
178
179
180
181
231
232
233
126
127
128
161
162
163
164
165
166
167
170
171
172
178
179
180
181
230
231
232
233
126
127
128
129
161
162
163
164
165
166
167
230
231
232
233
32
33
34
35
124
125
126
127
128
129
130
131
157
158
159
161
162
163
164
165
166
167
230
231
232
233
31
32
33
34
35
123
124
125
126
127
128
129
130
131
156
157
158
159
160
162
163
164
165
166
31
32
33
34
35
123
124
125
126
127
128
129
130
131
156
157
158
159
160
162
163
164
165
223
224
225
228
229
230
231
233
234
235
13
14
15
30
31
32
33
34
35
122
123
124
125
126
127
128
129
130
131
156
157
158
159
160
161
162
163
164
165
166
167
168
169
185
186
187
208
209
210
223
224
225
226
227
228
229
230
231
232
233
234
235
328
329
330
12
13
14
15
30
31
32
33
34
122
123
124
125
126
127
128
129
159
160
161
162
163
164
165
166
167
168
169
185
186
187
205
206
207
208
209
210
223
224
225
226
227
228
229
230
231
232
233
234
235
327
328
329
330
12
13
14
15
29
30
31
32
33
34
35
36
122
123
124
125
126
127
128
129
130
159
160
161
162
163
164
165
166
167
168
169
181
182
183
184
185
186
187
202
203
204
205
206
207
208
209
210
224
225
226
227
228
229
230
231
232
233
234
327
328
329
330
331
4
5
6
7
8
9
10
11
12
13
14
28
29
30
31
32
33
34
35
36
37
126
127
128
129
130
162
163
164
165
166
167
168
169
181
182
183
184
185
186
196
197
198
199
200
202
203
204
205
206
207
208
209
225
226
227
228
229
230
231
232
233
234
235
236
327
328
329
330
331
3
4
5
6
7
8
9
10
11
12
13
14
15
28
29
30
31
32
33
34
35
36
37
127
128
129
130
161
162
163
164
165
166
167
168
169
181
182
183
184
185
186
194
195
196
197
198
199
200
201
202
203
204
205
206
207
208
209
225
226
227
228
229
230
231
232
233
234
235
236
327
328
329
330
331
3
4
5
6
7
8
9
10
11
12
13
14
15
28
29
30
31
32
33
34
35
36
37
161
162
163
164
165
166
167
168
181
182
183
184
185
186
187
193
194
195
196
197
198
199
200
201
202
203
204
205
206
207
208
225
226
227
228
229
230
231
232
233
234
235
236
327
328
329
3
4
5
6
7
8
9
10
11
12
13
14
15
28
29
30
31
32
33
34
35
36
37
161
162
163
164
165
181
182
183
184
185
186
187
193
194
195
196
197
198
199
200
201
202
203
204
206
207
208
228
229
230
231
232
233
234
235
238
239
240
3
4
5
6
7
8
9
10
11
12
13
14
15
28
29
30
31
32
33
34
35
36
37
182
183
184
185
186
187
193
194
195
196
197
198
199
200
201
202
203
229
230
231
232
233
237
238
239
240
249
250
251
252
2
3
4
5
6
7
8
9
10
11
12
28
29
30
32
33
34
35
36
37
127
128
129
130
131
194
195
196
197
198
199
200
201
202
203
229
230
231
232
233
234
235
236
237
238
239
240
248
249
250
251
252
253
1
2
3
4
5
6
7
8
9
10
11
32
33
34
35
70
71
72
73
126
127
128
129
130
131
194
195
196
197
198
199
201
202
203
204
205
206
229
230
231
232
233
234
235
236
237
238
239
248
249
250
251
252
253
273
274
275
276
277
1
2
3
4
5
6
7
8
32
33
34
35
69
70
71
72
73
116
117
118
126
127
128
129
130
131
197
198
199
200
201
202
203
204
205
206
229
230
231
232
233
234
235
236
237
238
248
249
250
251
252
253
269
270
271
272
273
274
275
276
277
1
2
3
4
5
6
7
8
9
10
11
33
34
35
36
37
38
69
70
71
72
73
108
109
110
111
113
114
115
116
117
118
126
127
128
129
130
131
196
197
198
199
200
201
202
203
204
205
206
229
230
231
232
233
234
235
236
237
249
250
251
252
253
269
270
271
272
273
274
275
276
277
3
4
5
6
7
8
9
10
11
12
29
30
31
32
36
37
38
39
67
68
69
70
71
72
73
108
109
110
111
112
113
114
115
116
117
118
196
197
198
199
200
201
202
203
204
205
206
229
230
231
232
233
234
235
236
269
270
271
272
273
274
275
276
309
310
311
312
6
7
8
9
10
11
12
29
30
31
32
33
36
37
38
39
41
42
43
67
68
69
70
71
72
108
109
110
111
112
113
114
115
116
117
118
119
120
121
196
197
198
199
200
201
202
203
204
205
206
229
230
231
232
233
234
235
236
272
273
274
275
276
309
310
311
312
6
7
8
9
10
11
12
29
30
31
32
33
36
37
38
39
40
41
42
43
44
61
62
63
64
65
66
67
68
69
70
71
72
106
107
108
109
110
111
112
113
114
115
116
117
118
119
120
121
122
160
161
162
198
199
200
204
205
206
228
229
230
231
232
233
234
235
236
272
273
274
275
276
309
310
311
312
6
7
8
9
28
29
30
31
32
33
34
37
38
39
40
41
42
43
44
61
62
63
64
65
66
67
68
69
70
106
107
108
109
110
111
112
113
114
116
117
118
119
120
121
122
123
160
161
162
163
180
181
182
228
229
230
231
232
233
234
235
273
274
275
276
308
309
310
311
312
7
8
9
28
29
30
31
32
33
34
39
40
41
42
43
44
61
62
63
64
65
66
67
68
69
70
106
107
108
109
110
111
112
113
116
117
118
119
120
121
122
123
160
161
162
163
179
180
181
182
183
228
229
230
231
232
233
234
235
307
308
309
310
311
312
28
29
30
31
32
33
34
38
39
40
41
42
43
61
62
63
66
67
68
69
108
109
110
111
112
113
116
117
118
119
120
121
122
123
160
161
162
163
179
180
181
182
183
228
229
230
307
308
309
310
311
312
29
30
31
32
38
39
40
41
42
61
62
63
66
67
68
69
108
109
110
111
112
113
118
119
120
121
122
123
160
161
162
178
179
180
181
182
183
307
308
309
310
311
312
18
19
20
21
22
23
24
30
31
32
38
39
40
41
42
43
67
68
69
118
119
120
121
178
179
180
181
182
183
18
19
20
21
22
23
24
41
42
43
178
179
180
181
182
18
19
20
21
22
23
24
41
42
43
180
181
182
19
20
21
22
23
24
186
187
188
198
199
200
148
149
150
185
186
187
188
198
199
200
201
202
203
204
147
148
149
150
154
155
156
185
186
187
188
198
199
200
201
202
203
204
147
148
149
150
151
154
155
156
185
186
187
188
198
199
200
201
202
203
204
205
211
212
213
147
148
149
150
151
154
155
156
157
185
186
187
188
198
199
200
201
202
203
204
205
210
211
212
213
308
309
310
123
124
125
149
150
151
154
155
156
157
185
186
187
188
198
199
200
201
202
203
204
205
210
211
212
213
307
308
309
310
123
124
125
126
151
152
153
154
155
156
157
198
199
200
201
202
203
204
205
206
210
211
212
213
307
308
309
310
123
124
125
126
151
152
153
154
155
156
200
201
202
203
204
205
206
306
307
308
309
310
124
125
126
127
128
129
151
152
153
154
155
156
200
201
202
203
204
205
206
297
298
299
300
301
304
305
306
307
308
309
310
41
42
43
124
125
126
127
128
129
152
153
154
155
156
200
201
202
203
204
205
206
297
298
299
300
301
302
303
304
305
306
307
308
309
310
40
41
42
43
124
125
126
127
128
129
152
153
154
155
156
201
202
203
204
205
297
298
299
300
301
302
303
304
305
306
326
327
328
40
41
42
43
124
125
126
127
128
201
202
203
204
205
243
244
245
246
298
299
300
301
302
303
304
305
306
307
325
326
327
328
40
41
42
43
44
45
125
126
127
128
201
202
203
204
205
242
243
244
245
246
247
298
299
300
301
302
303
304
305
306
307
308
325
326
327
328
41
42
43
44
45
125
126
127
128
202
203
204
205
242
243
244
245
246
247
298
299
300
301
302
303
304
305
306
307
308
325
326
327
43
44
45
126
127
128
242
243
244
245
246
247
300
301
302
303
304
305
306
307
308
325
326
327
126
127
128
136
137
138
242
243
244
245
246
247
300
301
302
303
304
305
306
307
136
137
138
139
242
243
244
245
246
247
300
301
302
303
304
305
135
136
137
138
139
241
242
243
244
245
246
247
277
278
279
300
301
302
17
18
19
135
136
137
138
139
241
242
243
244
245
246
247
248
249
277
278
279
280
287
288
289
290
291
0
1
2
3
4
5
17
18
19
135
136
137
138
139
241
242
243
244
245
246
247
248
249
250
251
252
253
254
277
278
279
280
287
288
289
290
291
292
293
0
1
2
3
4
5
6
16
17
18
19
136
137
138
139
241
242
243
244
245
246
247
248
249
250
251
252
253
254
255
256
276
277
278
279
280
281
287
288
289
290
291
292
293
294
0
1
2
3
4
5
6
16
17
18
19
50
51
52
136
137
138
244
245
246
247
248
249
250
251
252
253
254
255
256
257
276
277
278
279
280
281
288
289
290
291
292
293
294
0
1
2
3
4
5
6
7
16
17
18
19
49
50
51
52
166
167
168
243
244
245
246
247
248
249
250
251
252
253
254
255
256
257
276
277
278
279
280
281
289
290
291
292
293
294
1
2
3
4
5
6
7
49
50
51
52
53
54
55
166
167
168
169
170
242
243
244
245
246
247
248
249
250
255
256
257
278
279
280
281
285
286
287
1
2
3
4
5
6
7
49
50
51
52
53
54
55
56
165
166
167
168
169
170
242
243
244
245
246
247
248
249
250
251
252
253
273
274
275
278
279
280
281
282
283
284
285
286
287
2
3
4
5
6
7
8
20
21
22
49
50
51
52
53
54
55
56
165
166
167
168
169
170
171
242
243
244
245
246
247
248
249
250
251
252
253
272
273
274
275
276
277
278
279
280
281
282
283
284
285
286
287
2
3
4
5
6
7
8
18
19
20
21
22
48
49
50
51
52
53
54
55
56
115
116
117
165
166
167
168
169
170
171
249
250
251
252
253
272
273
274
275
276
277
278
279
280
281
282
283
284
285
286
3
4
5
6
7
8
15
16
17
18
19
20
21
22
48
49
50
51
52
53
54
55
56
57
114
115
116
117
166
167
168
169
170
171
272
273
274
275
276
277
278
279
280
281
282
283
284
285
286
6
7
8
14
15
16
17
18
19
20
21
48
49
50
51
52
53
54
55
56
57
113
114
115
116
117
166
167
168
169
170
273
274
275
276
277
278
279
280
281
282
283
284
285
286
6
7
8
14
15
16
17
18
19
20
21
22
50
51
52
53
54
55
56
57
113
114
115
116
275
276
277
278
279
280
281
282
284
285
286
14
15
16
17
18
19
20
21
22
50
51
52
53
54
55
113
114
115
275
276
277
278
279
280
310
311
312
10
11
12
13
14
15
16
17
18
19
20
21
22
53
54
55
86
87
88
275
276
277
278
279
280
304
305
306
307
308
309
310
311
312
324
325
326
10
11
12
13
14
15
16
17
18
19
20
21
85
86
87
88
171
172
173
302
303
304
305
306
307
308
309
310
311
312
324
325
326
327
10
11
12
13
14
15
16
17
18
19
20
21
85
86
87
88
170
171
172
173
229
230
231
299
300
301
302
303
304
305
306
307
308
309
310
311
312
324
325
326
327
14
15
16
17
18
19
20
21
82
83
84
85
86
87
88
89
90
91
169
170
171
172
173
229
230
231
232
233
234
235
297
298
299
300
301
302
303
304
305
306
307
308
309
310
311
312
313
324
325
326
327
15
16
17
19
20
21
82
83
84
85
86
87
88
89
90
91
169
170
171
172
229
230
231
232
233
234
235
297
298
299
300
301
302
303
304
305
306
307
308
309
310
311
312
313
325
326
327
15
16
17
81
82
83
84
85
86
87
88
89
90
91
122
123
124
125
126
130
131
132
169
170
171
172
173
174
229
230
231
232
233
234
235
296
297
298
299
300
301
302
303
304
305
306
307
308
309
310
311
312
313
81
82
83
84
85
86
87
88
122
123
124
125
126
129
130
131
132
171
172
173
174
229
230
231
232
233
234
235
236
237
294
295
296
297
298
299
300
301
302
303
304
305
306
307
308
309
310
311
312
81
82
83
84
85
86
122
123
124
125
126
129
130
131
132
133
171
172
173
174
233
234
235
236
237
294
295
296
297
298
299
300
301
302
303
304
305
306
47
48
49
50
51
52
82
83
84
85
86
123
124
125
126
127
129
130
131
132
133
171
172
173
174
190
191
192
233
234
235
236
237
238
244
245
246
294
295
296
297
298
299
300
301
302
303
304
305
308
309
310
45
46
47
48
49
50
51
52
82
83
84
85
86
87
88
123
124
125
126
127
131
132
133
190
191
192
193
194
234
235
236
237
238
244
245
246
294
295
296
297
298
299
300
301
302
303
304
305
306
307
308
309
310
45
46
47
48
49
50
51
52
84
85
86
87
88
123
124
125
126
127
190
191
192
193
194
195
196
197
198
234
235
236
237
238
244
245
246
285
286
287
288
295
296
297
298
299
300
301
302
303
304
305
306
307
308
309
310
45
46
47
48
49
50
51
52
84
85
86
87
88
89
123
124
125
128
129
130
134
135
136
137
190
191
192
193
194
195
196
197
198
199
200
201
234
235
236
237
238
243
244
245
246
285
286
287
288
295
296
297
298
299
300
301
302
303
304
305
306
307
308
309
310
50
51
52
86
87
88
89
127
128
129
130
132
133
134
135
136
137
190
191
192
193
194
195
196
197
198
199
200
201
243
244
245
246
285
286
287
288
295
296
297
298
299
300
301
302
304
305
306
307
308
309
310
311
86
87
88
89
124
125
126
127
128
129
130
132
133
134
135
136
137
190
191
192
194
195
196
197
198
199
200
201
243
244
245
246
247
248
260
261
262
266
267
268
285
286
287
288
295
296
297
298
299
300
301
302
304
305
306
309
310
311
124
125
126
127
128
129
130
132
133
134
135
136
137
195
196
197
198
199
200
226
227
228
243
244
245
246
247
248
260
261
262
263
266
267
268
269
299
300
301
302
303
309
310
311
124
125
126
127
128
129
130
132
133
134
135
136
137
138
139
195
196
197
198
199
225
226
227
228
243
244
245
246
247
248
249
260
261
262
263
266
267
268
269
270
299
300
301
302
303
0
1
127
128
129
130
133
134
135
136
137
138
139
225
226
227
228
243
244
245
246
247
248
249
261
262
263
264
266
267
268
269
270
301
302
303
0
1
2
107
108
109
127
128
129
130
133
134
135
136
137
138
139
225
226
227
228
244
245
246
247
248
249
261
262
263
264
265
266
267
268
269
270
0
1
2
9
10
11
12
104
105
106
107
108
109
133
134
135
136
137
138
139
225
226
227
228
244
245
246
247
261
262
263
264
265
266
267
0
1
2
9
10
11
12
104
105
106
107
108
109
110
133
134
135
136
137
138
220
221
222
223
225
226
227
245
246
247
261
262
263
264
265
266
267
268
271
272
273
274
0
1
2
9
10
11
12
104
105
106
107
108
109
110
133
134
135
136
137
220
221
222
223
224
225
226
261
262
263
264
265
266
267
268
269
271
272
273
274
0
1
2
10
11
12
13
14
107
108
109
110
133
134
135
136
137
220
221
222
223
224
225
226
241
242
243
261
262
263
264
265
266
267
268
269
270
271
272
273
274
0
1
2
3
4
5
6
10
11
12
13
14
15
16
107
108
109
110
111
134
135
136
221
222
223
224
225
226
227
228
240
241
242
243
262
263
264
265
266
267
268
269
270
271
272
273
274
2
3
4
5
6
7
12
13
14
15
16
108
109
110
111
222
223
224
225
226
227
228
229
230
240
241
242
243
262
263
264
265
266
267
268
269
270
271
272
2
3
4
5
6
7
11
12
13
14
15
16
107
108
109
110
111
193
194
195
220
221
222
223
224
225
226
227
228
229
230
240
241
242
243
263
264
265
266
267
268
269
270
271
272
2
3
4
5
6
7
9
10
11
12
13
14
15
16
34
35
36
37
38
107
108
109
110
187
188
189
190
191
193
194
195
219
220
221
222
223
224
225
226
227
228
229
230
263
264
265
266
267
268
269
270
302
303
304
305
4
5
6
9
10
11
12
13
34
35
36
37
38
39
107
108
109
110
111
112
113
114
187
188
189
190
191
192
193
194
195
219
220
221
222
223
224
225
226
227
228
229
230
263
264
265
266
267
268
269
270
302
303
304
305
306
4
5
6
9
10
11
12
31
32
33
34
35
36
37
38
39
109
110
111
112
113
114
187
188
189
190
191
192
193
214
215
216
219
220
221
222
223
224
225
226
227
228
229
268
269
270
302
303
304
305
306
9
10
11
31
32
33
34
35
36
37
38
39
41
42
43
109
110
111
112
113
114
188
189
190
191
192
193
213
214
215
216
217
220
221
222
223
224
225
226
227
228
229
301
302
303
304
305
306
31
32
33
34
35
36
37
38
41
42
43
44
45
52
53
54
56
57
58
103
104
105
109
110
111
112
113
114
143
144
145
189
190
191
192
213
214
215
216
217
220
221
222
223
224
225
226
227
300
301
302
303
304
305
33
34
35
36
37
41
42
43
44
45
49
50
51
52
53
54
56
57
58
103
104
105
109
110
111
112
113
114
143
144
145
146
213
214
215
216
217
220
221
222
223
224
225
226
227
300
301
302
303
33
34
35
41
42
43
44
45
49
50
51
52
53
54
55
56
57
58
102
103
104
105
106
107
109
110
111
112
113
114
143
144
145
146
214
215
216
217
220
221
222
223
224
225
226
227
300
301
302
303
40
41
42
43
44
45
49
50
51
52
54
55
56
57
102
103
104
105
106
107
108
143
144
145
146
147
219
220
221
222
223
224
225
226
227
26
27
28
40
41
42
43
44
49
50
51
52
54
55
56
57
102
103
104
105
106
107
108
144
145
146
147
148
219
220
221
222
223
224
225
226
227
25
26
27
28
29
40
41
42
43
44
45
46
47
48
49
50
51
52
53
54
55
56
57
102
103
104
105
106
107
108
145
146
147
148
219
220
221
225
226
227
25
26
27
28
29
44
45
46
47
48
49
52
53
54
102
103
104
105
106
107
108
146
147
148
190
191
192
25
26
27
28
29
44
45
46
47
48
49
50
51
52
53
54
105
106
107
108
109
110
190
191
192
44
45
46
47
48
49
50
51
103
104
105
106
107
108
109
110
111
186
187
188
190
191
192
298
299
300
44
45
46
48
49
50
51
103
104
105
106
107
108
109
110
111
186
187
188
190
191
192
193
298
299
300
301
302
303
304
48
49
50
103
104
105
106
107
108
109
110
111
186
187
188
189
190
191
192
193
298
299
300
301
302
303
304
48
49
50
105
106
107
108
109
185
186
187
188
189
191
192
193
298
299
300
301
302
303
304
91
92
93
94
105
106
107
108
185
186
187
188
189
300
301
302
303
304
91
92
93
94
105
106
107
184
185
186
187
188
189
190
191
301
302
303
304
91
92
93
94
184
185
186
187
188
189
190
191
192
193
89
90
91
92
93
115
116
117
118
119
184
185
186
187
188
189
190
191
192
193
61
62
63
64
87
88
89
90
91
92
93
94
95
96
97
112
113
114
115
116
117
118
119
184
185
186
187
188
189
190
191
192
193
61
62
63
64
87
88
89
90
91
92
93
94
95
96
97
112
113
114
115
116
117
118
119
185
186
187
191
192
193
194
195
196
197
60
61
62
63
64
87
88
89
91
92
93
94
95
96
97
112
113
114
115
116
117
191
192
193
194
195
196
197
60
61
62
90
91
92
93
94
95
96
97
112
113
114
115
116
117
134
135
136
191
192
193
194
195
196
197
198
236
237
238
302
303
304
60
61
62
89
90
91
92
93
94
95
134
135
136
137
191
192
193
194
195
196
197
198
199
233
234
235
236
237
238
239
296
297
298
299
300
302
303
304
89
90
91
92
93
94
95
134
135
136
137
191
192
193
194
195
196
197
198
199
231
232
233
234
235
236
237
238
239
296
297
298
299
300
302
303
304
89
90
91
92
93
94
95
134
135
136
137
191
192
193
194
195
196
197
198
199
231
232
233
234
235
236
237
238
239
296
297
298
299
300
302
303
304
305
306
318
319
320
68
69
70
90
91
92
93
94
95
191
192
193
194
195
196
197
231
232
233
234
235
236
237
238
297
298
299
303
304
305
306
318
319
320
321
322
67
68
69
70
92
93
94
130
131
132
133
232
233
234
235
236
237
238
301
302
303
304
305
306
318
319
320
321
322
67
68
69
70
129
130
131
132
133
232
233
234
235
236
237
256
257
258
301
302
303
304
305
318
319
320
321
322
67
68
69
70
128
129
130
131
132
133
232
233
234
235
236
253
254
255
256
257
258
301
302
303
318
319
320
324
325
326
67
68
69
126
127
128
129
130
131
132
142
143
144
195
196
197
198
199
233
234
235
237
238
239
252
253
254
255
256
257
258
324
325
326
327
126
127
128
129
130
131
132
141
142
143
144
195
196
197
198
199
236
237
238
239
240
241
242
251
252
253
254
255
256
257
258
324
325
326
327
328
329
330
331
51
52
53
126
127
128
129
130
131
132
140
141
142
143
144
145
195
196
197
198
199
236
237
238
239
240
241
242
243
244
245
246
251
252
253
254
255
256
257
324
325
326
327
328
329
330
331
51
52
53
109
110
111
112
113
114
115
127
128
129
130
131
140
141
142
143
144
145
195
196
197
198
236
237
238
239
240
241
242
243
244
245
246
251
252
253
254
255
256
257
319
320
321
324
325
326
327
328
329
330
331
332
51
52
53
109
110
111
112
113
114
115
129
130
131
132
133
134
140
141
142
143
144
145
195
196
197
198
233
234
235
236
237
238
239
240
241
242
243
244
245
246
253
254
255
256
257
268
269
270
319
320
321
322
325
326
327
328
329
330
331
332
25
26
27
31
32
33
51
52
53
54
108
109
110
111
112
113
114
115
124
125
126
128
129
130
131
132
133
134
135
141
142
143
195
196
197
198
199
233
234
235
236
237
238
239
240
241
242
243
244
245
246
253
254
255
267
268
269
270
271
319
320
321
322
323
325
326
327
328
329
330
331
332
24
25
26
27
28
29
30
31
32
33
52
53
54
55
108
109
110
111
112
113
124
125
126
127
128
129
130
131
132
133
134
135
141
142
143
196
197
198
199
233
234
235
236
237
238
239
240
241
242
243
252
253
254
255
267
268
269
270
271
272
319
320
321
322
323
324
325
326
327
328
329
330
331
24
25
26
27
28
29
30
31
32
33
52
53
54
55
108
109
110
111
112
113
124
125
126
127
128
129
130
131
132
133
134
135
196
197
198
199
234
235
236
237
238
239
240
241
242
243
252
253
254
255
267
268
269
270
271
272
273
274
319
320
321
322
323
324
325
326
327
328
329
330
331
332
333
24
25
26
27
28
29
30
31
32
49
50
51
52
53
54
55
56
125
126
127
128
129
130
131
132
196
197
198
199
234
235
236
237
238
239
252
253
254
267
268
269
270
271
272
273
274
319
320
321
322
323
324
325
326
327
328
329
330
331
332
333
27
28
29
49
50
51
52
53
54
55
56
125
126
127
128
234
235
236
237
238
269
270
271
272
273
274
275
320
321
322
323
324
325
326
327
328
329
330
331
332
333
49
50
51
52
53
54
55
56
234
235
236
237
269
270
271
272
273
274
275
324
325
326
327
328
329
330
331
332
49
50
51
52
53
54
55
271
272
273
274
275
299
300
301
327
328
329
271
272
273
274
299
300
301
297
298
299
300
301
296
297
298
299
300
301
196
197
198
199
296
297
298
299
300
301
302
303
304
170
171
172
173
174
175
196
197
198
199
200
296
297
298
299
300
301
302
303
304
170
171
172
173
174
175
196
197
198
199
200
282
283
284
298
299
300
301
302
303
304
155
156
157
167
168
169
170
171
172
173
174
175
195
196
197
198
199
200
282
283
284
298
299
300
301
155
156
157
158
159
166
167
168
169
170
171
172
173
195
196
197
198
199
282
283
284
285
286
154
155
156
157
158
159
166
167
168
169
170
171
172
173
195
196
197
198
199
282
283
284
285
286
151
152
153
154
155
156
157
158
159
160
166
167
168
169
170
171
172
173
197
198
199
284
285
286
144
145
146
148
149
150
151
152
153
154
155
156
157
158
159
160
168
169
170
171
172
197
198
199
144
145
146
148
149
150
151
152
153
154
155
156
157
158
159
160
161
170
171
172
29
30
31
32
33
142
143
144
145
146
147
148
149
150
151
152
153
154
155
156
157
158
159
160
161
24
25
26
28
29
30
31
32
33
141
142
143
144
145
146
147
148
149
150
151
152
153
158
159
160
161
162
24
25
26
27
28
29
30
31
32
33
72
73
74
141
142
143
144
145
146
147
148
149
150
151
152
153
154
158
159
160
161
162
24
25
26
27
28
29
30
31
32
33
34
35
68
69
70
71
72
73
74
141
142
143
144
145
146
147
148
149
150
151
152
153
154
158
159
160
161
162
25
26
27
28
29
31
32
33
34
35
36
68
69
70
71
72
73
74
146
147
148
149
150
151
152
153
154
159
160
161
162
18
19
20
25
26
27
28
29
33
34
35
36
39
40
41
68
69
70
71
72
73
74
75
148
149
150
151
152
153
160
161
162
18
19
20
21
25
26
27
33
34
35
36
38
39
40
41
68
69
70
71
72
73
74
75
146
147
148
149
150
151
152
153
14
15
16
17
18
19
20
21
22
33
34
35
38
39
40
41
61
62
63
64
68
69
70
71
72
73
74
75
146
147
148
149
150
151
152
153
223
224
225
13
14
15
16
17
18
19
20
21
22
33
34
35
38
39
40
41
59
60
61
62
63
64
65
66
70
71
72
73
74
146
147
148
149
150
151
152
153
219
220
221
222
223
224
225
226
227
13
14
15
16
17
18
19
20
21
22
33
34
35
36
39
40
41
59
60
61
62
63
64
65
66
140
141
142
145
146
147
148
149
150
151
152
153
219
220
221
222
223
224
225
226
227
13
14
15
16
17
18
19
34
35
36
37
38
39
40
58
59
60
61
62
63
64
65
66
140
141
142
143
144
145
146
147
148
149
150
151
152
153
184
185
186
219
220
221
222
223
224
225
226
227
248
249
250
292
293
294
15
16
17
32
33
34
35
36
37
38
39
40
58
59
60
61
62
63
64
139
140
141
142
143
144
145
146
147
149
150
151
152
153
154
155
180
181
182
183
184
185
186
220
221
222
223
224
232
233
234
245
246
247
248
249
250
290
291
292
293
294
295
309
310
311
32
33
34
35
36
37
38
39
40
58
59
60
61
62
63
64
65
139
140
141
142
143
144
145
146
147
149
150
151
152
153
154
155
180
181
182
183
184
185
186
220
221
222
223
224
231
232
233
234
245
246
247
248
249
250
290
291
292
293
294
295
296
308
309
310
311
32
33
34
35
36
37
38
39
62
63
64
65
70
71
72
73
74
139
140
141
142
143
144
145
146
147
151
152
153
154
155
180
181
182
183
184
185
186
230
231
232
233
234
245
246
247
248
289
290
291
292
293
294
295
296
300
301
302
303
306
307
308
309
310
311
32
33
34
35
36
37
38
39
62
63
64
65
70
71
72
73
74
75
139
140
141
142
143
144
145
146
147
149
150
151
152
153
154
155
181
182
183
184
185
186
230
231
232
233
234
246
247
248
288
289
290
291
292
293
294
295
296
297
299
300
301
302
303
306
307
308
309
310
28
29
30
62
63
64
65
70
71
72
73
74
75
139
140
141
142
143
144
148
149
150
151
152
153
154
155
183
184
185
186
230
231
232
233
234
280
281
282
288
289
290
291
292
293
294
295
296
297
298
299
300
301
302
303
306
307
308
309
24
25
26
27
28
29
30
71
72
73
74
75
139
140
141
142
143
148
149
150
151
183
184
185
186
230
231
232
233
234
235
280
281
282
283
288
289
290
291
292
293
294
295
296
297
298
299
300
301
302
303
304
24
25
26
27
28
29
30
148
149
150
183
184
185
186
230
231
232
233
234
235
280
281
282
283
289
290
291
292
293
294
295
296
297
298
299
300
301
302
303
304
24
25
26
27
28
29
30
31
230
231
232
233
234
235
280
281
282
283
285
286
287
290
291
292
293
294
295
296
297
298
299
300
301
302
303
304
26
27
28
29
30
31
196
197
198
231
232
233
234
284
285
286
287
290
291
292
293
294
295
296
297
298
299
300
301
302
303
26
27
28
29
30
31
194
195
196
197
198
199
284
285
286
287
294
295
296
300
301
302
27
28
29
30
31
86
87
88
193
194
195
196
197
198
199
284
285
286
287
327
328
329
330
331
332
27
28
29
30
85
86
87
88
193
194
195
196
197
198
199
327
328
329
330
331
332
333
28
29
30
85
86
87
88
89
189
190
191
192
193
194
195
196
197
198
199
325
326
327
328
329
330
331
332
333
85
86
87
88
89
189
190
191
192
193
194
195
196
197
198
199
325
326
327
328
329
330
331
332
333
86
87
88
89
189
190
191
192
193
194
195
196
197
198
199
325
326
327
328
329
330
331
332
333
86
87
88
89
190
191
192
193
194
195
196
197
325
326
327
328
329
330
331
332
333