6
7
8
9
10
11
12
13
95
96
97
98
138
139
140
143
144
145
295
296
297
298
299
300
301
302
303
304
6
7
8
9
10
11
12
13
14
95
96
97
98
99
138
139
140
141
142
143
144
145
146
147
295
296
297
298
299
300
301
302
303
304
6
7
8
9
10
11
12
13
14
95
96
97
98
99
138
139
140
141
142
143
144
145
146
147
295
296
297
298
299
300
301
302
303
304
7
8
9
10
11
12
13
14
15
16
17
70
71
72
73
96
97
98
99
133
134
135
138
139
140
141
142
143
144
145
146
147
297
298
299
300
301
302
303
6
7
8
9
10
11
12
13
14
15
16
17
70
71
72
73
112
113
114
133
134
135
136
138
139
140
141
142
143
144
145
146
147
263
264
265
297
298
299
300
301
302
303
6
7
8
9
10
11
12
13
14
15
16
17
18
19
20
70
71
72
73
74
75
76
77
78
112
113
114
133
134
135
136
137
138
139
140
141
142
260
261
262
263
264
265
266
267
271
272
273
300
301
302
6
7
8
9
10
11
12
13
14
15
16
17
18
19
20
70
71
72
73
74
75
76
77
78
110
111
112
113
114
115
116
134
135
136
137
138
139
140
141
260
261
262
263
264
265
266
267
271
272
273
7
8
9
10
12
13
14
15
16
17
18
19
20
71
72
73
74
75
76
77
78
110
111
112
113
114
115
116
117
118
119
120
133
134
135
136
137
138
139
140
141
259
260
261
262
263
264
265
266
267
271
272
273
274
275
7
8
9
11
12
13
14
15
16
17
18
19
20
71
72
73
74
75
76
77
78
110
111
112
113
114
115
116
117
118
119
120
133
134
135
136
137
138
259
260
261
262
263
264
265
266
267
268
269
270
271
272
273
274
275
11
12
13
14
15
16
17
18
19
20
64
65
66
70
71
72
73
74
75
76
77
99
100
101
109
110
111
112
113
114
115
116
117
118
119
120
130
131
132
133
134
135
136
137
138
139
257
258
259
260
261
263
264
265
266
267
268
269
270
271
272
273
274
275
11
12
13
16
17
18
19
20
59
60
61
62
63
64
65
66
67
68
70
71
72
73
74
75
99
100
101
102
109
110
111
112
113
114
115
116
117
118
119
120
121
130
131
132
133
134
135
136
137
138
139
257
258
259
260
261
262
263
264
265
266
267
268
269
270
271
272
273
274
275
17
18
19
20
59
60
61
62
63
64
65
66
67
68
70
71
72
73
74
99
100
101
102
109
110
111
112
113
114
115
116
117
118
119
120
121
129
130
131
132
133
134
135
136
137
138
139
257
258
259
260
261
262
263
264
265
266
267
268
269
270
271
272
273
274
275
17
18
19
20
59
60
61
62
63
64
65
66
67
68
85
86
87
99
100
101
102
110
111
112
113
114
115
116
117
118
119
120
121
129
130
131
132
133
134
135
136
137
138
260
261
262
263
264
265
266
267
268
269
270
271
272
273
274
17
18
19
20
59
60
61
62
63
64
65
66
67
68
69
85
86
87
88
99
100
101
114
115
116
117
118
129
130
131
132
133
261
262
263
264
265
266
267
268
269
270
271
272
309
310
311
17
18
19
20
58
59
60
61
62
63
64
65
66
67
68
69
70
71
85
86
87
88
130
131
132
198
199
200
261
262
263
264
265
266
267
268
269
270
309
310
311
312
313
314
18
19
20
58
59
60
61
62
63
64
65
66
67
68
69
70
71
85
86
87
88
196
197
198
199
200
261
262
263
264
265
266
267
268
269
270
307
308
309
310
311
312
313
314
315
316
58
59
60
61
62
63
64
65
66
67
68
69
70
71
196
197
198
199
200
262
263
264
265
266
267
268
269
270
271
307
308
309
310
311
312
313
314
315
316
317
318
59
60
61
62
63
64
65
66
67
68
69
70
71
196
197
198
199
262
263
264
265
266
267
268
269
270
271
307
308
309
310
311
312
313
314
315
316
317
318
60
61
62
63
64
66
67
68
69
70
196
197
198
263
264
265
266
269
270
271
304
305
306
307
308
309
310
311
312
313
314
315
316
317
318
320
321
322
60
61
62
132
133
134
135
136
303
304
305
306
307
308
309
310
311
312
313
314
315
316
317
318
319
320
321
322
12
13
14
15
16
17
18
19
132
133
134
135
136
303
304
305
306
307
308
309
310
311
312
313
314
315
316
317
318
319
320
321
322
12
13
14
15
16
17
18
19
132
133
134
135
136
243
244
245
246
247
248
303
304
305
306
307
308
309
310
311
312
313
314
315
316
317
318
319
320
321
12
13
14
15
16
17
18
19
132
133
134
135
239
240
241
242
243
244
245
246
247
248
304
305
306
307
308
309
310
311
312
313
314
315
316
317
318
319
12
13
14
15
16
17
18
19
132
133
134
135
237
238
239
240
241
242
243
244
245
246
247
248
301
302
303
304
305
306
307
308
309
310
311
312
313
314
315
316
317
318
319
11
12
13
14
15
16
17
18
19
237
238
239
240
241
242
243
244
245
246
247
301
302
303
304
305
306
307
308
309
310
311
312
313
314
315
316
317
318
319
3
4
5
6
7
8
9
11
12
13
14
15
16
17
18
19
237
238
239
240
241
242
243
244
245
301
302
303
304
305
306
307
308
309
310
311
312
313
314
315
316
317
318
319
320
0
1
2
3
4
5
6
7
8
9
10
11
12
13
14
15
16
17
18
170
171
172
173
237
238
239
240
241
242
243
244
245
302
303
304
305
306
307
308
309
310
311
313
314
315
316
317
318
319
320
0
1
2
3
4
5
6
7
8
9
10
11
12
13
14
15
16
17
18
170
171
172
173
174
237
238
239
240
241
242
243
244
245
304
305
306
308
309
310
314
315
316
317
318
319
320
0
1
2
3
4
5
6
7
8
9
10
11
12
13
14
15
16
17
18
164
165
166
167
168
169
170
171
172
173
174
235
236
237
238
239
240
241
242
243
244
245
246
247
248
314
315
316
317
318
319
320
1
2
3
4
5
6
7
8
9
10
11
12
13
14
15
16
17
18
162
163
164
165
166
167
168
169
170
171
172
173
174
235
236
237
238
239
240
241
242
243
244
245
246
247
248
314
315
316
317
318
319
320
0
1
2
3
4
5
6
7
8
9
10
11
12
13
14
15
16
17
18
159
160
161
162
163
164
165
166
167
168
169
170
171
172
173
174
235
236
237
238
239
240
241
242
243
244
245
246
247
248
314
315
316
0
1
2
3
4
5
6
7
8
9
10
11
12
13
14
15
16
17
159
160
161
162
163
164
165
166
167
168
169
170
171
172
173
174
237
238
239
240
241
242
243
244
245
246
247
0
1
2
3
4
5
6
7
8
9
10
11
12
13
15
16
17
158
159
160
161
162
163
164
165
166
167
168
169
170
171
172
173
174
175
236
237
238
239
240
241
2
3
4
5
6
7
8
9
10
11
12
13
158
159
160
161
162
163
164
165
166
167
168
169
170
171
172
173
174
175
236
237
238
239
4
5
6
7
8
9
10
11
12
13
14
15
16
158
159
160
161
162
163
164
165
166
167
168
169
170
171
172
173
174
175
236
237
238
239
3
4
5
6
7
8
9
10
11
12
13
14
15
16
158
159
160
161
162
163
164
165
166
167
168
169
170
171
172
173
217
218
219
220
221
3
4
5
6
7
8
9
10
11
12
13
14
15
16
17
158
159
160
161
162
163
164
165
166
167
168
169
170
171
172
217
218
219
220
221
222
223
224
3
4
5
6
7
8
9
10
11
12
13
14
15
16
17
159
160
161
162
163
164
165
166
167
168
169
170
171
172
173
217
218
219
220
221
222
223
224
3
4
5
6
7
8
9
10
14
15
16
17
162
163
164
165
166
167
168
169
170
171
172
173
217
218
219
220
221
222
223
224
225
2
3
4
5
6
7
8
9
10
14
15
16
97
98
99
162
163
164
165
166
167
168
169
170
171
172
173
174
217
218
219
220
221
222
223
224
225
2
3
4
5
6
7
8
9
10
94
95
96
97
98
99
162
163
164
165
166
167
168
169
170
171
172
173
174
216
217
218
219
220
221
222
223
224
225
2
3
4
5
6
7
8
9
10
93
94
95
96
97
98
99
100
101
102
165
166
167
168
169
172
173
174
216
217
218
219
220
221
222
223
92
93
94
95
96
97
98
99
100
101
102
167
168
169
216
217
218
219
220
221
222
223
92
93
94
95
96
97
98
99
100
101
102
216
217
218
219
220
221
222
223
92
93
94
95
96
97
98
99
100
101
216
217
218
219
220
221
222
51
52
53
54
92
93
94
95
96
97
98
99
100
101
102
217
218
219
220
221
222
47
48
49
50
51
52
53
54
92
93
94
95
96
97
98
99
100
101
102
217
218
219
220
221
222
47
48
49
50
51
52
53
54
92
93
94
95
96
97
98
99
100
101
102
217
218
219
220
221
222
47
48
49
50
51
52
53
54
92
93
94
95
96
97
98
99
100
101
102
50
51
52
53
54
89
90
91
92
93
94
96
97
98
99
100
52
53
54
89
90
91
92
93
94
96
97
98
99
100
255
256
257
258
259
327
328
329
22
23
24
89
90
91
92
93
94
95
96
97
98
255
256
257
258
259
327
328
329
330
22
23
24
25
26
27
28
29
30
31
32
33
90
91
92
93
94
95
255
256
257
258
259
260
261
327
328
329
330
331
332
21
22
23
24
25
26
27
28
29
30
31
32
33
93
94
95
256
257
258
259
260
261
262
327
328
329
330
331
332
21
22
23
24
25
26
27
28
29
30
31
32
33
206
207
208
257
258
259
260
261
262
327
328
329
330
331
332
21
22
23
24
25
26
27
28
29
30
31
32
33
93
94
95
96
97
98
205
206
207
208
260
261
262
327
328
329
330
331
24
25
26
27
28
29
30
31
32
92
93
94
95
96
97
98
203
204
205
206
207
208
327
328
329
330
331
25
26
27
28
29
30
31
92
93
94
95
96
97
98
203
204
205
206
207
208
209
210
211
212
25
26
27
28
29
30
31
32
92
93
94
95
96
97
98
99
100
203
204
205
206
207
208
209
210
211
212
213
214
215
26
27
28
29
30
31
32
93
94
95
96
97
98
99
100
203
204
205
206
207
208
209
210
211
212
213
214
215
25
26
27
28
29
30
31
32
93
94
95
96
97
98
99
100
203
204
205
206
207
208
209
210
211
212
213
214
215
216
217
218
261
262
263
264
265
266
267
25
26
27
28
29
30
31
32
92
93
94
95
96
97
98
204
205
206
207
208
209
210
211
212
213
214
215
216
217
218
260
261
262
263
264
265
266
267
25
26
27
28
92
93
94
95
96
97
204
205
206
207
208
209
210
211
212
213
214
215
216
217
218
259
260
261
262
263
264
265
266
267
25
26
27
92
93
94
95
96
97
205
206
207
208
209
210
211
212
213
214
215
216
217
259
260
261
262
263
264
265
266
267
55
56
57
92
93
94
95
96
97
98
206
207
208
209
210
211
212
213
214
215
216
217
259
260
261
262
263
264
265
266
267
55
56
57
93
94
95
96
97
98
206
207
208
209
210
211
212
213
214
215
216
217
259
260
261
262
263
264
265
266
55
56
57
58
59
93
94
95
96
97
98
186
187
188
189
207
208
209
210
211
212
213
214
215
216
217
259
260
261
262
263
264
265
55
56
57
58
59
60
95
96
97
186
187
188
189
190
191
192
207
208
209
210
211
212
213
214
215
216
217
259
260
261
262
263
264
265
55
56
57
58
59
60
186
187
188
189
190
191
192
193
205
206
207
208
209
210
211
212
213
214
215
216
231
232
233
237
238
239
259
260
261
262
263
264
265
55
56
57
58
59
60
186
187
188
189
190
191
192
193
205
206
207
208
209
210
211
212
213
214
215
231
232
233
234
235
236
237
238
239
259
260
261
262
263
264
265
56
57
58
186
187
188
189
190
191
192
193
205
206
207
208
209
210
211
212
213
214
231
232
233
234
235
236
237
238
239
259
260
261
262
263
264
49
50
51
52
53
54
126
127
128
129
130
186
187
188
189
190
191
192
206
207
208
209
210
211
212
213
214
230
231
232
233
234
235
236
237
238
239
259
260
261
262
49
50
51
52
53
54
55
126
127
128
129
130
131
188
189
190
191
206
207
208
209
210
211
212
213
214
230
231
232
233
234
235
236
237
238
49
50
51
52
53
54
55
56
57
58
126
127
128
129
130
131
189
190
191
230
231
232
233
234
235
236
237
238
49
50
51
52
53
54
55
56
57
58
59
127
128
129
130
131
189
190
191
231
232
233
234
235
236
237
48
49
50
51
52
53
54
55
56
57
58
59
60
127
128
129
130
132
133
134
135
231
232
233
234
235
236
237
297
298
299
300
48
49
50
51
52
53
54
55
56
57
58
59
60
127
128
129
130
131
132
133
134
135
136
231
232
233
234
235
236
237
297
298
299
300
48
49
50
51
52
53
54
55
56
57
58
59
60
129
130
131
132
133
134
135
136
232
233
234
235
236
237
288
289
290
291
292
293
294
295
296
297
298
299
300
301
48
49
50
51
52
53
54
55
56
129
130
131
132
133
134
135
136
137
138
233
234
235
236
237
238
284
285
286
287
288
289
290
291
292
293
294
295
296
297
298
299
300
301
52
53
54
55
56
129
130
131
132
133
134
135
136
137
138
235
236
237
238
284
285
286
287
288
289
290
291
292
293
294
295
296
297
298
299
300
301
53
54
55
56
129
130
131
132
133
134
135
136
137
138
236
237
238
282
283
284
285
286
287
288
289
290
291
292
293
294
295
296
297
298
299
300
301
316
317
318
319
129
130
131
134
135
136
137
282
283
284
285
286
287
288
289
290
291
292
293
294
295
296
297
298
299
300
301
316
317
318
319
134
135
136
137
282
283
284
285
286
287
288
289
290
291
292
293
294
295
296
297
298
299
300
301
302
303
304
305
316
317
318
319
135
136
137
281
282
283
284
285
286
287
288
289
290
291
292
293
294
295
296
297
298
299
300
301
302
303
304
305
314
315
316
317
318
281
282
283
284
285
286
287
288
289
290
291
292
293
294
295
296
297
298
299
300
301
302
303
304
305
313
314
315
316
317
318
319
278
279
280
281
282
283
284
285
286
287
288
289
290
291
292
293
294
295
296
297
298
299
300
301
302
303
304
305
313
314
315
316
317
318
319
247
248
249
278
279
280
281
282
283
284
285
286
287
288
289
290
291
292
293
294
295
296
297
298
299
300
301
302
303
304
313
314
315
316
317
318
319
245
246
247
248
249
278
279
280
281
282
283
284
285
286
287
288
289
290
291
292
293
294
295
296
297
298
299
300
301
302
303
304
313
314
315
316
317
318
319
245
246
247
248
249
279
280
281
282
283
284
285
286
287
288
289
290
291
292
293
294
295
296
297
298
299
300
301
302
303
304
313
314
315
316
317
318
215
216
217
245
246
247
248
249
279
280
281
282
283
284
285
286
287
288
289
290
291
292
293
294
295
296
297
298
299
300
301
302
303
304
316
317
318
214
215
216
217
245
246
247
248
249
279
280
281
282
283
284
285
286
287
288
289
290
291
292
293
294
295
296
297
300
301
302
303
304
305
316
317
318
214
215
216
217
280
281
282
283
284
285
286
287
288
289
290
291
292
293
294
295
302
303
304
305
213
214
215
216
217
246
247
248
278
279
280
281
282
283
284
285
286
287
288
289
290
291
292
293
294
295
302
303
304
305
306
307
308
309
310
312
313
314
213
214
215
216
217
243
244
245
246
247
248
249
250
251
252
278
279
280
281
282
283
284
285
286
287
288
289
291
292
293
302
303
304
305
306
307
308
309
310
311
312
313
314
209
210
211
212
213
214
215
216
217
242
243
244
245
246
247
248
249
250
251
252
278
279
280
281
282
283
284
285
286
287
288
289
290
291
292
293
303
304
305
306
307
308
309
310
311
312
313
314
208
209
210
211
212
213
214
215
216
217
242
243
244
245
246
247
248
249
250
251
252
278
279
280
281
282
283
284
285
286
287
288
289
290
291
292
302
303
304
305
306
307
308
309
310
311
312
313
314
208
209
210
211
212
213
214
215
216
217
218
219
242
243
244
245
246
247
248
249
250
251
252
279
280
281
282
283
284
285
286
287
288
289
290
291
292
301
302
303
304
305
306
307
308
309
310
311
312
313
314
315
316
208
209
210
211
212
213
214
215
216
217
218
219
242
243
244
245
246
247
249
250
251
252
280
281
282
283
284
285
286
287
288
289
290
291
292
293
301
302
303
304
305
306
307
308
309
310
311
312
313
314
315
316
72
73
74
75
76
210
211
212
213
214
215
216
217
218
219
222
223
224
242
243
244
245
246
247
248
249
250
251
280
281
282
283
284
285
286
287
288
289
290
291
292
293
294
301
302
303
304
305
306
307
308
309
310
311
312
313
314
315
316
317
318
319
26
27
28
71
72
73
74
75
76
210
211
212
213
214
215
216
222
223
224
242
243
244
245
246
247
248
249
250
251
252
253
254
280
281
282
283
284
285
286
287
288
289
290
291
292
293
294
302
303
304
305
306
307
308
309
310
311
312
313
314
315
316
317
318
319
26
27
28
29
30
71
72
73
74
75
76
210
211
212
213
214
215
216
218
219
220
221
222
223
224
242
243
244
245
246
247
248
249
250
251
252
253
254
280
281
282
283
284
285
286
287
288
289
290
291
292
293
294
303
304
305
306
307
308
309
310
311
312
313
314
315
316
317
318
319
26
27
28
29
30
71
72
73
211
212
213
218
219
220
221
222
223
224
225
242
243
244
245
246
247
248
249
250
251
252
253
254
255
280
281
282
283
284
285
286
287
288
289
290
291
303
304
305
306
307
308
309
310
311
312
313
314
315
316
317
318
319
27
28
29
30
218
219
220
221
222
223
224
225
242
243
244
245
246
247
248
249
250
251
252
253
254
255
256
283
284
285
288
289
290
291
303
304
305
306
307
308
309
310
311
312
313
314
315
316
325
326
327
328
329
330
331
332
27
28
29
219
220
221
222
223
224
225
242
243
244
245
246
247
248
249
250
251
252
253
254
255
256
305
306
307
308
309
310
311
312
313
314
315
316
324
325
326
327
328
329
330
331
332
27
28
29
219
220
221
222
223
224
225
243
244
245
246
247
248
249
250
251
252
253
254
255
256
305
306
307
308
309
310
311
312
313
314
315
316
323
324
325
326
327
328
329
330
331
332
219
220
221
222
223
224
242
243
244
245
246
247
248
249
250
251
252
253
254
255
256
306
307
308
309
310
311
312
313
314
315
323
324
325
326
327
328
329
330
219
220
221
222
223
242
243
244
245
246
247
248
249
250
251
252
253
254
255
256
257
258
308
309
310
311
312
313
323
324
325
326
327
328
329
330
219
220
221
222
223
242
243
244
245
246
247
248
249
255
256
257
258
310
311
312
313
327
328
329
330
217
218
219
220
221
222
223
255
256
257
258
216
217
218
219
220
221
222
216
217
218
219
220
221
222
286
287
288
181
182
183
184
185
216
217
218
219
220
284
285
286
287
288
181
182
183
184
185
217
218
219
220
281
282
283
284
285
286
287
288
16
17
18
19
20
181
182
183
184
185
281
282
283
284
285
286
287
288
16
17
18
19
20
181
182
183
184
185
281
282
283
284
285
286
287
288
289
290
291
15
16
17
18
19
20
177
178
179
180
181
182
183
184
281
282
283
284
285
286
287
288
289
290
291
14
15
16
17
18
19
20
177
178
179
180
181
182
183
184
281
282
283
284
285
286
287
288
289
290
291
14
15
16
17
18
19
20
35
36
37
38
177
178
179
180
181
182
183
184
281
282
283
284
285
286
287
288
289
290
291
14
15
16
17
18
19
20
35
36
37
38
39
177
178
179
180
181
182
183
184
286
287
288
289
290
291
14
15
16
17
18
19
20
35
36
37
38
39
40
177
178
179
180
181
182
183
286
287
288
289
290
17
18
19
20
35
36
37
38
39
40
177
178
179
180
181
182
286
287
288
289
290
17
18
19
35
36
37
38
39
40
177
178
179
180
181
288
289
290
35
36
37
38
39
177
178
179
180
181
36
37
38
39
177
178
179
36
37
38
78
79
80
81
82
83
84
77
78
79
80
81
82
83
84
77
78
79
80
81
82
83
84
85
77
78
79
80
81
82
83
84
85
86
75
76
77
78
79
80
81
82
83
84
85
86
72
73
74
75
76
77
78
79
80
81
82
83
84
85
86
252
253
254
255
72
73
74
75
76
77
78
79
80
81
82
83
189
190
191
192
193
252
253
254
255
71
72
73
74
75
76
77
78
79
80
81
178
179
180
189
190
191
192
193
194
195
196
197
198
251
252
253
254
255
70
71
72
73
74
75
76
77
78
79
80
157
158
159
178
179
180
181
183
184
185
189
190
191
192
193
194
195
196
197
198
248
249
250
251
252
253
254
69
70
71
72
73
74
75
76
77
78
79
80
122
123
124
155
156
157
158
159
160
176
177
178
179
180
181
182
183
184
185
190
191
192
193
194
195
196
197
198
246
247
248
249
250
251
252
253
254
255
256
257
69
70
71
72
73
74
75
76
77
78
79
80
81
82
118
119
120
121
122
123
124
155
156
157
158
159
160
176
177
178
179
180
181
182
183
184
185
190
191
192
193
194
195
196
197
198
246
247
248
249
250
251
252
253
254
255
256
257
69
70
71
72
73
74
75
76
77
78
79
80
81
82
118
119
120
121
122
123
124
155
156
157
158
159
160
176
177
178
179
180
181
182
183
184
185
186
190
191
192
193
194
195
196
239
240
241
242
243
244
245
246
247
248
249
250
251
252
253
254
255
256
257
70
71
72
73
76
77
78
79
80
81
82
118
119
120
121
122
123
124
125
126
155
156
157
158
159
160
176
177
178
179
180
181
182
183
184
185
186
187
191
192
193
239
240
241
242
243
244
245
246
247
248
249
250
251
252
253
254
255
256
257
78
79
80
118
119
120
121
122
123
124
125
126
154
155
156
157
158
159
175
176
177
178
179
180
181
182
183
184
185
186
187
236
237
238
239
240
241
242
243
244
245
246
247
248
249
250
251
252
253
254
255
256
257
118
119
120
121
122
123
124
125
126
127
128
129
154
155
156
157
158
159
172
173
174
175
176
177
178
179
180
181
182
183
184
185
186
187
236
237
238
239
240
241
242
243
244
245
246
247
248
249
250
251
252
253
254
255
256
118
119
120
121
122
123
124
125
126
127
128
129
130
131
132
154
155
156
157
158
159
172
173
174
175
176
177
178
179
180
181
182
183
184
185
186
187
236
237
238
239
240
241
242
243
244
245
246
247
248
249
250
251
252
253
254
255
118
119
120
121
122
123
124
125
126
127
128
129
130
131
132
154
155
156
157
158
159
172
173
174
175
176
177
178
179
180
181
182
183
184
185
186
187
238
239
240
241
242
243
244
245
246
247
248
249
250
251
252
253
254
255
256
258
259
260
261
118
119
120
121
122
123
124
125
126
127
128
129
130
131
132
133
134
135
155
156
157
158
172
173
174
175
176
177
178
179
180
181
182
183
184
185
186
187
188
238
239
240
241
242
243
244
245
246
247
248
249
250
251
252
253
254
255
256
257
258
259
260
261
118
119
120
121
122
123
124
125
126
127
128
129
130
131
132
133
134
135
172
173
174
175
176
177
178
179
180
181
182
183
184
185
186
187
188
238
239
240
241
242
243
244
245
246
247
248
249
250
251
252
253
254
255
256
257
258
259
260
261
118
119
120
121
122
123
124
125
126
127
128
129
130
131
132
133
134
135
173
174
175
176
177
178
179
180
181
182
183
184
185
186
187
188
238
239
240
241
242
243
244
245
246
247
248
249
250
251
252
253
254
255
256
257
258
259
260
261
262
118
119
120
121
122
123
124
125
126
127
128
129
130
131
132
133
134
173
174
175
176
177
178
179
180
181
182
183
184
185
239
240
241
242
243
244
245
246
247
248
249
250
253
254
255
256
257
258
259
260
261
262
263
67
68
69
74
75
76
120
121
122
123
124
125
126
127
128
129
130
131
132
133
134
173
174
175
176
177
178
179
180
181
182
183
184
185
240
241
242
243
244
245
246
247
248
249
253
254
255
256
257
258
259
260
261
262
263
67
68
69
70
71
72
73
74
75
76
77
121
122
123
124
125
126
127
128
129
130
131
132
133
134
175
176
177
178
179
180
181
182
183
184
185
239
240
241
242
243
244
245
246
247
253
254
255
256
257
258
259
260
261
262
263
264
67
68
69
70
71
72
73
74
75
76
77
122
123
124
125
126
127
128
129
130
131
132
133
134
176
177
178
179
180
181
183
184
185
239
240
241
242
243
244
245
246
252
253
254
255
256
257
258
259
260
261
262
263
264
265
67
68
69
70
71
72
73
74
75
76
77
132
133
134
176
177
178
179
180
181
239
240
241
242
243
244
245
246
252
253
254
255
256
257
258
259
260
261
262
263
264
265
65
66
67
68
69
70
71
72
73
74
75
76
176
177
178
179
180
181
226
227
228
251
252
253
254
255
256
260
261
262
263
264
265
65
66
67
68
69
70
71
72
73
74
75
76
77
78
79
226
227
228
229
251
252
253
254
255
256
65
66
67
68
69
70
71
72
73
74
75
76
77
78
79
226
227
228
229
251
252
253
66
67
68
69
70
71
72
73
74
75
76
77
78
79
226
227
228
229
66
67
68
69
70
71
72
73
74
75
76
77
78
79
66
67
68
69
70
71
72
73
74
75
76
77
78
79
67
68
69
70
71
72
73
74
75
76
77
78
79
67
68
69
70
71
72
73
74
75
76
77
78
79
68
69
70
71
72
73
74
75
76
77
78
79
80
81
72
73
74
75
76
77
78
79
80
81
92
93
94
293
294
295
72
73
74
75
76
77
78
79
80
81
92
93
94
95
293
294
295
72
73
74
75
76
77
78
79
80
81
82
92
93
94
95
96
97
98
99
100
101
102
291
292
293
294
295
73
74
75
76
77
78
79
80
81
82
92
93
94
95
96
97
98
99
100
101
102
103
163
164
165
243
244
245
291
292
293
294
295
52
53
54
73
74
75
76
77
78
79
80
81
82
92
93
94
95
96
97
98
99
100
101
102
103
161
162
163
164
165
243
244
245
246
247
248
291
292
293
294
48
49
50
51
52
53
54
70
71
72
73
74
75
76
77
78
79
80
81
92
93
94
95
96
97
98
99
100
101
102
103
160
161
162
163
164
165
243
244
245
246
247
248
249
291
292
293
294
48
49
50
51
52
53
54
70
71
72
73
74
75
76
77
78
79
80
95
96
97
98
99
100
101
102
160
161
162
163
164
165
245
246
247
248
249
292
293
294
295
48
49
50
51
52
53
70
71
72
73
74
75
76
77
78
79
80
81
82
83
84
95
96
97
98
99
100
101
102
160
161
162
163
164
165
243
244
245
246
247
248
249
250
292
293
294
295
49
50
51
52
72
73
74
75
76
77
78
79
80
81
82
83
84
97
98
99
100
101
102
159
160
161
162
163
242
243
244
245
246
247
248
249
250
292
293
294
295
49
50
51
72
73
74
75
76
77
78
79
80
81
82
83
84
159
160
161
162
163
242
243
244
245
246
247
248
249
250
293
294
295
75
76
77
78
79
80
81
82
83
159
160
161
242
243
244
245
246
247
248
249
250
251
293
294
295
75
76
77
78
79
80
81
82
241
242
243
244
245
246
247
248
249
250
251
76
77
78
79
237
238
239
241
242
243
244
245
246
247
248
249
250
251
76
77
78
79
236
237
238
239
240
241
242
243
244
245
246
247
248
249
250
236
237
238
239
240
241
242
243
244
245
246
247
248
249
250
236
237
238
239
240
241
242
243
244
245
246
247
248
249
250
236
237
238
239
240
241
242
243
244
245
246
247
248
249
236
237
238
242
243
244
245
246
242
243
244
245
243
244
245
126
127
128
124
125
126
127
128
124
125
126
127
128
124
125
126
127
128
129
125
126
127
128
129
125
126
127
128
129
126
127
128
146
147
148
149
150
145
146
147
148
149
150
151
104
105
106
107
108
109
145
146
147
148
149
150
151
104
105
106
107
108
109
110
111
112
113
114
145
146
147
148
149
150
151
152
153
154
104
105
106
107
108
109
110
111
112
113
114
115
116
145
146
147
148
149
150
151
152
153
154
104
105
106
107
108
109
110
111
112
113
114
115
116
117
145
146
147
148
149
150
151
152
153
154
104
105
106
107
108
109
110
111
112
113
114
115
116
117
118
119
145
146
147
148
106
107
108
109
110
111
112
113
114
115
116
117
118
119
254
255
256
106
107
108
109
110
111
112
113
114
115
116
117
118
119
121
122
123
253
254
255
256
257
108
109
110
111
112
113
114
115
116
117
118
119
120
121
122
123
248
249
250
253
254
255
256
257
51
52
53
54
55
106
107
108
109
110
111
112
113
114
115
116
117
118
119
120
121
122
123
247
248
249
250
251
252
253
254
255
256
257
50
51
52
53
54
55
56
100
101
102
106
107
108
109
110
111
112
113
114
115
116
117
118
119
120
121
122
123
247
248
249
250
251
252
253
254
255
50
51
52
53
54
55
56
57
58
100
101
102
106
107
108
109
110
111
112
113
114
115
116
117
118
119
120
121
247
248
249
250
251
252
253
254
255
256
50
51
52
53
54
55
56
57
58
59
100
101
102
103
107
108
109
110
111
112
113
114
115
116
117
118
119
120
121
246
247
248
249
250
251
252
253
254
255
256
257
50
51
52
53
54
55
56
57
58
59
60
61
62
100
101
102
103
104
107
108
109
110
111
112
113
114
115
116
117
118
119
120
121
246
247
248
249
250
251
252
253
254
255
256
257
258
49
50
51
52
53
54
55
56
57
58
59
60
61
62
98
99
100
101
102
103
104
105
106
108
109
110
111
112
113
114
115
116
117
118
119
120
246
247
248
249
250
251
252
253
254
255
256
257
258
259
49
50
51
52
53
54
55
56
57
58
59
60
61
62
98
99
100
101
102
103
104
105
106
109
110
111
112
114
115
116
117
118
119
212
213
214
217
218
219
246
247
248
249
250
251
252
253
254
255
256
257
258
259
271
272
273
49
50
51
52
53
54
55
56
57
58
59
60
61
62
98
99
100
101
102
103
104
105
106
109
110
111
115
116
117
118
119
212
213
214
215
216
217
218
219
220
251
252
253
254
255
256
257
258
259
271
272
273
274
275
276
281
282
283
284
26
27
28
29
30
31
49
50
51
52
53
54
55
56
57
58
59
60
61
98
99
100
101
102
103
104
115
116
117
212
213
214
215
216
217
218
219
220
221
252
253
254
255
256
271
272
273
274
275
276
277
278
281
282
283
284
285
286
26
27
28
29
30
31
49
50
51
52
53
54
55
56
57
58
59
60
61
98
99
100
101
102
103
104
213
214
215
216
217
218
219
220
221
252
253
254
255
256
271
272
273
274
275
276
277
278
281
282
283
284
285
286
26
27
28
29
30
31
49
50
51
52
53
54
55
56
57
58
59
60
61
214
215
216
217
218
219
220
221
222
223
252
253
254
255
256
272
273
274
275
276
277
278
281
282
283
284
285
286
25
26
27
28
29
30
31
52
53
54
55
56
57
58
59
60
61
75
76
77
123
124
125
212
213
214
215
216
217
218
219
220
221
222
223
253
254
255
272
273
274
275
276
282
283
284
285
24
25
26
27
28
29
30
31
52
53
54
55
56
74
75
76
77
123
124
125
126
127
128
129
212
213
214
215
216
217
218
219
220
221
222
223
272
273
274
282
283
284
24
25
26
27
28
29
30
31
73
74
75
76
77
123
124
125
126
127
128
129
212
213
214
215
216
217
219
220
221
222
223
24
25
26
27
28
29
30
31
73
74
75
76
77
122
123
124
125
126
127
128
129
212
213
214
215
216
217
219
220
221
222
223
24
25
26
27
28
29
30
31
32
73
74
75
76
122
123
124
125
126
127
128
129
130
131
212
213
214
215
216
217
218
219
220
221
222
223
24
25
26
27
28
29
30
31
32
72
73
74
75
76
77
122
123
124
125
126
127
128
129
130
131
132
133
184
185
186
187
211
212
213
214
215
216
217
218
219
220
221
222
223
224
24
25
26
27
28
29
30
31
32
72
73
74
75
76
77
125
126
127
128
129
130
131
132
133
183
184
185
186
187
211
212
213
214
215
216
217
218
219
220
221
222
223
224
24
25
26
27
28
29
30
31
32
33
72
73
74
75
76
77
125
126
127
128
129
130
131
132
133
183
184
185
186
187
188
211
212
213
214
215
216
217
218
219
220
221
222
223
224
225
24
25
26
27
28
29
30
31
32
33
73
74
75
76
77
125
126
127
128
129
130
131
132
183
184
185
186
187
188
211
212
213
214
215
216
217
218
219
220
221
222
223
224
225
27
28
29
30
31
32
33
74
75
76
77
126
127
128
129
130
184
185
186
187
188
211
212
213
214
215
216
217
218
219
220
221
222
223
224
225
28
29
30
31
32
211
212
213
214
215
216
217
218
219
220
221
222
223
224
225
211
212
213
214
215
216
217
218
219
220
221
222
223
211
212
213
214
215
216
217
218
219
220
221
222
204
205
206
209
210
211
212
213
214
215
216
217
218
219
220
221
222
204
205
206
207
208
209
210
211
213
214
215
216
217
218
219
220
221
222
204
205
206
207
208
209
210
211
213
214
215
216
217
218
219
220
205
206
207
208
209
210
216
217
218
219
204
205
206
207
208
209
210
216
217
218
219
103
104
105
204
205
206
207
208
209
210
216
217
218
100
101
102
103
104
105
106
107
108
201
202
203
204
205
206
207
208
209
210
211
212
100
101
102
103
104
105
106
107
108
198
199
200
201
202
203
204
205
206
207
208
209
210
211
212
99
100
101
102
103
104
105
106
107
108
198
199
200
201
202
203
204
205
206
207
208
209
210
211
212
99
100
101
102
103
104
105
106
107
108
198
199
200
201
202
203
204
205
206
207
208
209
210
211
212
99
100
101
102
103
104
105
106
107
108
198
199
200
201
202
203
204
205
206
207
208
209
210
211
212
103
104
105
106
107
108
198
199
200
201
202
203
204
205
206
207
208
209
103
104
105
106
107
108
198
199
200
201
202
203
204
205
206
207
208
209
106
107
108
201
202
203
204
205
206
207
208
209
106
107
108
201
202
203
207
208
209
207
208
209
279
280
281
276
277
278
279
280
281
282
274
275
276
277
278
279
280
281
282
283
284
285
286
287
288
274
275
276
277
278
279
280
281
282
283
284
285
286
287
288
289
150
151
152
153
154
155
245
246
247
248
249
274
275
276
277
278
279
280
281
282
283
284
285
286
287
288
289
150
151
152
153
154
155
243
244
245
246
247
248
249
274
275
276
277
278
279
280
281
282
283
284
285
286
287
288
289
150
151
152
153
154
155
156
157
241
242
243
244
245
246
247
248
249
274
275
276
277
278
279
280
281
282
283
284
285
286
287
288
289
151
152
153
154
155
156
157
158
159
160
161
241
242
243
244
245
246
247
248
274
275
276
277
278
279
280
281
282
283
284
285
286
287
151
152
153
154
155
156
157
158
159
160
161
162
241
242
243
244
245
246
247
275
276
277
278
279
280
281
282
283
284
285
286
287
151
152
153
154
155
156
157
158
159
160
161
162
241
242
243
244
245
246
275
276
277
278
279
280
281
282
283
284
285
286
151
152
153
154
155
156
157
158
159
160
161
162
242
243
244
245
246
275
276
277
278
279
280
281
282
283
284
42
43
44
45
46
47
151
152
153
154
155
156
157
158
159
160
161
242
243
244
245
246
275
276
277
278
279
280
281
282
42
43
44
45
46
47
151
152
153
154
155
156
157
158
159
160
161
242
243
244
245
246
278
279
280
281
282
283
42
43
44
45
46
47
154
155
156
157
158
159
160
212
213
214
242
243
244
245
280
281
282
283
42
43
44
45
46
154
155
156
157
158
159
211
212
213
214
215
216
280
281
282
283
44
45
46
155
156
157
158
159
211
212
213
214
215
216
156
157
158
159
211
212
213
214
215
216
211
212
213
214
215
216
213
214
215
46
47
48
49
50
43
44
45
46
47
48
49
50
43
44
45
46
47
48
49
50
43
44
45
46
47
48
49
50
51
43
44
45
46
47
48
49
50
51
44
45
46
47
48
49
50
51
44
45
46
47
48
49
50
43
44
45
46
47
48
49
50
51
43
44
45
46
47
48
49
50
51
43
44
45
46
47
48
49
50
51
43
44
45
46
47
48
49
50
188
189
190
191
192
43
44
45
46
47
48
49
50
188
189
190
191
192
305
306
307
308
309
45
46
47
48
49
50
188
189
190
191
192
305
306
307
308
309
310
45
46
47
48
49
50
51
189
190
191
305
306
307
308
309
310
311
312
313
314
45
46
47
48
49
50
51
306
307
308
309
310
311
312
313
314
46
47
48
49
50
51
307
308
309
310
311
312
313
314
44
45
46
47
48
49
50
51
307
308
309
310
311
312
313
314
44
45
46
47
48
49
50
51
307
308
309
310
311
312
313
314
315
316
317
318
43
44
45
46
47
48
49
307
308
309
310
311
313
314
315
316
317
318
319
320
321
43
44
45
46
47
311
312
313
314
315
316
317
318
319
320
321
43
44
45
46
47
311
312
313
314
315
316
317
318
319
320
321
43
44
45
46
47
311
312
313
314
315
316
317
318
319
320
321
322
323
43
44
45
46
47
311
312
313
314
315
316
317
318
319
320
321
322
323
44
45
46
311
312
313
314
315
316
317
318
319
320
321
322
323
312
313
314
315
316
317
318
319
320
321
322
23
24
25
99
100
101
102
103
104
105
106
107
312
313
314
315
316
317
318
319
23
24
25
26
27
98
99
100
101
102
103
104
105
106
107
108
109
110
111
112
313
314
315
316
317
318
319
23
24
25
26
27
98
99
100
101
102
103
104
105
106
107
108
109
110
111
112
313
314
315
316
317
318
319
23
24
25
26
27
98
99
100
101
102
103
104
105
106
107
108
109
110
111
112
179
180
181
313
314
315
316
23
24
25
26
97
98
99
100
101
102
103
104
105
106
107
108
109
110
111
112
178
179
180
181
313
314
315
316
23
24
25
96
97
98
99
100
101
102
103
104
105
106
107
108
109
110
111
112
176
177
178
179
180
181
313
314
315
96
97
98
99
100
101
102
103
104
105
106
107
108
109
110
111
112
175
176
177
178
179
180
181
96
97
98
99
100
101
102
103
104
105
106
107
108
109
110
111
112
175
176
177
178
179
180
181
182
96
97
98
99
100
101
102
103
104
105
106
107
108
109
110
111
112
113
175
176
177
178
179
180
181
182
183
96
97
98
99
100
101
102
103
104
105
106
107
108
109
110
111
112
113
176
177
178
179
180
181
182
183
184
185
186
96
97
98
99
100
101
102
103
104
105
106
107
108
109
110
111
112
113
176
177
178
179
180
181
182
183
184
185
186
96
97
98
99
100
101
102
103
104
105
106
107
108
109
110
176
177
178
179
180
181
182
183
184
185
186
9
10
11
99
100
101
104
105
106
107
108
109
176
177
178
179
180
181
182
183
184
185
8
9
10
11
12
13
14
179
180
181
182
183
184
185
7
8
9
10
11
12
13
14
179
180
181
7
8
9
10
11
12
13
14
16
17
18
19
7
8
9
10
11
12
13
14
15
16
17
18
19
7
8
9
10
11
12
13
14
15
16
17
18
19
5
6
7
8
9
10
11
12
13
14
15
16
17
18
20
21
22
5
6
7
8
9
10
11
12
13
14
15
16
17
18
19
20
21
22
23
5
6
7
8
9
10
11
12
13
14
15
16
17
18
19
20
21
22
23
5
6
7
8
9
10
11
12
13
14
15
16
17
18
19
20
21
22
23
284
285
286
287
288
289
5
6
7
8
9
12
13
14
15
16
17
18
19
20
21
22
23
284
285
286
287
288
289
6
7
8
9
11
12
13
14
15
16
17
18
19
20
282
283
284
285
286
287
288
289
6
7
8
9
11
12
13
14
15
16
17
18
282
283
284
285
286
287
288
289
7
8
9
11
12
13
14
15
16
17
282
283
284
285
286
287
288