156
157
158
159
310
311
312
318
319
320
321
322
323
324
325
326
7
8
9
156
157
158
159
160
161
162
171
172
173
176
177
178
251
252
253
254
307
308
309
310
311
312
317
318
319
320
321
322
323
324
325
326
6
7
8
9
10
75
76
77
156
157
158
159
160
161
162
171
172
173
174
175
176
177
178
179
248
249
250
251
252
253
254
307
308
309
310
317
318
319
320
321
322
323
324
325
5
6
7
8
9
10
75
76
77
78
157
158
159
160
161
162
171
172
173
174
175
176
177
178
179
216
217
218
229
230
231
248
249
250
251
252
253
254
307
308
309
310
317
318
319
320
5
6
7
8
9
10
11
73
74
75
76
77
78
158
159
160
172
173
174
175
176
177
178
179
215
216
217
218
229
230
231
232
248
249
250
251
252
318
319
320
5
6
7
8
9
10
11
73
74
75
76
77
78
172
173
174
175
176
180
181
182
183
184
215
216
217
218
229
230
231
232
265
266
267
9
10
11
71
72
73
74
75
76
77
78
79
80
172
173
174
175
176
178
179
180
181
182
183
184
200
201
202
215
216
217
229
230
231
232
265
266
267
268
271
272
273
274
70
71
72
73
74
75
76
78
79
80
81
82
178
179
180
181
182
183
184
199
200
201
202
203
213
214
215
216
217
264
265
266
267
268
271
272
273
274
277
278
279
69
70
71
72
73
74
75
76
78
79
80
81
82
139
140
141
178
179
180
181
199
200
201
202
203
213
214
215
216
217
218
264
265
266
267
268
271
272
273
274
277
278
279
301
302
303
304
325
326
327
69
70
71
72
73
74
75
76
78
79
80
81
82
139
140
141
157
158
159
162
163
164
199
200
201
202
203
213
214
215
216
217
218
253
254
255
256
257
258
259
260
264
265
266
271
272
273
277
278
279
301
302
303
304
325
326
327
328
329
59
60
61
62
69
70
71
72
73
74
75
77
78
79
80
81
105
106
107
108
109
110
138
139
140
141
142
157
158
159
160
161
162
163
164
199
200
201
202
213
214
215
216
217
218
253
254
255
256
257
258
259
260
261
264
265
266
277
278
279
280
281
301
302
303
304
307
308
309
325
326
327
328
329
330
331
332
333
58
59
60
61
62
63
69
70
71
72
73
77
78
79
80
81
105
106
107
108
109
110
138
139
140
141
142
157
158
159
160
161
162
163
164
199
200
201
202
203
214
215
216
217
218
252
253
254
255
256
257
258
259
260
261
279
280
281
282
294
295
296
297
301
302
303
304
307
308
309
326
327
328
329
330
331
332
333
9
10
11
58
59
60
61
62
63
69
70
71
72
73
74
77
78
79
80
81
105
106
107
108
109
110
138
139
140
141
142
158
159
160
161
162
163
199
200
201
202
203
247
248
249
252
253
254
255
256
257
258
259
260
261
279
280
281
282
294
295
296
297
301
302
303
307
308
309
310
314
315
316
326
327
328
329
330
331
332
333
9
10
11
12
58
59
60
61
62
63
72
73
74
105
106
107
108
114
115
116
117
137
138
139
140
158
159
160
161
162
172
173
174
175
201
202
203
230
231
232
247
248
249
252
253
254
255
256
257
258
259
260
261
280
281
282
294
295
296
297
298
299
301
302
303
304
305
307
308
309
310
313
314
315
316
326
327
328
8
9
10
11
12
59
60
61
62
63
72
73
74
105
106
107
113
114
115
116
117
137
138
139
140
154
155
156
158
159
160
161
172
173
174
175
221
222
223
226
227
228
230
231
232
245
246
247
248
249
252
253
254
255
256
257
258
295
296
297
298
299
301
302
303
304
305
308
309
310
313
314
315
316
6
7
8
9
10
11
12
60
61
62
63
105
106
107
112
113
114
115
116
117
130
131
132
137
138
139
154
155
156
157
158
159
160
172
173
174
175
176
221
222
223
224
225
226
227
228
229
230
231
232
245
246
247
248
249
250
251
254
255
256
257
258
295
296
297
298
299
302
303
304
305
313
314
315
316
317
318
319
6
7
8
9
10
11
12
105
106
107
108
112
113
114
115
130
131
132
133
134
154
155
156
157
158
159
160
173
174
175
176
221
222
223
224
225
226
227
228
229
230
231
232
244
245
246
247
249
250
251
252
254
255
256
257
258
259
296
297
298
317
318
319
320
6
7
8
9
10
11
12
34
35
36
105
106
107
108
112
113
114
115
130
131
132
133
134
155
156
157
158
162
163
164
165
166
167
168
169
172
173
174
175
176
222
223
224
225
226
227
228
229
230
244
245
246
247
248
249
250
251
252
255
256
257
258
259
290
291
292
293
294
296
297
298
316
317
318
319
320
7
8
9
10
11
33
34
35
36
37
38
39
105
106
107
108
131
132
133
134
153
154
155
156
157
158
162
163
164
165
166
167
168
169
172
173
174
175
176
222
223
224
225
228
229
230
231
244
245
246
247
248
249
250
251
252
253
254
255
256
257
258
259
290
291
292
293
294
316
317
318
319
320
321
4
5
6
7
8
9
10
11
12
33
34
35
36
37
38
39
105
106
107
152
153
154
155
156
157
158
162
163
164
165
166
167
168
169
172
173
174
175
176
227
228
229
230
231
244
245
246
247
248
249
250
251
253
254
255
257
258
259
262
263
264
265
288
289
290
291
292
293
294
314
315
316
317
318
319
320
321
3
4
5
6
7
8
9
10
11
12
16
17
18
19
30
31
32
33
34
35
36
37
38
39
62
63
64
152
153
154
155
156
157
158
162
163
164
165
166
167
168
172
173
174
175
176
177
222
223
224
225
227
228
229
230
231
244
245
246
247
248
253
254
255
257
258
259
262
263
264
265
287
288
289
290
291
314
315
316
317
318
319
320
321
322
1
2
3
4
5
6
7
8
9
10
11
12
13
14
15
16
17
18
19
22
23
24
30
31
32
33
34
35
36
37
38
39
60
61
62
63
64
70
71
72
73
150
151
152
153
154
155
156
157
158
164
165
166
167
168
172
173
174
175
176
177
221
222
223
224
225
227
228
229
261
262
263
264
265
287
288
289
290
291
314
315
316
317
318
319
320
321
322
1
2
3
4
5
6
7
8
9
10
11
12
13
14
15
16
17
18
19
22
23
24
30
31
32
33
34
35
36
37
38
39
60
61
62
63
64
70
71
72
73
150
151
152
153
154
155
174
175
176
177
221
222
223
224
225
261
262
263
287
288
289
290
316
317
318
319
320
321
322
1
2
3
4
5
6
7
8
9
10
11
12
13
14
15
16
17
22
23
24
25
26
30
31
32
34
35
36
37
38
39
60
61
62
63
64
70
71
72
73
74
150
151
152
153
154
155
221
222
223
261
262
263
272
273
274
288
289
290
319
320
321
322
4
5
6
7
8
9
10
11
12
13
14
15
16
22
23
24
25
26
70
71
72
73
74
149
150
151
152
153
154
155
156
157
272
273
274
319
320
321
322
323
2
3
4
5
6
9
10
11
12
13
14
15
16
22
23
24
25
26
70
71
72
73
74
148
149
150
151
152
153
154
155
156
157
269
270
271
272
273
274
320
321
322
323
0
1
2
3
4
14
15
16
17
68
69
70
71
72
148
149
150
151
152
153
154
155
156
157
260
261
262
263
269
270
271
272
278
279
280
320
321
322
323
0
1
2
3
4
14
15
16
17
68
69
70
71
72
148
149
150
151
152
153
154
155
156
157
260
261
262
263
269
270
271
272
278
279
280
281
320
321
322
323
324
0
1
2
3
15
16
17
68
69
70
71
72
112
113
114
149
150
151
152
153
154
155
156
157
158
181
182
183
184
185
246
247
248
260
261
262
263
274
275
276
278
279
280
281
320
321
322
323
324
68
69
70
112
113
114
115
149
150
151
152
153
154
155
156
157
158
159
181
182
183
184
185
186
187
215
216
217
246
247
248
249
250
260
261
262
273
274
275
276
278
279
280
281
320
321
322
323
324
112
113
114
115
151
152
153
156
157
158
159
181
182
183
184
185
186
187
215
216
217
227
228
229
246
247
248
249
250
251
252
272
273
274
275
276
278
279
280
321
322
323
113
114
115
121
122
123
156
157
158
159
182
183
184
185
186
187
214
215
216
217
225
226
227
228
229
248
249
250
251
252
272
273
274
275
113
114
115
121
122
123
124
125
126
184
185
186
187
214
215
216
217
223
224
225
226
227
228
229
250
251
252
272
273
274
275
20
21
22
121
122
123
124
125
126
214
215
216
223
224
225
226
227
228
229
273
274
275
327
328
329
20
21
22
122
123
124
125
126
223
224
225
226
227
228
229
327
328
329
20
21
22
23
123
124
125
126
127
227
228
229
291
292
293
326
327
328
329
20
21
22
23
99
100
101
124
125
126
127
282
283
284
285
289
290
291
292
293
326
327
328
329
20
21
22
23
98
99
100
101
125
126
127
281
282
283
284
285
286
289
290
291
292
293
326
327
328
329
3
4
5
6
7
20
21
22
23
98
99
100
101
117
118
119
274
275
276
281
282
283
284
285
286
289
290
291
292
293
3
4
5
6
7
20
21
22
23
97
98
99
100
113
114
115
117
118
119
273
274
275
276
277
281
282
283
284
285
286
3
4
5
6
7
21
22
23
39
40
41
97
98
99
112
113
114
115
116
117
118
119
120
121
122
273
274
275
276
277
278
279
280
281
282
283
284
285
286
3
4
5
39
40
41
97
98
99
100
101
110
111
112
113
114
115
116
117
118
119
120
121
122
273
274
275
276
277
278
279
280
281
282
283
284
285
301
302
303
3
4
5
39
40
41
98
99
100
101
110
111
112
113
114
115
116
117
118
119
120
121
122
155
156
157
253
254
255
256
275
276
277
278
279
280
281
282
301
302
303
304
39
40
41
42
98
99
100
101
110
111
112
113
114
115
116
117
118
155
156
157
158
253
254
255
256
273
274
275
276
277
278
279
280
281
282
300
301
302
303
304
305
326
327
328
39
40
41
42
113
114
115
116
117
118
155
156
157
158
253
254
255
256
257
273
274
275
278
279
280
281
282
300
301
302
303
304
305
306
313
314
315
316
326
327
328
40
41
42
114
115
116
117
154
155
156
157
158
172
173
174
175
254
255
256
257
262
263
264
273
274
275
278
279
280
281
282
283
300
301
302
303
304
305
306
312
313
314
315
316
324
325
326
327
328
329
330
114
115
116
154
155
156
157
158
172
173
174
175
177
178
179
186
187
188
225
226
227
255
256
257
262
263
264
265
266
267
268
278
279
280
281
282
283
300
301
302
303
304
305
306
311
312
313
314
315
316
324
325
326
327
328
329
330
10
11
12
14
15
16
114
115
116
117
118
119
154
155
156
157
158
171
172
173
174
175
177
178
179
180
181
185
186
187
188
209
210
211
225
226
227
228
229
230
262
263
264
265
266
267
268
269
270
271
278
279
280
281
282
283
302
303
304
305
310
311
312
313
314
315
324
325
326
327
328
329
330
10
11
12
13
14
15
16
115
116
117
118
119
171
172
173
177
178
179
180
181
185
186
187
188
196
197
198
199
200
209
210
211
212
213
225
226
227
228
229
230
231
250
251
252
262
263
264
265
266
267
268
269
270
271
272
288
289
290
310
311
312
313
314
324
325
326
327
328
10
11
12
13
14
15
16
115
116
117
118
119
171
172
173
178
179
180
181
185
186
187
188
196
197
198
199
200
209
210
211
212
213
226
227
228
229
230
231
250
251
252
263
264
265
267
268
269
270
271
272
288
289
290
310
311
312
313
314
325
326
327
328
10
11
12
13
14
15
28
29
30
115
116
117
118
119
185
186
187
193
194
195
196
197
198
199
200
201
211
212
213
227
228
229
230
231
247
248
249
250
251
252
270
271
272
287
288
289
290
291
312
313
314
326
327
328
11
12
13
14
15
16
17
24
25
26
27
28
29
30
62
63
64
65
66
115
116
117
118
119
193
194
195
196
197
198
199
200
201
211
212
213
227
228
229
230
231
232
247
248
249
250
251
252
287
288
289
290
291
292
311
312
313
314
13
14
15
16
17
24
25
26
27
28
29
30
61
62
63
64
65
66
67
90
91
92
94
95
96
116
117
118
119
193
194
195
196
197
198
199
200
201
222
223
224
229
230
231
232
233
234
235
247
248
249
250
251
287
288
289
290
291
292
311
312
313
314
14
15
16
17
24
25
26
27
28
29
30
61
62
63
64
65
66
67
90
91
92
94
95
96
115
116
117
118
119
152
153
154
155
156
157
193
194
195
196
198
199
200
201
221
222
223
224
229
230
231
232
233
234
235
249
250
251
288
289
290
291
292
297
298
299
300
311
312
313
314
15
16
17
25
26
27
28
29
30
61
62
63
64
65
66
67
88
89
90
91
92
93
94
95
96
97
98
99
115
116
117
118
151
152
153
154
155
156
157
193
194
195
196
221
222
223
224
225
226
227
230
231
232
233
234
235
249
250
251
288
289
290
291
292
297
298
299
300
306
307
308
311
312
313
314
61
62
63
88
89
90
93
94
95
96
97
98
99
115
116
117
151
152
153
154
155
156
157
172
173
174
194
195
196
197
198
199
200
221
222
223
224
225
226
227
228
231
232
233
234
235
287
288
289
290
291
292
297
298
299
300
301
302
303
305
306
307
308
311
312
313
314
88
89
90
91
93
94
95
96
97
98
99
151
152
153
154
155
156
157
158
159
172
173
174
195
196
197
198
199
200
223
224
225
226
227
228
232
233
234
281
282
283
284
285
286
287
288
289
290
297
298
299
301
302
303
304
305
306
307
308
310
311
312
313
314
34
35
36
87
88
89
90
91
94
95
96
97
98
99
152
153
154
155
156
157
158
159
172
173
174
175
176
177
178
179
195
196
197
198
199
200
224
225
226
227
228
281
282
283
284
285
286
287
288
289
290
291
292
300
301
302
303
304
305
306
307
308
310
311
312
313
32
33
34
35
36
86
87
88
89
90
91
97
98
99
155
156
157
158
159
174
175
176
177
178
179
195
196
197
198
199
200
201
202
203
204
225
226
227
228
229
244
245
246
279
280
281
282
283
284
285
286
287
288
289
290
291
292
293
300
301
302
303
304
305
306
307
308
310
311
312
313
30
31
32
33
34
35
36
85
86
87
88
89
155
156
157
158
174
175
176
177
178
179
183
184
185
186
187
198
199
200
201
202
203
204
224
225
226
227
228
229
244
245
246
247
279
280
281
282
283
284
285
286
287
288
289
290
291
292
293
300
301
302
303
304
305
306
307
308
311
312
313
30
31
32
33
34
35
85
86
87
88
177
178
179
183
184
185
186
187
199
200
201
202
203
204
224
225
226
227
228
229
244
245
246
247
248
249
250
251
279
280
281
284
285
286
287
288
289
290
291
292
293
300
301
302
303
304
305
11
12
13
20
21
22
23
30
31
32
33
34
35
59
60
61
62
85
86
87
148
149
150
183
184
185
186
187
224
225
226
227
245
246
247
248
249
250
251
284
285
286
287
288
289
296
297
298
303
304
305
8
9
10
11
12
13
20
21
22
23
59
60
61
62
126
127
128
148
149
150
151
180
181
182
184
185
186
243
244
245
246
247
248
249
250
251
277
278
279
284
285
286
287
288
289
296
297
298
299
7
8
9
10
11
12
13
19
20
21
22
23
59
60
61
62
126
127
128
129
148
149
150
151
180
181
182
183
184
185
186
243
244
245
246
247
248
249
277
278
279
287
288
289
292
293
294
296
297
298
299
7
8
9
10
11
12
19
20
21
22
23
59
60
61
62
126
127
128
129
148
149
150
151
180
181
182
183
184
185
186
243
244
245
246
247
248
249
277
278
279
280
292
293
294
295
296
297
298
299
7
8
9
10
11
19
20
21
22
23
59
60
61
62
122
123
124
125
126
127
128
129
180
181
182
183
184
185
186
212
213
214
215
236
237
238
244
245
246
247
248
249
278
279
280
281
292
293
294
295
296
297
298
299
59
60
61
62
63
68
69
70
73
74
75
111
112
113
122
123
124
125
126
127
128
129
177
178
179
180
181
182
183
184
185
186
211
212
213
214
215
235
236
237
238
244
245
246
247
248
249
250
251
278
279
280
281
292
293
294
295
296
298
299
300
301
16
17
18
19
61
62
63
68
69
70
73
74
75
111
112
113
122
123
124
125
126
127
128
129
130
131
132
133
134
135
177
178
179
182
183
184
185
211
212
213
214
215
235
236
237
238
245
246
247
248
249
250
251
279
280
281
292
293
294
295
296
298
299
300
301
16
17
18
19
61
62
63
68
69
70
71
72
73
74
75
111
112
113
114
115
123
124
125
126
130
131
132
133
134
135
177
178
179
180
201
202
203
204
211
212
213
214
235
236
237
238
246
247
248
249
250
251
268
269
270
279
280
281
292
293
294
295
296
298
299
300
301
16
17
18
19
27
28
29
68
69
70
71
72
73
108
109
110
112
113
114
115
123
124
125
126
130
131
132
133
134
135
177
178
179
180
181
201
202
203
204
205
211
212
213
214
235
236
237
268
269
270
271
298
299
300
16
17
18
27
28
29
30
69
70
71
72
73
108
109
110
111
112
113
114
115
116
117
118
119
121
122
123
124
125
126
127
131
132
133
134
159
160
161
178
179
180
181
201
202
203
204
205
268
269
270
271
27
28
29
30
31
32
33
106
107
108
109
110
111
112
113
114
115
116
117
118
119
121
122
123
124
125
126
127
158
159
160
161
162
179
180
181
200
201
202
203
204
205
229
230
231
269
270
271
27
28
29
30
31
32
33
34
35
105
106
107
108
109
110
111
112
113
114
115
116
117
118
119
121
122
123
124
125
126
127
157
158
159
160
161
162
200
201
202
203
204
205
229
230
231
269
270
271
31
32
33
34
35
105
106
107
108
109
110
111
112
113
114
115
116
117
157
158
159
160
161
162
200
201
202
203
208
209
210
211
218
219
220
229
230
231
232
32
33
34
35
105
106
107
108
109
110
111
112
113
114
115
116
117
121
122
123
124
157
158
159
160
208
209
210
211
216
217
218
219
220
229
230
231
232
233
108
109
110
111
112
113
114
115
116
117
121
122
123
124
208
209
210
211
216
217
218
219
220
230
231
232
233
293
294
295
111
112
113
114
115
116
117
121
122
123
124
208
209
210
216
217
218
219
231
232
233
293
294
295
111
112
113
114
115
116
117
122
123
124
216
217
218
219
220
221
285
286
287
291
292
293
294
295
111
112
113
114
115
116
140
141
142
143
144
145
163
164
165
166
167
217
218
219
220
221
283
284
285
286
287
288
290
291
292
293
294
295
107
108
109
110
111
112
113
114
115
139
140
141
142
143
144
145
163
164
165
166
167
219
220
221
240
241
242
283
284
285
286
287
288
289
290
291
292
293
106
107
108
109
110
111
112
139
140
141
142
143
144
145
163
164
165
166
167
240
241
242
283
284
285
286
287
288
289
290
291
292
293
106
107
108
109
110
111
112
139
140
141
142
143
144
145
163
164
165
186
187
188
230
231
232
233
234
239
240
241
242
243
287
288
289
290
291
292
293
105
106
107
108
109
110
111
183
184
185
186
187
188
230
231
232
233
234
235
237
238
239
240
241
242
243
289
290
291
105
106
107
108
109
110
133
134
135
183
184
185
186
187
188
213
214
215
216
230
231
232
233
234
235
237
238
239
240
241
242
243
101
102
103
104
105
106
107
133
134
135
136
183
184
185
186
187
188
211
212
213
214
215
216
230
231
232
233
234
235
236
237
238
239
240
241
242
243
100
101
102
103
104
105
106
107
133
134
135
136
184
185
186
187
188
211
212
213
214
215
216
231
232
233
234
235
236
237
238
239
240
241
242
243
65
66
67
68
69
100
101
102
103
104
105
106
107
108
109
110
111
133
134
135
136
185
186
187
188
211
212
213
214
215
216
218
219
220
231
232
233
234
235
236
237
238
239
241
242
243
267
268
269
31
32
33
34
61
62
63
65
66
67
68
69
95
96
97
100
101
102
103
104
105
106
107
108
109
110
111
124
125
126
127
186
187
188
212
213
214
218
219
220
231
232
233
234
235
236
237
238
239
266
267
268
269
270
271
316
317
318
319
320
321
30
31
32
33
34
61
62
63
64
65
66
67
68
69
95
96
97
98
99
100
101
102
103
104
105
106
107
108
109
110
111
124
125
126
127
218
219
220
232
233
234
235
236
237
238
239
266
267
268
269
270
271
272
273
274
315
316
317
318
319
320
321
4
5
6
7
30
31
32
33
34
61
62
63
64
65
66
67
68
69
85
86
87
88
95
96
97
98
99
100
101
102
103
104
105
106
107
108
109
110
123
124
125
126
127
139
140
141
218
219
220
221
222
223
233
234
235
236
237
238
239
266
267
268
269
270
271
272
273
274
315
316
317
318
319
320
321
4
5
6
7
24
25
26
30
31
32
33
61
62
63
64
65
66
67
68
69
70
71
85
86
87
88
89
96
97
98
99
101
102
103
104
105
106
107
108
123
124
125
126
127
138
139
140
141
218
219
220
221
222
223
224
225
226
233
234
235
236
237
238
239
240
266
267
268
269
270
271
272
273
274
315
316
317
318
319
4
5
6
7
23
24
25
26
30
31
32
33
61
62
63
64
65
66
67
68
69
70
71
72
85
86
87
88
89
96
97
98
104
105
106
107
108
120
121
122
123
124
125
126
127
135
136
137
138
139
140
141
161
162
163
219
220
221
222
223
224
225
226
233
234
235
236
237
238
239
240
268
269
270
271
272
314
315
316
317
5
6
7
23
24
25
26
27
28
29
30
31
32
63
64
65
66
67
68
69
70
71
72
73
84
85
86
87
88
89
96
97
98
104
105
106
107
108
120
121
122
123
124
125
135
136
137
138
139
140
141
142
159
160
161
162
163
221
222
223
224
225
226
233
234
235
236
237
238
239
240
268
269
270
271
314
315
316
317
12
13
14
15
16
17
18
23
24
25
26
27
28
29
63
64
65
66
67
68
69
70
71
72
73
74
84
85
86
87
88
89
104
105
106
107
108
120
121
122
123
124
125
126
135
136
137
138
139
140
141
142
157
158
159
160
161
162
163
221
222
223
224
225
226
234
235
236
237
238
314
315
316
317
318
319
320
321
322
323
324
12
13
14
15
16
17
18
24
25
26
27
28
29
30
31
52
53
54
55
63
64
65
66
67
68
69
70
71
72
73
74
84
85
86
104
105
106
107
108
122
123
124
125
126
135
136
137
138
139
140
141
142
150
151
152
157
158
159
160
161
162
163
223
224
225
234
235
236
237
238
317
318
319
320
321
322
323
324
12
13
14
15
16
17
18
20
21
22
23
24
25
26
27
28
29
30
31
52
53
54
55
56
67
68
69
70
71
72
73
74
105
106
107
124
125
126
135
136
137
150
151
152
153
154
155
156
157
158
159
160
161
162
163
181
182
183
214
215
216
234
235
236
255
256
257
316
317
318
319
320
321
322
323
324
12
13
14
15
16
17
18
19
20
21
22
23
24
25
26
27
28
29
30
31
52
53
54
55
56
67
68
69
70
150
151
152
153
154
155
156
158
159
160
161
162
163
165
166
167
168
169
180
181
182
183
214
215
216
224
225
226
234
235
236
255
256
257
258
275
276
277
284
285
286
316
317
318
319
320
321
322
323
16
17
18
19
20
21
22
23
24
25
51
52
53
54
55
56
67
68
69
94
95
96
151
152
153
154
155
156
164
165
166
167
168
169
179
180
181
182
183
184
185
186
214
215
216
224
225
226
227
255
256
257
258
275
276
277
278
284
285
286
315
316
317
318
319
320
16
17
18
19
20
21
22
51
52
53
54
55
56
78
79
80
94
95
96
97
151
152
153
154
155
164
165
166
167
168
169
179
180
181
182
183
184
185
186
187
214
215
216
217
221
222
223
224
225
226
227
255
256
257
258
275
276
277
278
279
284
285
286
315
316
317
318
319
320
51
52
53
54
55
56
78
79
80
81
82
83
94
95
96
97
128
129
130
131
164
165
166
179
180
181
182
183
184
185
186
187
215
216
217
221
222
223
224
225
226
227
255
256
257
275
276
277
278
279
280
284
285
286
315
316
317
318
54
55
56
78
79
80
81
82
83
94
95
96
97
128
129
130
131
132
179
180
181
182
183
184
185
186
187
188
189
215
216
217
218
219
221
222
223
224
225
274
275
276
277
278
279
280
283
284
285
286
316
317
318
54
55
56
57
58
59
78
79
80
81
82
83
84
94
95
96
128
129
130
131
132
181
182
183
184
185
186
187
188
189
190
194
195
196
217
218
219
221
222
223
224
274
275
276
277
278
279
280
281
282
283
284
285
316
317
318
46
47
48
49
50
54
55
56
57
58
59
79
80
81
82
83
84
128
129
130
131
132
187
188
189
190
191
192
193
194
195
196
206
207
208
209
210
217
218
219
274
275
276
277
278
279
280
281
282
283
284
285
314
315
316
46
47
48
49
50
54
55
56
57
58
59
79
80
81
82
83
84
108
109
110
111
112
128
129
130
131
132
186
187
188
189
190
191
192
193
194
195
196
206
207
208
209
210
211
212
213
218
219
220
275
276
277
278
279
280
281
282
283
284
285
314
315
316
45
46
47
48
49
50
51
55
56
57
58
59
79
80
81
108
109
110
111
112
127
128
129
130
131
186
187
188
189
190
191
192
193
194
195
206
207
208
209
210
211
212
213
216
217
218
219
220
279
280
281
282
283
312
313
314
315
316
317
324
325
326
327
328
329
45
46
47
48
49
50
51
55
56
57
108
109
110
111
112
126
127
128
129
130
131
132
186
187
188
189
190
191
192
193
194
195
207
208
209
210
211
212
213
216
217
218
219
220
223
224
225
279
280
281
282
312
313
314
315
316
317
324
325
326
327
328
329
27
28
29
30
45
46
47
48
49
50
51
108
109
110
111
126
127
128
129
130
131
132
133
134
185
186
187
188
189
190
191
192
193
194
208
209
210
211
216
217
218
223
224
225
279
280
281
312
313
314
315
316
317
324
325
326
327
328
329
27
28
29
30
46
47
48
49
50
108
109
110
126
127
128
129
130
131
132
133
134
183
184
185
186
187
188
189
190
191
192
193
194
208
209
210
215
216
217
218
223
224
225
226
227
231
232
233
234
235
236
237
324
325
326
327
27
28
29
30
46
47
48
49
106
107
108
109
110
127
128
129
130
131
132
133
134
181
182
183
184
185
186
187
188
189
190
191
192
193
194
195
215
216
217
218
224
225
226
227
231
232
233
234
235
236
237
238
239
322
323
324
325
326
27
28
29
30
106
107
108
109
110
127
128
129
132
133
134
181
182
183
184
185
188
189
190
191
192
193
194
195
196
215
216
217
218
222
223
224
225
226
227
231
232
233
234
235
236
237
238
239
322
323
324
27
28
29
30
90
91
92
106
107
108
109
110
127
128
129
144
145
146
147
148
181
182
183
191
192
193
194
195
196
215
216
217
218
222
223
224
225
226
232
233
234
235
236
237
238
239
322
323
324
27
28
29
90
91
92
93
106
107
108
109
110
144
145
146
147
148
181
182
183
193
194
195
196
216
217
218
222
223
224
225
226
232
233
234
235
236
237
238
265
266
267
288
289
290
66
67
68
69
70
71
72
89
90
91
92
93
106
107
108
109
110
144
145
146
147
148
223
224
225
226
232
233
234
235
236
237
265
266
267
268
269
288
289
290
291
293
294
295
296
64
65
66
67
68
69
70
71
72
89
90
91
92
93
108
109
110
144
145
146
222
223
224
225
226
227
228
229
234
235
236
237
238
239
265
266
267
268
269
270
288
289
290
291
292
293
294
295
296
31
32
33
34
35
64
65
66
67
68
69
70
71
72
89
90
91
92
222
223
224
225
226
227
228
229
230
234
235
236
237
238
239
265
266
267
268
269
270
289
290
291
292
293
294
295
296
327
328
329
330
31
32
33
34
35
64
65
66
67
68
69
70
158
159
160
161
200
201
202
218
219
220
221
222
223
224
226
227
228
229
230
234
235
236
237
238
239
265
266
267
268
269
270
291
292
293
294
295
296
297
323
324
325
327
328
329
330
31
32
33
34
35
64
65
66
158
159
160
161
162
199
200
201
202
203
204
205
206
218
219
220
221
222
223
226
227
228
229
230
234
235
236
237
265
266
267
292
293
294
295
296
297
315
316
317
323
324
325
326
327
328
329
330
31
32
33
34
35
44
45
46
47
64
65
66
158
159
160
161
162
199
200
201
202
203
204
205
206
207
218
219
220
221
222
223
226
227
228
229
234
235
236
265
266
267
285
286
287
288
289
293
294
295
296
297
310
311
312
313
314
315
316
317
323
324
325
326
327
328
329
19
20
21
44
45
46
47
48
160
161
162
199
200
201
202
203
204
205
206
207
208
209
227
228
229
280
281
282
285
286
287
288
289
293
294
295
296
297
310
311
312
313
314
315
316
317
320
321
322
323
324
325
326
327
328
19
20
21
44
45
46
47
48
164
165
166
204
205
206
207
208
209
233
234
235
280
281
282
285
286
287
288
289
290
293
294
295
296
310
311
312
313
314
315
316
317
320
321
322
323
324
325
326
327
328
18
19
20
21
44
45
46
47
48
164
165
166
167
168
169
207
208
209
232
233
234
235
279
280
281
282
285
286
287
288
289
290
312
313
314
315
316
317
320
321
322
323
324
325
326
327
328
18
19
20
21
45
46
47
50
51
52
53
94
95
96
97
164
165
166
167
168
169
170
171
232
233
234
235
278
279
280
281
282
285
286
287
288
289
290
312
313
314
315
316
317
18
19
20
21
50
51
52
53
55
56
57
58
59
79
80
81
94
95
96
97
148
149
150
158
159
160
166
167
168
169
170
171
172
232
233
234
235
278
279
280
281
282
285
286
287
312
313
314
315
316
317
7
8
9
49
50
51
52
53
55
56
57
58
59
60
78
79
80
81
94
95
96
97
148
149
150
151
158
159
160
161
169
170
171
172
278
279
280
281
282
283
312
313
314
315
316
317
3
4
5
6
7
8
9
49
50
51
52
53
55
56
57
58
59
60
78
79
80
81
94
95
96
97
147
148
149
150
151
158
159
160
161
162
163
164
170
171
172
228
229
230
234
235
236
279
280
281
282
283
284
298
299
300
312
313
314
315
316
317
321
322
323
3
4
5
6
7
8
9
49
50
51
52
54
55
56
57
58
59
60
78
79
80
81
95
96
97
98
146
147
148
149
150
151
158
159
160
161
162
163
164
165
170
171
172
228
229
230
231
233
234
235
236
237
277
278
279
280
281
282
283
284
286
287
288
297
298
299
300
313
314
315
316
317
320
321
322
323
3
4
5
6
7
8
54
55
56
57
96
97
98
146
147
148
149
150
159
160
161
162
163
164
165
168
169
170
171
172
173
174
228
229
230
231
233
234
235
236
237
277
278
279
280
281
282
283
284
286
287
288
289
296
297
298
299
300
301
313
314
315
316
317
319
320
321
322
323
3
4
5
6
7
8
25
26
27
49
50
51
52
54
55
56
83
84
85
96
97
98
146
147
148
149
152
153
154
159
160
161
162
163
164
165
168
169
170
171
172
173
174
229
230
231
232
233
234
235
236
237
277
278
279
281
282
283
284
286
287
288
289
290
291
296
297
298
299
300
301
315
316
317
318
319
320
321
322
3
4
5
6
7
8
24
25
26
27
48
49
50
51
52
83
84
85
96
97
98
147
148
149
151
152
153
154
159
160
161
162
163
164
165
166
168
169
170
172
173
174
192
193
194
195
231
232
233
234
235
236
280
281
282
283
287
288
289
290
291
296
297
298
299
300
301
312
313
314
315
316
317
318
319
320
321
322
24
25
26
27
48
49
50
51
52
82
83
84
85
86
87
96
97
98
151
152
153
154
157
158
159
160
161
163
164
165
166
170
171
172
192
193
194
195
219
220
221
231
232
233
234
280
281
282
287
288
289
290
291
292
293
294
312
313
314
315
316
317
318
24
25
26
27
48
49
50
82
83
84
85
86
87
127
128
129
130
131
151
152
153
154
155
157
158
159
160
161
164
165
166
170
171
172
173
192
193
194
195
219
220
221
231
232
233
234
280
281
282
287
288
289
290
291
292
293
294
312
313
314
315
316
317
318
6
7
8
9
82
83
84
85
86
87
127
128
129
130
131
152
153
154
155
157
158
159
160
170
171
172
173
191
192
193
194
195
219
220
221
222
253
254
255
290
291
292
293
294
295
313
314
315
316
317
318
6
7
8
9
83
84
85
86
122
123
124
127
128
129
130
131
152
153
154
155
156
168
169
170
171
172
173
174
175
191
192
193
194
195
219
220
221
222
253
254
255
256
289
290
291
292
293
294
295
296
306
307
308
309
313
314
315
316
6
7
8
9
83
84
85
86
121
122
123
124
126
127
128
129
130
131
132
133
153
154
155
156
168
169
170
171
172
173
174
175
191
192
193
194
195
196
218
219
220
221
222
253
254
255
256
289
290
291
292
293
294
295
296
306
307
308
309
313
314
315
6
7
8
9
81
82
83
84
120
121
122
123
124
126
127
128
129
130
131
132
133
152
153
154
155
156
167
168
169
170
172
173
174
175
191
192
193
194
195
196
197
218
219
220
221
222
247
248
249
250
253
254
255
256
289
290
291
292
293
294
295
296
306
307
308
309
6
7
8
80
81
82
83
84
120
121
122
123
126
127
128
129
130
131
132
133
152
153
154
155
162
163
164
165
167
168
169
170
192
193
194
195
196
197
198
199
218
219
220
221
222
247
248
249
250
254
255
256
289
290
291
292
306
307
308
317
318
319
79
80
81
82
83
84
120
121
122
123
126
127
128
129
130
131
152
153
154
155
158
159
160
161
162
163
164
165
167
168
169
170
193
194
195
196
197
198
199
200
201
202
247
248
249
250
290
291
292
314
315
316
317
318
319
330
331
332
72
73
74
75
76
79
80
81
82
126
127
128
152
153
154
155
158
159
160
161
162
163
164
165
167
168
169
195
196
197
198
199
200
201
202
247
248
249
250
314
315
316
317
318
319
330
331
332
333
72
73
74
75
76
79
80
81
82
83
84
85
156
157
158
159
160
161
162
163
164
165
196
197
198
199
200
201
202
203
225
226
227
247
248
249
250
314
315
316
317
318
319
320
330
331
332
333
42
43
44
45
72
73
74
75
76
82
83
84
85
156
157
158
159
160
161
162
163
199
200
201
202
203
204
225
226
227
228
229
248
249
250
314
315
316
317
318
319
320
331
332
333
42
43
44
45
72
73
74
75
82
83
84
85
108
109
110
134
135
136
137
156
157
158
159
160
161
162
199
200
201
202
203
204
205
210
211
212
213
214
225
226
227
228
229
230
236
237
238
255
256
257
318
319
320
332
333
42
43
44
45
83
84
85
108
109
110
111
134
135
136
137
200
201
202
203
204
205
210
211
212
213
214
215
227
228
229
230
231
235
236
237
238
252
253
254
255
256
257
285
286
287
288
331
332
333
42
43
44
45
108
109
110
111
134
135
136
137
138
175
176
177
178
200
201
202
203
204
205
210
211
212
213
214
215
228
229
230
231
235
236
237
238
252
253
254
255
256
257
285
286
287
288
310
311
312
331
332
333
22
23
24
69
70
71
72
73
76
77
78
108
109
110
111
135
136
137
138
175
176
177
178
200
201
202
210
211
212
213
214
215
228
229
230
231
235
236
237
238
252
253
254
255
256
257
258
285
286
287
288
310
311
312
331
332
333
22
23
24
25
26
68
69
70
71
72
73
76
77
78
79
108
109
110
136
137
138
175
176
177
178
200
201
202
203
210
211
212
213
214
229
230
231
252
253
254
255
256
257
258
286
287
288
310
311
312
22
23
24
25
26
68
69
70
71
72
73
76
77
78
79
80
81
82
175
176
177
201
202
203
210
211
212
252
253
254
255
256
257
258
310
311
312
313
22
23
24
25
26
68
69
70
71
72
73
76
77
78
79
80
81
82
109
110
111
201
202
203
204
205
232
233
234
254
255
256
310
311
312
313
2
3
4
5
6
7
22
23
24
25
71
72
73
74
75
78
79
80
81
82
92
93
94
108
109
110
111
118
119
120
121
122
199
200
201
202
203
204
205
222
223
224
225
232
233
234
235
236
237
310
311
312
313
2
3
4
5
6
7
21
22
23
24
25
72
73
74
75
76
91
92
93
94
108
109
110
111
112
117
118
119
120
121
122
199
200
201
202
203
204
205
222
223
224
225
232
233
234
235
236
237
0
1
2
3
4
5
6
7
21
22
23
24
25
26
27
28
72
73
74
75
76
90
91
92
93
94
108
109
110
111
112
117
118
119
120
121
122
123
124
125
126
127
128
129
179
180
181
199
200
201
202
203
204
222
223
224
225
226
234
235
236
237
0
1
2
3
4
5
6
21
22
23
24
25
26
27
28
72
73
74
75
76
90
91
92
93
94
110
111
112
113
117
118
119
120
121
122
123
124
125
126
127
128
129
179
180
181
199
200
201
202
203
204
222
223
224
225
226
0
1
2
3
4
5
24
25
26
27
28
29
30
31
69
70
71
72
73
74
90
91
92
93
111
112
113
114
115
116
117
118
119
120
121
122
123
124
125
126
127
128
129
130
178
179
180
181
199
200
201
223
224
225
226
24
25
26
27
28
29
30
31
69
70
71
72
109
110
111
112
113
114
115
116
117
118
119
120
121
122
126
127
128
129
130
141
142
143
177
178
179
180
258
259
260
21
22
23
26
27
28
29
30
31
69
70
71
72
75
76
77
78
79
80
109
110
111
112
113
114
115
116
117
118
128
129
130
140
141
142
143
177
178
179
180
258
259
260
261
262
263
20
21
22
23
24
28
29
30
31
32
69
70
71
72
73
75
76
77
78
79
80
108
109
110
111
112
113
114
115
116
140
141
142
143
144
147
148
149
177
178
179
245
246
247
248
258
259
260
261
262
263
313
314
315
20
21
22
23
24
28
29
30
31
32
33
69
70
71
72
73
75
76
77
78
79
80
92
93
94
107
108
109
110
111
112
113
114
115
140
141
142
143
144
146
147
148
149
177
178
179
245
246
247
248
259
260
261
262
263
313
314
315
316
317
318
319
20
21
22
23
24
28
29
30
31
32
33
70
71
72
73
75
76
77
78
79
80
92
93
94
107
108
109
110
140
141
142
143
144
146
147
148
149
177
178
179
180
245
246
247
248
312
313
314
315
316
317
318
319
31
32
33
70
71
72
73
74
76
77
78
79
80
91
92
93
94
95
96
97
107
108
109
140
141
142
146
147
148
149
177
178
179
180
245
246
247
312
313
314
315
316
317
318
319
71
72
73
74
75
76
77
78
79
91
92
93
94
95
96
97
146
147
148
149
177
178
179
180
187
188
189
190
191
192
312
313
314
315
316
317
318
319
6
7
8
9
72
73
74
75
76
77
78
79
91
92
93
94
95
96
97
146
147
148
149
187
188
189
190
191
192
262
263
264
265
314
315
316
317
318
3
4
5
6
7
8
9
73
74
75
76
77
78
79
146
147
148
187
188
189
190
191
192
262
263
264
265
316
317
318
3
4
5
6
7
8
9
25
26
27
76
77
78
79
146
147
148
188
189
190
191
195
196
197
262
263
264
265
3
4
5
6
7
8
9
24
25
26
27
146
147
148
188
189
190
194
195
196
197
262
263
264
4
5
6
7
24
25
26
27
194
195
196
197
4
5
6
7
24
25
26
27
42
43
44
169
170
171
172
194
195
196
197
4
5
6
7
24
25
26
27
42
43
44
119
120
121
127
128
129
168
169
170
171
172
195
196
197
215
216
217
218
219
220
221
244
245
246
4
5
6
7
42
43
44
118
119
120
121
127
128
129
168
169
170
171
172
210
211
212
213
214
215
216
217
218
219
220
221
222
244
245
246
284
285
286
34
35
36
41
42
43
44
118
119
120
121
125
126
127
128
129
130
168
169
170
171
172
210
211
212
213
214
215
216
217
218
219
220
221
222
223
244
245
246
247
284
285
286
287
288
34
35
36
37
41
42
43
44
118
119
120
121
125
126
127
128
129
130
210
211
212
213
214
215
216
217
218
219
220
221
222
223
245
246
247
284
285
286
287
288
16
17
18
34
35
36
37
41
42
43
44
125
126
127
128
129
130
211
212
213
214
215
216
217
218
219
220
221
222
223
245
246
247
285
286
287
288
289
11
12
13
14
15
16
17
18
35
36
37
38
126
127
128
129
130
203
204
205
215
216
217
218
245
246
247
285
286
287
288
289
11
12
13
14
15
16
17
18
19
35
36
37
38
127
128
129
130
203
204
205
206
210
211
212
213
214
215
216
217
218
219
220
221
222
235
236
237
238
239
240
286
287
288
289
11
12
13
14
15
16
17
18
19
33
34
35
36
37
38
111
112
113
114
128
129
130
176
177
178
203
204
205
206
207
208
210
211
212
213
214
215
216
219
220
221
222
223
231
232
233
235
236
237
238
239
240
286
287
288
12
13
14
15
16
17
18
19
33
34
35
36
37
38
109
110
111
112
113
114
175
176
177
178
203
204
205
206
207
208
210
211
212
213
214
215
216
219
220
221
222
223
224
231
232
233
234
235
236
237
238
239
240
255
256
257
16
17
18
19
33
34
35
36
37
38
109
110
111
112
113
114
140
141
142
143
175
176
177
178
179
206
207
208
213
214
215
216
221
222
223
224
231
232
233
234
235
236
254
255
256
257
17
18
19
34
35
36
37
38
39
109
110
111
112
113
114
140
141
142
143
175
176
177
178
179
214
215
216
222
223
224
233
234
235
236
252
253
254
255
256
257
34
35
36
37
38
39
139
140
141
142
143
175
176
177
178
179
222
223
224
233
234
235
252
253
254
255
256
257
291
292
293
294
35
36
37
38
39
138
139
140
141
199
200
201
222
223
224
233
234
235
252
253
254
255
256
257
291
292
293
294
95
96
97
98
138
139
140
141
198
199
200
201
240
241
242
243
289
290
291
292
293
294
327
328
329
21
22
23
95
96
97
98
99
138
139
140
198
199
200
201
202
240
241
242
243
244
288
289
290
291
327
328
329
330
331
21
22
23
95
96
97
98
99
198
199
200
201
202
240
241
242
243
244
288
289
290
291
325
326
327
328
329
330
331
21
22
23
24
25
26
97
98
99
199
200
201
202
241
242
243
244
288
289
290
325
326
327
328
329
330
331
332
15
16
17
21
22
23
24
25
26
325
326
327
328
329
330
331
332
15
16
17
18
22
23
24
25
26
239
240
241
242
327
328
329
330
331
332
333
15
16
17
18
19
22
23
24
25
26
41
42
43
102
103
104
169
170
171
172
239
240
241
242
331
332
333
15
16
17
18
19
23
24
25
26
40
41
42
43
44
45
102
103
104
105
106
107
169
170
171
172
204
205
206
207
208
238
239
240
241
242
243
331
332
333
16
17
18
19
20
21
22
38
39
40
41
42
43
44
45
102
103
104
105
106
107
108
111
112
113
168
169
170
171
172
204
205
206
207
208
238
239
240
241
242
243
19
20
21
22
37
38
39
40
41
42
43
44
45
102
103
104
105
106
107
108
111
112
113
114
167
168
169
170
171
204
205
206
207
208
238
239
240
241
242
243
282
283
284
285
328
329
330
331
332
333
19
20
21
22
37
38
39
40
41
85
86
87
88
102
103
104
105
106
107
108
111
112
113
114
115
116
117
167
168
169
170
171
205
206
207
280
281
282
283
284
285
286
325
326
327
328
329
330
331
332
333
19
20
21
22
37
38
39
85
86
87
88
89
101
102
103
104
105
106
107
108
111
112
113
114
115
116
117
118
119
120
167
168
169
170
171
277
278
279
280
281
282
283
284
285
286
287
325
326
327
328
329
330
331
332
333
20
21
22
85
86
87
88
89
90
101
102
103
104
105
111
112
113
114
115
116
117
118
119
120
277
278
279
280
281
282
284
285
286
287
325
326
327
328
329
330
331
87
88
89
90
101
102
103
104
105
110
111
112
113
114
115
116
117
118
119
120
255
256
257
277
278
279
280
281
285
286
287
325
326
327
328
329
330
331
88
89
90
103
104
105
110
111
112
113
114
115
116
117
118
255
256
257
278
279
280
110
111
112
113
114
115
116
117
118
255
256
257
258
324
325
326
327
104
105
106
113
114
115
116
117
118
255
256
257
258
324
325
326
327
328
55
56
57
104
105
106
107
116
117
118
126
127
128
132
133
134
135
136
137
255
256
257
258
324
325
326
327
328
54
55
56
57
78
79
80
103
104
105
106
107
116
117
118
126
127
128
129
132
133
134
135
136
137
217
218
219
221
222
223
224
320
321
322
323
324
325
326
327
328
53
54
55
56
57
78
79
80
81
103
104
105
106
107
108
109
110
126
127
128
129
130
131
132
133
134
135
136
137
140
141
142
217
218
219
220
221
222
223
224
320
321
322
323
324
325
326
327
328
34
35
36
37
53
54
55
56
57
77
78
79
80
81
103
104
105
106
107
108
109
110
126
127
128
129
130
131
132
133
134
135
139
140
141
142
217
218
219
220
221
222
223
224
320
321
322
323
324
325
326
32
33
34
35
36
37
38
39
53
54
55
56
57
75
76
77
78
79
80
81
103
104
105
106
107
108
109
110
126
127
128
129
130
131
132
133
134
135
139
140
141
142
192
193
194
217
218
219
220
221
222
223
224
282
283
284
322
323
324
325
31
32
33
34
35
36
37
38
39
75
76
77
78
79
80
104
105
106
107
108
109
110
126
127
128
129
130
131
132
133
134
139
140
141
142
192
193
194
195
196
197
217
218
219
220
221
222
223
280
281
282
283
284
285
322
323
324
31
32
33
34
35
36
37
38
39
73
74
75
76
77
95
96
97
98
99
100
106
107
108
126
127
128
129
130
132
133
134
140
141
142
143
144
192
193
194
195
196
197
215
216
217
218
219
220
221
222
223
280
281
282
283
284
285
31
32
33
34
35
36
37
73
74
75
76
77
95
96
97
98
99
100
101
142
143
144
194
195
196
197
213
214
215
216
217
221
222
223
280
281
282
283
284
285
2
3
4
73
74
75
76
77
95
96
97
98
99
100
101
142
143
144
174
175
176
177
178
179
180
213
214
215
216
217
221
222
223
2
3
4
5
59
60
61
62
63
64
65
66
73
74
75
76
77
97
98
99
100
101
105
106
107
174
175
176
177
178
179
180
181
182
183
184
185
186
213
214
215
216
0
1
2
3
4
5
46
47
48
57
58
59
60
61
62
63
64
65
66
73
74
75
76
100
101
102
104
105
106
107
108
133
134
135
174
175
176
177
178
179
180
181
182
183
184
185
186
211
212
213
214
215
216
0
1
2
3
4
5
46
47
48
49
56
57
58
59
60
61
62
63
64
65
66
99
100
101
102
104
105
106
107
108
132
133
134
135
174
175
176
177
178
179
180
181
182
183
184
185
186
187
210
211
212
213
214
317
318
319
0
1
2
3
4
44
45
46
47
48
49
56
57
58
59
60
61
62
63
64
99
100
101
102
104
105
106
107
108
132
133
134
135
174
175
176
177
178
179
180
181
184
185
186
187
208
209
210
211
212
213
214
316
317
318
319
2
3
4
40
41
42
44
45
46
47
48
49
55
56
57
58
59
60
61
62
63
99
100
101
102
104
105
106
107
132
133
134
135
176
177
178
179
180
181
185
186
187
207
208
209
210
211
212
213
214
303
304
305
315
316
317
318
319
17
18
19
20
21
40
41
42
43
44
45
46
47
48
49
50
55
56
57
58
59
60
61
62
133
134
135
176
177
178
179
180
207
208
209
210
211
262
263
264
265
288
289
290
303
304
305
314
315
316
317
318
16
17
18
19
20
21
39
40
41
42
43
44
46
47
48
49
50
55
56
57
58
59
60
61
62
166
167
168
176
177
178
179
180
207
208
209
261
262
263
264
265
286
287
288
289
290
291
303
304
305
306
314
315
316
317
318
16
17
18
19
20
21
39
40
41
42
43
44
48
49
50
53
54
55
56
57
58
59
165
166
167
168
169
177
178
179
180
194
195
196
261
262
263
264
265
286
287
288
289
290
291
300
301
302
303
304
305
306
314
315
316
317
318
16
17
18
19
20
21
39
40
41
42
43
44
45
46
47
53
54
55
56
165
166
167
168
169
170
171
177
178
179
194
195
196
197
261
262
263
286
287
288
289
290
291
300
301
302
303
304
305
306
307
310
311
312
313
314
315
19
20
21
42
43
44
45
46
47
48
53
54
55
56
165
166
167
168
169
170
171
194
195
196
197
300
301
302
303
304
305
306
307
308
309
310
311
312
313
314
315
42
43
44
45
46
47
48
54
55
56
166
167
168
169
170
171
194
195
196
197
292
293
294
295
296
305
306
307
308
309
310
311
312
313
314
315
44
45
46
47
48
54
55
56
57
58
59
153
154
155
166
167
168
169
194
195
196
197
292
293
294
295
296
297
305
306
307
308
309
310
311
312
313
314
315
44
45
46
56
57
58
59
60
153
154
155
156
157
159
160
161
292
293
294
295
296
297
302
303
304
305
306
307
312
313
314
56
57
58
59
60
61
84
85
86
153
154
155
156
157
159
160
161
280
281
282
292
293
294
295
296
297
300
301
302
303
304
305
56
57
58
59
60
61
83
84
85
86
152
153
154
155
156
157
159
160
161
280
281
282
283
300
301
302
303
304
305
39
40
41
42
43
59
60
61
82
83
84
85
86
152
153
154
155
156
157
158
159
160
161
162
280
281
282
283
300
301
302
303
304
305
39
40
41
42
43
59
60
61
82
83
84
85
152
153
154
155
156
157
158
159
160
161
162
178
179
180
280
281
282
283
296
297
298
299
302
303
304
305
306
39
40
41
42
43
82
83
84
157
158
159
160
161
162
178
179
180
181
277
278
279
280
281
296
297
298
299
302
303
304
305
306
307
308
39
40
41
42
61
62
63
157
158
159
160
161
162
178
179
180
181
257
258
259
260
277
278
279
280
281
296
297
298
299
302
303
304
305
306
307
308
61
62
63
64
79
80
81
82
83
84
85
159
160
161
162
179
180
181
257
258
259
260
276
277
278
279
280
281
296
297
298
299
302
303
304
305
306
307
308
61
62
63
64
79
80
81
82
83
84
85
101
102
103
160
161
162
171
172
173
174
175
176
179
180
181
257
258
259
260
276
277
278
279
280
281
296
297
298
299
303
304
305
306
61
62
63
64
79
80
81
82
83
84
85
100
101
102
103
171
172
173
174
175
176
257
258
259
260
271
272
273
274
275
276
277
278
279
280
295
296
297
298
299
303
304
305
306
80
81
82
83
84
100
101
102
103
104
105
106
107
108
109
157
158
159
171
172
173
174
175
176
271
272
273
274
275
276
277
278
279
280
295
296
297
298
299
303
304
305
16
17
18
19
20
21
37
38
39
81
82
83
100
101
102
103
104
105
106
107
108
109
133
134
135
157
158
159
160
172
173
174
175
254
255
256
257
258
271
272
273
274
275
276
295
296
297
298
299
16
17
18
19
20
21
36
37
38
39
40
102
103
104
105
106
107
108
109
110
132
133
134
135
136
157
158
159
160
161
172
173
174
175
254
255
256
257
258
271
272
273
274
275
276
295
296
297
298
299
300
16
17
18
19
20
21
36
37
38
39
40
102
103
104
105
106
107
108
109
110
132
133
134
135
136
157
158
159
160
161
162
163
164
172
173
174
175
254
255
256
257
258
272
273
274
275
276
295
296
297
298
299
300
17
18
19
20
36
37
38
39
40
106
107
108
109
110
132
133
134
135
136
138
139
140
141
142
143
157
158
159
160
161
162
163
164
190
191
192
193
214
215
216
217
255
256
257
258
271
272
273
274
275
276
295
296
297
298
299
300
17
18
19
20
37
38
39
138
139
140
141
142
143
161
162
163
164
165
166
182
183
184
190
191
192
193
214
215
216
217
271
272
273
274
18
19
20
67
68
69
70
71
72
81
82
83
127
128
129
138
139
140
141
142
143
164
165
166
182
183
184
190
191
192
193
211
212
213
214
215
216
217
271
272
273
276
277
278
40
41
42
43
44
67
68
69
70
71
72
81
82
83
84
85
126
127
128
129
136
137
138
139
140
141
142
164
165
166
182
183
184
185
186
190
191
192
211
212
213
214
215
216
276
277
278
38
39
40
41
42
43
44
67
68
69
70
71
72
81
82
83
84
85
126
127
128
129
136
137
138
139
140
141
142
184
185
186
187
190
191
192
211
212
213
214
215
276
277
278
38
39
40
41
42
43
44
67
68
69
82
83
84
85
126
127
128
129
136
137
138
139
140
141
184
185
186
187
212
213
214
215
271
272
273
276
277
278
279
280
38
39
40
41
42
43
44
82
83
84
127
128
129
185
186
187
212
213
214
215
270
271
272
273
277
278
279
280
37
38
39
40
41
42
43
44
212
213
214
215
270
271
272
273
277
278
279
280
36
37
38
39
40
41
42
212
213
214
215
270
271
272
273
23
24
25
36
37
38
39
40
41
42
115
116
117
118
119
120
212
213
214
215
256
257
258
259
271
272
273
22
23
24
25
36
37
38
39
40
41
42
43
115
116
117
118
119
120
193
194
195
255
256
257
258
259
22
23
24
25
38
39
40
41
42
43
115
116
117
118
119
120
193
194
195
196
255
256
257
258
259
20
21
22
23
24
38
39
40
41
42
43
100
101
102
117
118
119
120
193
194
195
196
213
214
215
255
256
257
258
322
323
324
13
14
15
16
20
21
22
40
41
42
70
71
72
100
101
102
103
104
105
193
194
195
196
212
213
214
215
246
247
248
249
250
251
322
323
324
325
13
14
15
16
20
21
22
70
71
72
100
101
102
103
104
105
165
166
167
193
194
195
196
212
213
214
215
246
247
248
249
250
251
322
323
324
325
13
14
15
16
20
21
22
68
69
70
71
72
100
101
102
103
104
105
142
143
144
163
164
165
166
167
193
194
195
196
212
213
214
246
247
248
249
250
251
322
323
324
325
14
15
16
68
69
70
71
72
100
101
102
103
104
140
141
142
143
144
163
164
165
166
167
212
213
214
244
245
246
247
248
249
250
251
322
323
324
67
68
69
70
71
72
100
101
102
103
104
117
118
119
139
140
141
142
143
144
163
164
165
166
167
243
244
245
246
247
248
249
250
251
13
14
15
66
67
68
69
70
71
72
116
117
118
119
137
138
139
140
141
142
143
144
242
243
244
245
246
247
248
13
14
15
16
34
35
36
37
38
39
66
67
68
69
70
71
72
73
115
116
117
118
119
124
125
126
137
138
139
140
141
142
143
144
239
240
241
242
243
244
245
246
247
248
12
13
14
15
16
34
35
36
37
38
39
66
67
68
69
70
71
72
73
115
116
117
118
122
123
124
125
126
135
136
137
138
139
140
141
142
143
144
239
240
241
242
243
244
245
246
247
248
12
13
14
15
16
31
32
33
34
35
36
37
38
39
68
69
70
71
72
73
115
116
117
122
123
124
125
126
127
135
136
137
138
139
140
141
239
240
241
242
244
245
246
247
248
12
13
14
15
16
31
32
33
34
35
36
37
68
69
70
71
72
73
122
123
124
125
126
127
135
136
137
138
139
140
141
222
223
224
225
239
240
241
242
245
246
247
295
296
297
11
12
13
14
15
16
31
32
33
34
35
36
37
69
70
71
72
73
123
124
125
126
127
139
140
141
222
223
224
225
226
239
240
241
242
280
281
282
283
295
296
297
307
308
309
11
12
13
14
31
32
33
34
35
36
37
71
72
73
123
124
125
126
155
156
157
213
214
215
222
223
224
225
226
266
267
268
280
281
282
283
295
296
297
307
308
309
310
6
7
8
9
11
12
13
14
15
31
32
33
35
36
37
123
124
125
126
127
128
154
155
156
157
212
213
214
215
222
223
224
225
226
266
267
268
269
280
281
282
283
284
295
296
297
298
299
307
308
309
310
6
7
8
9
13
14
15
123
124
125
126
127
128
139
140
141
154
155
156
157
158
159
212
213
214
215
223
224
225
226
266
267
268
269
270
280
281
282
283
284
297
298
299
307
308
309
310
6
7
8
9
13
14
15
123
124
125
126
127
128
139
140
141
142
154
155
156
157
158
159
160
177
178
179
180
211
212
213
214
223
224
225
265
266
267
268
269
270
271
282
283
284
297
298
299
307
308
309
5
6
7
8
9
117
118
119
135
136
137
138
139
140
141
142
154
155
156
157
158
159
160
176
177
178
179
180
211
212
213
214
220
221
222
223
224
225
226
227
229
230
231
232
265
266
267
268
269
270
271
307
308
309
5
6
7
8
9
117
118
119
135
136
137
138
139
140
141
142
156
157
158
159
160
175
176
177
178
179
180
211
212
213
214
220
221
222
223
224
225
226
227
229
230
231
232
265
266
267
268
269
270
271
307
308
309
5
6
7
8
9
57
58
59
117
118
119
120
135
136
137
138
139
140
141
155
156
157
175
176
177
178
220
221
222
223
224
225
226
227
229
230
231
232
266
267
268
269
307
308
309
319
320
321
7
8
9
57
58
59
117
118
119
120
138
139
140
141
153
154
155
156
157
175
176
177
221
222
223
224
225
226
229
230
231
266
267
268
269
286
287
288
319
320
321
56
57
58
59
60
61
117
118
119
120
138
139
140
141
142
143
144
145
153
154
155
156
157
221
222
223
224
225
226
266
267
268
269
285
286
287
288
289
318
319
320
321
329
330
331
56
57
58
59
60
61
110
111
112
138
139
140
141
142
143
144
145
153
154
155
156
157
224
225
226
248
249
250
285
286
287
288
289
317
318
319
320
328
329
330
331
56
57
58
59
60
61
110
111
112
113
127
128
129
138
139
140
141
142
143
144
145
152
153
154
165
166
167
248
249
250
251
252
253
266
267
268
285
286
287
288
289
317
318
319
320
328
329
330
331
46
47
48
49
57
58
59
110
111
112
113
127
128
129
138
139
140
141
142
143
144
145
152
153
154
162
163
164
165
166
167
248
249
250
251
252
253
264
265
266
267
268
317
318
319
320
328
329
330
331
332
46
47
48
49
110
111
112
113
127
128
129
138
139
140
141
142
143
144
145
151
152
153
154
162
163
164
165
166
167
168
250
251
252
253
264
265
266
267
268
317
318
319
320
330
331
332
46
47
48
49
50
51
52
111
112
113
127
128
129
139
140
141
142
143
144
145
151
152
153
154
162
163
164
165
166
167
168
169
170
250
251
252
264
265
266
267
268
269
311
312
313
314
330
331
332
46
47
48
49
50
51
52
111
112
113
114
115
116
117
118
119
120
127
128
129
137
138
139
140
141
142
143
144
151
152
153
158
159
160
161
164
165
166
167
168
169
170
224
225
226
227
264
265
266
267
268
269
311
312
313
314
330
331
332
46
47
48
49
50
51
52
58
59
60
114
115
116
117
118
119
120
121
137
138
139
140
141
142
143
144
156
157
158
159
160
161
164
165
166
167
168
169
170
217
218
219
220
221
224
225
226
227
264
265
266
267
268
269
311
312
313
314
43
44
45
58
59
60
61
62
90
91
92
93
94
114
115
116
117
118
119
120
121
137
138
139
140
141
142
143
144
156
157
158
159
160
161
162
164
165
166
167
168
169
217
218
219
220
221
222
224
225
226
227
264
265
266
267
268
311
312
313
42
43
44
45
57
58
59
60
61
62
90
91
92
93
94
115
116
117
118
119
120
121
137
138
139
140
141
142
143
144
145
155
156
157
158
159
160
161
162
164
165
166
182
183
184
214
215
216
217
218
219
220
221
222
223
224
225
226
227
322
323
324
42
43
44
45
57
58
59
60
61
62
90
91
92
93
94
115
116
117
118
119
120
121
141
142
143
144
145
155
156
157
158
159
160
161
162
164
165
166
181
182
183
184
185
211
212
213
214
215
216
217
218
219
220
221
222
223
224
225
226
227
318
319
320
321
322
323
324
42
43
44
46
47
48
49
50
51
57
58
59
60
61
90
91
92
93
94
95
114
115
116
117
118
119
120
143
144
145
155
156
157
158
159
181
182
183
184
185
211
212
213
214
215
216
217
218
219
220
221
222
223
225
226
227
318
319
320
321
322
323
324
42
43
44
45
46
47
48
49
50
51
59
60
61
88
89
90
91
92
93
94
95
114
115
116
117
155
156
157
158
159
181
182
183
184
185
211
212
213
214
215
216
217
218
219
220
221
222
318
319
320
321
322
323
45
46
47
48
49
50
51
85
86
87
88
89
90
91
93
94
95
114
115
116
117
155
156
157
158
159
177
178
179
180
181
211
212
213
214
215
216
219
220
221
222
319
320
321
322
326
327
328
45
46
47
48
49
50
52
53
54
84
85
86
87
88
89
90
91
114
115
116
117
118
119
155
156
157
158
177
178
179
180
181
283
284
285
286
287
326
327
328
45
46
47
48
49
50
51
52
53
54
55
56
57
84
85
86
87
88
89
90
91
114
115
116
117
118
119
177
178
179
180
181
184
185
186
187
188
189
190
273
274
275
281
282
283
284
285
286
287
326
327
328
329
47
48
49
51
52
53
54
55
56
57
58
59
60
84
85
86
87
88
89
90
91
114
115
116
117
118
119
178
179
180
184
185
186
187
188
189
190
191
192
193
272
273
274
275
276
277
278
279
280
281
282
283
284
285
286
287
326
327
328
329
47
48
49
51
52
53
55
56
57
58
59
60
84
85
86
87
88
114
115
116
122
123
124
125
184
185
186
187
188
189
190
191
192
193
272
273
274
275
276
277
278
279
280
281
282
283
284
285
286
287
326
327
328
329
51
52
53
57
58
59
60
66
67
68
84
85
86
87
88
121
122
123
124
125
184
185
186
187
188
189
190
191
192
193
260
261
262
272
273
274
275
276
277
278
279
280
281
282
326
327
328
51
52
53
57
58
59
60
65
66
67
68
69
70
84
85
86
87
88
105
106
107
121
122
123
124
125
186
187
188
191
192
193
199
200
201
202
260
261
262
272
273
274
275
276
277
278
285
286
287
288
302
303
304
56
57
58
64
65
66
67
68
69
70
86
87
88
104
105
106
107
108
120
121
122
123
124
125
186
187
188
199
200
201
202
260
261
262
263
276
277
278
285
286
287
288
301
302
303
304
305
56
57
58
59
64
65
66
67
68
69
70
104
105
106
107
108
109
120
121
122
123
124
199
200
201
202
203
237
238
239
240
260
261
262
263
285
286
287
288
301
302
303
304
305
18
19
20
21
22
56
57
58
59
60
64
65
66
67
104
105
106
107
108
109
120
121
122
123
199
200
201
202
203
237
238
239
240
261
262
263
286
287
288
301
302
303
304
305
315
316
317
318
17
18
19
20
21
22
57
58
59
60
65
66
67
107
108
109
120
121
122
140
141
142
192
193
194
195
196
199
200
201
202
203
237
238
239
240
303
304
305
315
316
317
318
319
320
17
18
19
20
21
22
58
59
60
65
66
67
109
110
111
112
136
137
138
140
141
142
190
191
192
193
194
195
196
234
235
236
237
238
239
247
248
249
250
296
297
298
299
315
316
317
318
319
320
17
18
19
20
21
109
110
111
112
113
114
135
136
137
138
139
140
141
142
189
190
191
192
193
194
195
196
197
217
218
219
234
235
236
237
238
245
246
247
248
249
250
296
297
298
299
317
318
319
320
17
18
19
20
21
109
110
111
112
113
114
135
136
137
138
139
140
141
142
189
190
191
192
193
194
195
196
197
216
217
218
219
220
233
234
235
236
237
238
245
246
247
248
249
250
295
296
297
298
299
317
318
319
320
17
18
19
20
21
101
102
103
104
105
111
112
113
114
135
136
137
138
139
140
141
142
189
190
191
192
193
194
195
196
197
216
217
218
219
220
233
234
235
236
237
238
245
246
247
248
249
250
287
288
289
295
296
297
298
318
319
320
17
18
19
20
21
22
25
26
27
101
102
103
104
105
111
112
113
120
121
122
140
141
142
191
192
193
194
195
214
215
216
217
218
219
220
233
234
235
236
287
288
289
295
296
297
19
20
21
22
24
25
26
27
64
65
66
68
69
70
71
100
101
102
103
104
105
106
119
120
121
122
140
141
142
143
172
173
174
175
176
177
178
192
193
194
195
212
213
214
215
216
217
218
219
233
234
235
286
287
288
289
20
21
22
24
25
26
27
56
57
58
59
60
62
63
64
65
66
67
68
69
70
71
99
100
101
102
103
104
105
106
107
119
120
121
122
140
141
142
143
172
173
174
175
176
177
178
212
213
214
215
216
217
218
219
276
277
278
284
285
286
287
288
289
24
25
26
27
56
57
58
59
60
61
62
63
64
65
66
67
68
69
70
71
99
100
101
102
104
105
106
107
119
120
121
122
140
141
142
143
172
173
174
175
176
177
178
211
212
213
214
215
216
217
218
219
276
277
278
284
285
286
287
288
289
294
295
296
56
57
58
59
60
61
62
63
64
65
66
67
68
69
70
71
99
100
101
102
103
104
105
106
107
119
120
121
122
140
141
142
143
172
173
174
175
176
177
211
212
213
214
215
216
217
218
219
270
271
272
274
275
276
277
278
284
285
286
287
288
289
292
293
294
295
296
59
60
61
63
64
65
66
67
69
70
71
103
104
105
106
107
119
120
121
122
141
142
143
147
148
149
173
174
175
176
177
211
212
213
214
215
216
217
218
219
264
265
266
269
270
271
272
273
274
275
276
277
278
286
287
288
292
293
294
295
296
0
1
2
3
33
34
35
36
64
65
66
67
69
70
71
78
79
80
81
103
104
105
106
107
120
121
122
144
145
146
147
148
149
174
175
176
177
211
212
213
214
215
216
217
255
256
257
258
259
264
265
266
268
269
270
271
272
273
274
275
276
277
278
279
292
293
294
295
296
0
1
2
3
4
9
10
11
33
34
35
36
78
79
80
81
144
145
146
147
148
149
174
175
176
211
212
213
214
215
216
217
218
219
220
221
255
256
257
258
259
264
265
266
267
268
269
270
271
272
273
274
275
276
277
278
279
326
327
328
0
1
2
3
4
5
9
10
11
33
34
35
36
37
50
51
52
78
79
80
81
144
145
146
147
148
149
203
204
205
214
215
216
218
219
220
221
255
256
257
258
259
260
261
263
264
265
266
267
268
269
270
271
272
273
274
276
277
278
279
280
281
290
291
292
293
294
317
318
319
326
327
328
329
330
1
2
3
4
5
9
10
11
34
35
36
37
50
51
52
79
80
81
144
145
146
147
148
149
150
202
203
204
205
217
218
219
220
221
252
253
254
255
256
257
258
259
260
261
263
264
265
266
267
268
269
270
271
276
277
278
279
280
281
290
291
292
293
294
295
296
317
318
319
320
326
327
328
329
330
1
2
3
4
5
8
9
10
11
35
36
37
50
51
52
53
54
94
95
96
97
98
120
121
122
144
145
146
147
148
149
150
202
203
204
205
217
218
219
220
252
253
254
255
256
257
258
259
260
261
263
264
265
266
267
268
269
279
280
281
287
288
289
290
291
292
293
294
295
296
317
318
319
320
321
322
327
328
329
330
8
9
10
11
50
51
52
53
54
55
94
95
96
97
98
116
117
118
119
120
121
122
123
145
146
147
148
149
150
202
203
204
217
218
219
220
252
253
254
255
256
257
258
259
265
266
267
268
269
270
271
272
287
288
289
290
291
292
293
294
295
296
318
319
320
321
322
327
328
329
8
9
10
50
51
52
53
54
55
94
95
96
97
98
116
117
118
119
120
121
122
123
145
146
147
148
202
203
204
253
254
255
265
266
267
268
269
270
271
272
287
288
289
290
291
292
293
294
295
320
321
322
50
51
52
53
54
55
94
95
96
116
117
118
119
120
121
122
123
265
266
267
268
269
270
271
272
288
289
290
291
292
293
294
295
320
321
322
52
53
54
119
120
121
122
123
265
266
267
268
269
270
271
289
290
291
292
293
294
295
296
297
298
299
320
321
322
323
52
53
54
120
121
122
123
132
133
134
135
201
202
203
244
245
246
267
268
269
270
271
289
290
291
292
293
294
295
296
297
298
299
320
321
322
323
324
121
122
123
132
133
134
135
200
201
202
203
204
205
244
245
246
247
289
290
291
292
295
296
297
298
299
321
322
323
324
61
62
63
64
65
77
78
79
132
133
134
135
188
189
190
200
201
202
203
204
205
243
244
245
246
247
289
290
291
292
295
296
297
298
322
323
324
2
3
4
5
61
62
63
64
65
66
77
78
79
133
134
135
186
187
188
189
190
191
192
193
194
199
200
201
202
203
204
205
243
244
245
246
247
290
291
292
295
296
297
298
0
1
2
3
4
5
61
62
63
64
65
66
76
77
78
79
80
81
186
187
188
189
190
191
192
193
194
195
199
200
201
202
203
204
205
243
244
245
246
295
296
297
298
325
326
327
0
1
2
3
4
5
6
46
47
48
62
63
64
65
66
76
77
78
79
80
81
186
187
188
189
190
191
192
193
194
195
196
199
200
201
203
204
205
238
239
240
295
296
297
298
325
326
327
328
0
1
2
3
4
5
6
46
47
48
49
50
51
62
63
64
65
76
77
78
79
80
81
187
188
189
190
191
192
193
194
195
196
197
199
200
201
237
238
239
240
241
295
296
297
325
326
327
328
329
0
1
2
3
4
5
6
46
47
48
49
50
51
187
188
189
191
192
193
194
195
196
197
198
199
200
201
237
238
239
240
241
242
243
286
287
288
324
325
326
327
328
329
47
48
49
50
51
61
62
63
64
65
66
191
192
193
194
195
196
197
198
199
200
201
202
237
238
239
240
241
242
243
280
281
282
286
287
288
324
325
326
327
328
329
61
62
63
64
65
66
69
70
71
194
195
196
197
198
199
200
201
202
238
239
240
241
242
243
280
281
282
283
285
286
287
288
324
325
326
327
328
329
61
62
63
64
65
66
69
70
71
72
73
111
112
113
114
115
196
197
198
199
200
201
202
233
234
235
236
237
238
239
240
241
242
243
280
281
282
283
284
285
286
287
288
62
63
64
65
69
70
71
72
73
111
112
113
114
115
196
197
198
199
200
233
234
235
236
237
238
239
240
241
242
243
281
282
283
284
285
286
287
288
62
63
64
65
69
70
71
72
73
111
112
113
114
115
155
156
157
196
197
198
199
233
234
235
236
237
238
239
240
241
242
243
244
282
283
284
285
286
287
288
289
62
63
64
69
70
71
85
86
87
88
112
113
114
115
154
155
156
157
234
235
236
237
238
239
240
241
242
243
244
247
248
249
281
282
283
284
285
286
287
288
289
67
68
69
70
71
72
85
86
87
88
154
155
156
157
182
183
184
237
238
239
240
241
242
243
244
247
248
249
281
282
283
284
285
286
287
288
289
5
6
7
11
12
13
67
68
69
70
71
72
85
86
87
88
89
90
91
92
94
95
96
154
155
156
157
181
182
183
184
238
239
240
241
247
248
249
281
282
283
284
285
5
6
7
10
11
12
13
14
60
61
62
67
68
69
70
71
72
88
89
90
91
92
93
94
95
96
116
117
118
154
155
156
157
181
182
183
184
191
192
193
239
240
241
247
248
249
251
252
253
258
259
260
314
315
316
317
318
5
6
7
8
9
10
11
12
13
14
15
59
60
61
62
65
66
67
68
69
70
88
89
90
91
92
93
94
95
96
116
117
118
181
182
183
184
191
192
193
224
225
226
227
228
229
230
247
248
249
250
251
252
253
256
257
258
259
260
279
280
281
282
301
302
303
314
315
316
317
318
7
8
9
10
11
12
13
14
15
30
31
32
45
46
47
58
59
60
61
62
64
65
66
67
88
89
90
91
92
93
94
95
116
117
118
188
189
190
191
192
193
194
224
225
226
227
228
229
230
249
250
251
252
253
256
257
258
259
260
279
280
281
282
283
301
302
303
305
306
307
314
315
316
317
318
7
8
9
10
11
12
13
14
15
30
31
32
33
40
41
42
43
44
45
46
47
58
59
60
61
62
63
64
65
66
67
88
89
90
91
92
93
94
95
114
115
116
117
118
169
170
171
188
189
190
191
192
193
194
195
196
197
221
222
223
224
225
226
227
228
229
230
249
250
251
252
253
256
257
258
259
276
277
278
279
280
281
282
283
301
302
303
304
305
306
307
310
311
312
313
314
315
316
317
318
10
11
12
13
14
30
31
32
33
40
41
42
43
44
45
46
47
48
58
59
60
61
62
63
64
65
66
69
70
71
85
86
87
91
92
93
94
95
114
115
116
169
170
171
188
189
190
191
192
193
194
195
196
197
221
222
223
224
225
226
227
228
229
249
250
251
252
253
254
255
256
257
276
277
278
279
280
281
282
283
284
301
302
303
304
305
306
307
308
309
310
311
312
313
314
315
316
317
318
16
17
18
31
32
33
34
35
40
41
42
43
44
45
46
47
48
58
59
60
61
62
63
64
65
69
70
71
85
86
87
88
91
92
93
94
100
101
102
114
115
116
167
168
169
170
171
187
188
189
190
191
192
193
194
195
196
197
221
222
223
224
225
226
249
250
251
252
253
254
255
256
257
276
277
278
279
282
283
284
301
302
303
304
305
306
307
308
309
310
311
312
313
314
315
316
317
318
16
17
18
33
34
35
40
41
42
43
44
45
46
47
48
50
51
52
53
54
58
59
60
61
62
63
69
70
71
72
85
86
87
88
91
92
93
94
95
100
101
102
103
104
167
168
169
170
171
172
173
187
188
189
192
193
194
195
196
197
221
222
223
224
225
251
252
253
254
255
256
257
282
283
284
301
302
303
304
305
307
308
309
310
311
312
313
314
315
316
325
326
327
328
329
330
331
15
16
17
18
19
33
34
35
45
46
47
48
50
51
52
53
54
59
60
61
62
63
69
70
71
72
85
86
87
88
91
92
93
94
95
100
101
102
103
104
163
164
165
167
168
169
170
171
172
173
187
188
189
192
193
194
195
222
223
224
225
252
253
254
255
302
303
304
305
307
308
309
310
311
312
313
314
315
316
317
325
326
327
328
329
330
331
15
16
17
18
19
50
51
52
53
54
55
56
59
60
61
62
63
64
65
69
70
71
72
86
87
88
91
92
93
94
95
100
101
102
103
104
163
164
165
166
168
169
170
171
172
173
222
223
224
225
300
301
302
303
304
305
308
309
310
311
312
313
314
315
316
317
325
326
327
328
329
330
331
15
16
17
18
19
51
52
53
54
55
56
59
60
61
62
63
64
65
69
70
71
91
92
93
106
107
108
157
158
159
162
163
164
165
166
223
224
225
300
301
302
303
304
305
310
311
312
313
314
315
316
317
325
326
327
328
329
330
52
53
54
55
56
59
60
61
62
63
64
65
66
67
68
69
90
91
92
93
106
107
108
109
110
111
157
158
159
160
162
163
164
165
166
300
301
302
303
304
305
312
313
314
327
328
329
330
20
21
22
23
24
59
60
61
62
63
64
65
66
67
68
69
90
91
92
93
106
107
108
109
110
111
156
157
158
159
160
162
163
164
165
166
300
301
302
303
304
305
20
21
22
23
24
62
63
64
65
66
67
68
69
90
91
92
106
107
108
109
110
111
156
157
158
159
160
302
303
304