311
321
322
325
157
158
319
320
322
324
8
158
160
161
172
177
252
253
308
309
318
7
8
9
76
159
173
174
175
178
249
250
251
319
6
7
9
77
174
217
230
10
74
75
76
173
175
216
230
231
181
183
266
72
79
179
180
201
216
267
272
273
71
74
75
79
81
200
202
214
215
265
272
278
70
71
74
80
140
214
215
217
265
278
302
303
326
79
80
140
158
163
215
216
217
254
255
256
259
303
328
60
61
70
72
78
79
80
106
107
109
139
141
159
160
162
200
201
254
255
259
260
280
302
308
328
329
330
331
333
59
61
62
106
107
161
202
253
256
259
260
281
295
296
308
327
10
60
61
62
73
139
160
248
253
255
296
302
309
315
10
11
61
62
115
116
138
159
173
174
231
248
256
257
296
297
298
303
304
314
315
9
106
114
155
159
174
222
227
231
246
255
7
11
113
114
131
156
174
175
223
226
229
250
297
318
8
10
106
107
132
133
156
157
223
224
245
251
256
258
319
35
106
163
166
168
173
175
245
247
250
291
293
317
34
35
37
38
154
163
165
166
229
230
245
247
254
258
319
320
5
6
7
8
9
11
37
38
153
156
157
165
167
173
228
263
264
289
290
315
320
4
6
8
10
11
17
18
31
32
37
63
153
175
176
223
224
288
289
317
319
320
321
2
3
7
8
10
13
15
16
23
31
35
38
61
62
63
71
72
151
154
222
262
289
321
5
7
11
13
14
23
71
151
320
5
10
11
14
15
23
24
25
72
73
154
273
15
150
155
156
322
3
15
71
149
150
151
270
271
321
1
2
16
69
71
150
151
153
156
261
262
279
321
322
69
150
151
153
154
261
280
321
323
113
152
157
182
183
184
247
275
279
322
114
157
158
183
185
186
216
249
274
114
185
186
216
228
251
273
274
122
215
226
227
274
123
125
224
225
226
227
21
124
228
328
125
22
126
292
327
328
21
100
283
284
290
291
292
21
22
99
282
283
284
285
4
6
22
118
275
283
284
285
4
98
114
274
276
284
4
40
113
115
117
118
120
121
278
281
40
99
100
111
115
116
117
276
280
302
40
114
115
116
117
156
254
255
280
281
303
41
116
157
255
274
279
301
303
304
327
256
281
301
305
314
315
115
155
157
173
174
263
279
282
303
304
313
314
325
327
328
329
178
187
226
263
265
267
312
325
11
15
118
172
179
180
186
187
210
227
229
264
268
270
311
313
326
327
11
12
13
116
186
197
199
212
229
230
251
271
289
313
327
12
13
116
197
198
212
228
229
251
313
14
29
117
118
194
197
200
230
248
249
288
290
15
16
25
26
29
63
65
118
194
199
200
230
231
289
290
291
312
16
26
29
62
63
66
91
95
117
194
223
231
233
234
250
312
313
62
95
116
153
156
195
222
223
232
234
289
290
291
298
299
89
94
97
98
152
154
155
224
226
233
298
307
313
89
95
96
97
153
173
197
199
225
227
288
302
306
307
312
90
98
158
196
226
227
282
284
287
289
303
304
311
35
88
156
157
175
176
177
178
199
227
282
285
286
288
289
291
301
302
307
312
33
87
178
200
202
203
226
228
245
280
287
290
291
292
301
31
32
34
86
184
185
186
225
226
246
304
185
249
250
285
286
287
12
21
22
60
61
149
185
247
288
297
9
11
22
61
127
149
150
181
244
247
248
278
298
8
10
20
21
22
60
61
127
128
181
182
245
246
247
293
297
298
60
61
127
128
181
183
184
185
245
246
247
279
294
123
124
128
183
184
213
214
237
246
248
280
62
69
74
112
124
178
212
236
237
247
250
280
293
295
299
300
17
18
69
124
125
131
132
134
178
212
213
236
299
17
70
72
114
124
132
133
179
202
203
269
28
109
113
180
203
204
270
28
29
110
117
118
122
123
126
160
204
270
32
107
108
109
114
159
160
161
201
202
230
33
34
106
110
113
114
116
158
159
230
109
111
209
210
219
231
112
113
114
116
122
123
209
217
232
113
115
116
123
217
294
112
113
115
218
294
114
220
286
292
141
144
164
165
166
284
287
291
292
108
109
110
111
140
143
144
164
241
288
292
107
108
109
110
241
290
107
109
187
231
233
240
242
106
184
231
232
234
238
239
134
185
186
187
214
215
232
233
240
102
105
134
135
186
212
215
235
242
101
104
105
106
187
213
232
235
236
238
66
67
68
101
102
105
106
109
110
219
233
237
268
32
33
62
67
68
96
101
103
106
107
108
109
125
126
234
236
267
270
317
318
319
320
31
32
65
67
97
98
102
125
126
219
237
238
267
273
316
318
5
6
32
62
63
64
86
87
97
105
124
125
126
140
220
222
236
237
238
271
6
25
31
66
70
86
87
88
97
105
107
139
224
225
234
235
239
269
270
316
24
64
65
69
71
86
87
88
107
121
123
136
137
162
222
225
235
315
25
27
28
64
65
68
69
70
71
72
85
105
106
107
123
124
136
139
141
160
224
235
237
13
14
17
68
69
70
73
106
125
136
158
159
235
318
321
323
13
16
25
28
30
53
54
68
69
151
159
160
162
235
318
320
321
322
17
21
24
54
55
68
152
155
182
215
256
317
318
319
17
20
21
53
55
152
153
154
166
168
181
215
225
256
257
276
285
319
52
53
95
165
180
184
185
226
256
276
277
316
79
95
96
180
183
184
186
216
222
224
278
285
317
55
79
80
81
82
95
129
130
182
184
185
222
223
279
317
80
82
131
188
218
275
284
55
57
58
81
83
129
130
131
189
195
276
277
280
281
284
47
48
49
57
58
80
189
191
193
194
207
208
209
282
315
47
56
109
111
130
187
188
189
191
192
193
194
208
209
211
212
219
281
46
49
50
109
110
128
129
189
192
210
217
280
313
315
316
325
326
327
328
48
49
127
131
187
190
209
217
224
326
28
29
47
48
109
130
131
133
186
193
325
29
109
133
184
189
193
216
225
226
232
234
235
236
29
107
108
109
128
182
192
194
216
217
225
235
237
238
323
28
109
182
194
195
217
223
225
234
236
237
91
107
109
145
146
147
224
225
233
234
235
236
91
92
109
145
224
225
266
289
67
68
71
90
91
224
266
268
290
294
295
65
66
67
69
223
227
228
235
238
268
269
292
32
34
65
228
229
236
293
328
329
32
34
65
159
160
201
219
221
222
227
228
235
266
294
296
324
328
161
200
201
202
205
228
294
296
316
324
325
45
46
205
206
286
288
294
295
311
312
314
315
316
324
20
45
47
208
281
286
314
321
322
323
326
327
46
165
234
281
286
289
313
315
316
19
20
167
168
233
234
280
286
314
315
51
52
95
96
170
279
313
315
316
52
56
58
80
95
149
159
171
280
281
313
315
316
8
50
51
56
58
59
79
80
96
149
150
159
160
171
280
282
314
316
4
7
56
148
149
162
163
229
235
281
283
299
314
315
322
4
5
55
97
147
160
162
164
171
230
234
235
236
278
282
283
287
298
299
316
321
4
6
7
97
148
163
169
173
234
235
282
288
297
300
316
320
321
26
50
51
84
97
153
164
232
288
290
317
25
26
49
152
160
165
193
194
232
233
281
288
289
313
83
86
158
159
171
193
220
293
316
317
84
128
130
153
154
171
172
193
194
291
292
315
7
8
84
85
128
129
154
171
192
193
221
254
292
294
314
7
8
123
128
130
155
169
173
174
192
220
221
254
255
290
291
294
295
307
308
7
122
127
129
131
132
193
194
195
219
220
221
255
290
291
307
82
83
121
122
128
129
130
153
168
169
194
195
196
248
249
291
81
127
153
154
163
164
168
196
197
198
318
80
159
162
163
164
197
201
248
315
331
73
75
160
162
201
249
315
317
318
332
333
73
74
83
84
157
160
161
200
202
226
319
333
43
44
84
201
203
228
333
43
44
109
135
136
202
203
204
211
213
229
237
256
110
136
214
229
230
236
237
253
254
286
287
332
109
137
176
177
201
211
212
213
230
255
256
287
311
23
70
72
77
176
211
253
254
255
256
257
311
23
24
25
69
71
77
78
202
255
23
24
72
79
81
311
312
23
24
110
204
233
3
5
6
24
74
93
109
110
119
121
200
203
223
224
235
236
3
4
5
22
73
75
92
93
111
118
202
203
223
224
0
2
4
27
73
91
92
118
123
124
127
128
180
200
224
225
25
27
112
120
121
127
128
27
30
70
71
113
114
117
129
179
29
110
113
114
115
142
178
259
22
30
70
76
79
111
114
141
260
262
21
23
29
30
31
72
76
78
109
142
143
148
246
247
314
32
71
78
79
93
108
141
147
148
178
246
315
318
72
77
78
147
148
178
179
313
314
315
318
73
78
92
95
96
147
148
315
74
77
188
191
317
7
8
77
78
147
189
190
263
264
4
7
8
147
189
263
5
26
196
6
25
195
25
26
196
5
6
43
170
171
43
120
128
169
171
216
219
220
245
43
119
120
211
212
213
216
219
221
285
35
42
43
126
127
128
129
212
214
219
220
222
246
286
287
36
127
246
286
17
128
216
217
287
288
12
13
16
36
37
129
204
287
13
16
18
204
205
211
212
215
220
221
236
237
239
17
18
34
37
112
113
177
207
214
222
232
18
35
36
110
111
113
176
215
223
235
256
35
36
37
141
142
176
178
223
234
255
36
38
223
234
253
255
256
140
292
293
139
200
96
97
199
241
242
290
328
22
98
200
201
242
243
289
329
330
22
326
23
25
328
331
16
23
24
25
16
17
24
25
240
241
332
17
18
42
103
170
171
41
44
103
106
205
207
239
242
21
39
40
103
106
107
112
169
206
20
38
104
107
112
113
168
170
283
284
329
331
332
21
86
87
104
116
281
285
326
328
88
102
103
104
115
117
118
119
278
280
286
326
329
330
89
104
112
114
116
279
111
113
115
116
117
256
114
115
256
256
257
325
326
105
117
325
327
56
105
106
127
133
136
326
327
55
79
104
105
106
128
133
218
222
223
321
323
325
54
55
56
80
104
106
108
109
128
129
132
134
141
219
221
222
223
323
324
35
36
78
79
105
107
109
127
128
129
130
131
132
133
140
218
222
323
33
34
37
38
76
107
127
129
133
141
193
218
219
221
283
32
33
36
76
195
196
222
281
282
283
284
74
75
96
97
98
99
143
216
222
74
75
76
98
100
214
215
3
74
75
175
176
177
179
215
4
60
63
65
106
176
182
185
0
1
2
47
58
60
61
63
101
105
107
134
175
179
180
185
212
3
48
57
59
60
62
100
101
105
106
133
180
186
211
212
213
318
45
46
47
58
59
134
178
209
210
317
41
47
48
56
57
58
60
61
177
178
179
208
304
316
18
20
43
49
57
58
178
179
263
264
289
315
316
317
17
40
167
178
262
287
290
305
20
54
166
167
168
195
301
302
303
305
43
45
46
55
167
169
170
196
306
311
314
45
47
55
167
168
195
196
309
310
314
45
293
295
306
313
58
154
293
296
57
59
154
155
156
160
303
60
85
154
155
160
281
301
302
304
60
84
153
154
155
281
282
304
40
42
83
158
161
304
40
41
158
159
179
297
298
303
305
160
180
278
280
297
303
304
306
307
62
161
180
258
259
278
279
280
298
62
63
80
81
83
84
258
259
277
279
298
304
305
81
83
102
172
175
278
279
297
304
82
101
174
272
274
275
296
105
106
108
158
272
274
297
298
17
20
38
103
105
106
107
108
134
159
173
174
255
257
273
296
297
298
19
37
39
107
108
109
133
134
135
158
160
256
257
274
275
296
299
18
38
162
163
273
19
139
141
142
191
192
215
216
272
165
183
191
215
68
69
71
82
128
139
141
191
212
213
277
41
43
68
83
84
127
128
137
138
139
140
185
214
277
39
40
41
42
43
83
128
186
213
214
39
40
42
43
214
272
278
279
39
213
214
271
38
213
214
272
37
39
41
24
39
40
41
116
117
118
119
257
258
23
39
42
118
119
194
256
257
41
195
21
101
195
214
323
14
15
21
71
104
194
195
213
247
248
249
250
324
15
102
166
213
248
249
250
323
69
71
101
103
143
164
165
166
248
250
69
141
142
143
245
68
71
118
140
141
244
247
14
67
70
117
138
140
141
142
143
243
244
245
247
15
35
36
37
38
69
72
116
125
138
140
240
241
245
247
13
14
35
36
69
70
71
72
123
124
136
139
246
15
32
34
36
70
125
126
140
240
241
13
34
35
72
223
224
296
12
32
36
124
223
224
225
281
282
296
308
124
125
156
214
224
225
267
281
282
308
309
7
8
14
124
126
127
155
156
213
268
283
298
308
140
155
158
213
269
8
140
141
157
158
159
178
179
212
213
224
266
270
308
6
8
118
136
137
139
177
221
222
224
226
230
231
308
8
118
140
176
225
230
268
58
118
119
140
156
222
223
224
267
268
320
58
139
154
155
156
225
287
57
60
139
141
144
286
287
288
319
330
58
111
141
142
249
318
329
330
111
112
128
139
143
153
166
252
267
318
319
47
48
128
140
141
144
153
163
165
166
251
265
266
331
47
48
112
128
140
152
167
266
267
331
47
49
51
140
143
166
167
168
169
266
267
268
312
313
115
116
119
138
140
142
159
160
165
167
168
225
226
265
266
267
312
59
118
120
138
141
157
160
218
220
225
44
60
61
91
92
93
116
117
118
120
142
143
161
165
220
221
225
43
58
91
92
93
117
119
144
156
158
183
215
222
226
323
43
60
91
156
157
182
184
212
213
214
216
218
220
221
319
320
322
47
50
94
115
116
158
212
215
220
221
320
321
46
47
48
89
115
116
156
157
46
47
49
86
90
115
178
180
327
53
85
90
118
179
284
286
327
48
52
56
87
115
185
186
189
274
282
284
286
328
59
185
190
192
273
274
275
276
278
279
281
327
52
58
59
85
123
124
192
273
276
67
87
122
123
124
187
261
277
66
69
106
122
123
200
201
261
286
287
303
57
65
105
107
121
122
201
262
287
302
304
58
66
108
121
200
202
238
239
304
19
21
59
66
238
316
317
18
19
141
193
194
195
318
319
18
110
111
137
191
194
195
235
237
248
249
297
298
318
319
18
19
20
113
136
138
140
141
190
193
195
196
218
235
236
237
246
249
297
319
18
19
112
141
192
193
194
217
218
219
234
235
296
20
102
103
104
193
194
217
218
234
288
21
26
102
103
104
121
215
217
218
25
26
65
69
70
101
105
120
141
142
173
175
176
177
213
215
218
287
57
59
63
64
67
70
100
101
105
106
120
121
141
173
175
176
214
215
277
285
287
288
60
64
65
106
120
142
174
175
176
212
214
217
218
277
287
295
65
66
70
104
106
121
176
213
215
271
275
276
293
294
295
148
175
212
215
216
265
270
272
274
276
1
2
34
35
79
80
145
147
215
256
257
258
269
270
273
277
278
2
3
10
35
80
148
219
220
256
257
258
266
269
270
277
327
2
4
36
51
145
146
147
148
204
219
256
257
259
260
264
267
268
280
291
292
293
318
329
10
147
149
203
218
219
253
256
257
258
266
267
291
295
319
328
9
51
53
95
97
121
146
147
203
254
268
288
293
294
321
51
52
54
95
117
119
120
122
267
268
269
271
289
294
120
121
266
268
269
270
290
292
53
121
122
268
270
291
293
321
122
296
298
322
133
134
202
245
290
297
323
134
201
202
203
204
245
246
291
62
64
78
189
203
204
244
245
296
3
4
63
64
65
187
190
193
200
204
297
1
2
4
63
64
77
80
189
194
296
326
1
3
5
47
188
193
195
200
239
327
48
50
192
196
200
238
240
326
328
195
197
199
242
287
325
327
328
62
65
197
198
200
201
239
241
242
281
64
70
199
240
282
286
63
64
71
72
112
114
197
198
234
237
240
241
242
283
286
287
63
70
113
114
235
241
242
284
285
287
156
238
239
243
283
285
286
288
86
87
155
239
248
282
284
68
71
155
156
183
240
248
6
12
69
89
91
95
182
183
248
11
13
61
89
90
92
94
117
192
252
259
315
317
8
10
12
14
60
61
66
89
90
92
94
117
225
226
228
229
250
252
257
258
280
281
302
11
13
31
46
59
60
61
65
92
93
94
189
193
225
226
228
250
251
280
282
306
315
317
32
41
43
46
62
64
92
93
115
170
190
192
194
195
196
222
223
225
250
277
278
303
306
311
313
314
317
41
44
45
47
59
60
61
70
86
170
195
196
222
223
252
255
256
283
302
309
313
315
17
34
46
47
60
70
86
87
92
101
168
169
170
188
193
194
223
224
253
254
308
309
310
313
314
315
17
51
53
60
62
70
71
87
92
93
94
101
103
169
171
172
223
224
303
304
309
326
327
328
329
330
16
18
52
70
164
224
303
311
316
326
327
328
53
55
62
64
165
301
302
303
313
328
329
60
63
92
107
158
163
165
301
302
303
304
63
64
66
68
91
108
109
110
158
159
21
22
23
65
91
107
110
157
158
303