192
193
194
195
199
259
260
173
174
192
195
259
260
118
174
193
198
199
200
201
257
118
161
192
196
197
198
199
200
201
257
258
260
261
118
161
162
188
189
190
191
193
195
197
199
258
259
260
287
305
118
119
161
162
200
201
258
288
306
120
186
199
200
253
254
287
303
307
187
252
256
257
258
260
287
289
290
307
252
255
259
260
261
288
289
290
253
254
256
261
288
290
291
294
295
296
83
84
85
86
252
258
262
289
294
295
297
83
84
85
87
285
289
290
295
85
86
251
258
259
260
285
286
288
289
290
293
294
33
34
35
256
259
260
284
288
291
293
294
33
34
276
288
290
291
293
294
295
253
273
274
276
258
277
251
258
259
278
3
5
65
66
76
77
250
251
252
254
257
258
279
284
285
311
2
3
5
65
78
249
250
256
257
258
281
285
311
4
62
64
74
75
76
77
210
212
213
214
250
254
256
257
258
259
280
284
285
287
308
309
311
0
1
3
4
63
74
75
78
211
213
248
250
255
258
279
280
282
284
286
311
0
3
4
63
212
246
247
248
255
283
285
287
292
310
1
4
70
72
248
286
291
310
4
77
151
154
248
289
291
4
75
76
152
286
290
292
1
2
78
108
151
155
286
290
1
2
108
109
148
152
153
286
287
288
289
0
1
3
4
102
104
105
109
150
151
152
153
167
168
285
286
287
288
289
290
2
97
102
103
106
108
109
111
149
150
151
167
284
285
287
288
289
291
1
98
99
102
147
148
149
150
265
288
290
292
0
1
98
99
101
103
148
149
168
263
264
266
267
291
292
293
1
99
100
101
147
150
151
166
168
169
261
263
265
292
100
101
158
159
167
168
260
262
264
265
102
103
160
167
169
262
266
267
268
89
90
158
169
260
89
91
252
253
257
259
260
268
269
86
87
88
90
252
253
254
257
258
267
270
87
88
89
204
205
255
257
77
87
88
201
203
204
244
254
8
9
77
78
88
89
201
243
245
256
8
12
16
17
77
86
87
88
116
120
201
204
242
244
256
257
258
259
10
11
12
13
16
18
83
84
86
117
204
257
259
260
5
11
12
16
17
22
80
82
83
85
86
118
121
263
8
11
19
21
82
85
86
262
263
6
7
17
21
23
84
86
119
120
121
263
264
265
4
6
7
12
13
22
120
122
263
265
6
7
8
11
12
14
17
23
73
3
4
5
16
23
72
73
261
263
264
5
6
7
16
23
70
73
80
81
115
260
263
264
5
70
80
82
114
255
256
257
259
263
5
71
75
101
102
109
111
114
262
75
101
102
108
109
112
113
114
212
258
259
18
19
20
21
24
74
75
76
100
101
103
106
108
109
110
111
212
213
215
258
19
21
23
24
72
73
74
75
77
100
102
105
106
109
112
114
212
218
219
220
18
19
21
23
24
71
72
75
76
104
105
106
114
115
220
17
73
74
77
102
103
105
106
107
114
221
222
282
298
301
302
17
18
19
73
74
76
102
103
104
105
112
113
114
196
197
200
221
222
271
273
275
280
282
298
299
18
19
20
21
74
104
105
113
114
192
194
269
270
271
283
301
18
21
23
105
106
107
110
190
193
194
195
200
270
272
273
277
283
17
24
102
108
177
189
190
191
201
270
273
275
276
278
24
26
28
100
104
176
177
190
191
192
197
198
276
277
24
25
75
95
99
102
103
104
105
175
176
189
190
192
193
194
195
197
198
199
275
277
20
23
93
96
98
103
104
105
107
176
194
195
196
197
257
258
259
260
261
21
24
25
28
29
72
73
96
103
104
105
106
108
196
198
260
19
22
23
24
25
28
29
71
72
108
197
24
25
28
29
71
72
105
106
109
149
194
195
258
23
71
147
148
193
195
259
9
21
23
46
147
148
214
216
258
260
4
8
9
12
21
46
50
215
259
4
7
8
9
10
13
35
47
49
50
51
259
273
3
5
9
36
37
46
49
50
274
3
4
5
7
10
13
36
37
39
48
49
85
86
3
13
37
38
39
40
41
42
44
47
83
85
86
95
96
107
273
274
275
6
10
14
35
36
38
39
40
43
46
48
87
91
94
95
96
106
107
273
3
13
15
40
89
95
106
108
198
199
201
202
224
226
227
229
273
324
12
15
30
37
38
39
40
41
44
90
98
198
200
201
203
226
227
324
325
326
327
328
32
36
37
40
42
43
89
90
91
94
96
97
98
99
201
202
203
223
224
226
325
326
327
329
32
37
38
39
40
41
42
43
44
88
91
93
95
96
97
100
186
187
188
189
202
221
223
228
240
241
323
324
326
327
328
329
331
33
34
35
39
40
47
92
93
94
97
185
189
224
225
226
239
322
324
328
329
330
34
35
36
47
51
52
89
90
92
93
186
187
190
191
221
223
226
239
322
323
325
327
328
329
330
34
47
48
49
50
51
52
190
192
220
223
224
327
328
329
29
31
35
36
43
45
50
51
52
189
194
219
224
225
235
236
328
331
32
34
35
36
44
188
189
191
194
219
221
224
225
236
239
311
312
313
327
329
332
2
21
30
31
33
34
35
36
37
50
116
190
191
193
227
237
238
239
240
242
259
260
310
311
330
1
2
4
20
32
36
43
44
45
50
116
236
238
239
240
261
310
312
5
6
19
20
34
47
49
50
117
237
239
257
258
259
260
261
262
309
311
312
313
327
47
110
111
112
234
235
236
238
255
256
257
259
261
263
309
313
314
316
323
328
22
48
111
112
236
238
260
314
324
325
327
329
330
32
113
237
324
326
327
329
32
34
112
113
114
151
152
312
313
324
326
32
33
112
152
208
312
316
317
31
115
209
311
312
314
316
317
32
115
116
152
213
214
215
216
311
312
114
116
152
209
215
316
115
116
208
213
214
215
216
34
37
112
115
119
121
154
155
157
209
214
215
31
33
35
109
113
120
122
32
33
82
110
31
32
33
37
81
82
83
111
113
317
32
33
36
37
39
81
110
317
318
27
28
30
31
36
37
82
83
109
316
317
30
31
32
33
34
35
36
83
227
320
321
322
27
30
31
35
36
37
38
82
83
84
114
224
225
268
320
321
27
30
31
35
36
37
38
113
116
223
274
320
26
27
31
37
223
268
274
305
316
318
320
118
178
179
180
267
268
271
272
274
275
304
305
306
315
317
320
129
178
180
225
270
271
273
274
276
281
303
318
130
131
179
181
223
226
270
272
278
279
281
26
223
269
270
281
305
27
64
68
131
179
181
182
184
278
280
307
25
26
27
61
64
67
68
69
130
179
180
182
183
185
278
279
306
307
308
26
60
61
62
63
64
67
68
130
143
179
183
184
185
210
211
277
279
280
307
309
25
26
32
59
63
68
141
142
143
179
181
184
209
212
273
277
307
308
309
20
65
67
143
178
273
278
279
280
281
308
310
18
19
32
33
142
178
179
205
263
275
280
309
18
19
32
35
263
264
265
30
34
35
36
205
207
263
265
19
29
30
34
93
262
264
93
94
262
263
94
95
100
101
136
93
96
99
103
105
135
137
138
263
266
91
92
93
94
95
97
98
100
104
105
136
139
262
265
35
38
92
98
99
100
101
102
105
106
136
137
138
139
140
264
269
271
272
95
98
99
100
102
124
135
136
137
139
140
262
270
272
37
94
97
100
140
141
236
237
266
270
271
272
38
45
124
125
126
141
237
263
265
272
34
39
44
120
125
126
140
141
238
34
35
36
41
42
43
123
124
125
126
139
142
237
34
40
43
45
122
123
125
233
236
237
43
44
45
47
122
123
124
125
232
233
42
43
45
46
48
124
231
235
40
41
42
44
46
232
40
41
43
45
46
50
52
236
249
250
313
44
45
46
50
53
234
235
237
314
315
316
317
45
48
51
53
230
232
234
237
249
250
273
316
317
51
54
230
231
234
235
249
273
315
48
53
236
255
257
274
48
251
252
253
256
273
46
47
49
118
252
253
272
273
49
118
119
120
196
197
250
252
253
254
255
256
50
117
118
119
120
199
251
254
255
256
257
121
193
198
199
200
201
252
254
255
120
195
196
197
199
254
255
256
119
171
196
200
254
257
171
172
194
197
201
202
232
234
173
175
198
233
173
174
178
199
200
232
175
177
178
197
200
232
176
177
178
180
97
98
179
10
98
185
186
11
118
174
184
185
187
273
117
124
156
158
174
185
233
273
274
12
13
116
122
123
125
156
157
158
185
186
227
233
273
274
302
303
13
14
15
117
151
153
154
157
175
184
186
228
230
233
273
274
275
299
301
302
13
14
15
118
152
153
154
156
176
227
243
272
273
300
302
10
118
155
184
187
226
228
229
242
272
273
297
300
302
10
18
154
155
156
183
229
241
242
243
301
11
12
14
15
18
156
157
233
235
242
293
295
297
12
16
155
157
159
160
232
234
235
294
296
14
156
157
158
159
160
232
233
234
11
15
159
160
159
160
161
162
161
162
167
179
180
181
182
160
161
166
168
169
181
162
166
170
180
162
165
171
179
180
164
165
232
127
162
164
166
231
232
128
163
164
165
33
34
125
128
130
158
163
32
33
34
124
125
126
130
157
158
159
163
32
33
125
127
164
224
229
230
234
14
31
32
123
126
127
128
160
161
164
165
166
167
168
186
209
225
226
228
233
329
13
31
33
127
128
165
166
167
206
207
226
230
232
328
329
30
34
35
128
129
163
164
165
166
168
182
184
203
205
207
208
226
227
228
229
230
231
233
329
330
5
7
8
9
10
11
12
29
33
34
35
36
163
164
165
167
184
185
197
199
203
205
206
226
227
228
230
231
232
235
328
4
5
6
14
30
31
32
33
34
35
36
162
164
182
183
184
195
196
198
201
203
207
229
230
231
232
234
9
10
13
14
30
31
32
35
36
183
186
194
195
196
197
200
230
231
5
9
11
29
34
35
36
195
196
197
201
231
232
239
4
5
6
10
34
195
197
202
231
238
250
251
3
4
5
7
33
128
129
130
198
230
231
233
234
236
237
249
251
252
2
4
6
7
34
71
72
127
128
129
130
202
205
231
232
234
236
250
251
252
274
276
4
70
71
72
117
201
204
233
235
270
271
274
275
7
9
10
37
70
71
109
110
114
115
116
197
198
199
202
203
204
230
234
235
273
274
11
30
31
37
38
68
71
110
113
114
199
205
231
232
235
273
274
310
311
7
32
38
42
69
110
111
113
119
120
232
233
274
275
311
8
30
31
32
40
41
43
62
63
66
67
68
69
107
109
111
112
117
119
120
121
161
229
230
232
234
310
29
31
33
42
62
68
111
112
117
122
161
162
181
229
309
310
30
62
67
68
109
110
112
120
122
161
180
181
182
308
311
31
39
40
41
68
119
120
181
182
179
180
19
20
23
42
181
20
21
23
187
199
149
186
187
199
200
203
148
149
155
186
203
150
186
187
203
204
212
155
156
199
201
211
212
309
124
155
203
308
309
125
152
153
154
155
202
203
204
205
309
153
154
201
205
307
309
125
126
127
128
153
154
155
202
203
204
298
300
305
42
125
202
203
204
299
300
301
302
304
305
41
127
202
203
300
303
304
327
42
126
203
204
244
245
299
304
305
306
326
44
127
243
244
246
303
306
307
326
127
244
302
305
306
243
244
245
246
301
302
304
137
243
244
245
301
138
244
245
136
242
243
244
246
278
18
137
138
242
243
246
247
248
279
288
289
290
0
2
4
137
245
246
247
249
250
253
278
289
291
292
1
2
5
17
18
247
249
250
251
252
253
255
277
280
290
293
4
51
245
247
248
249
256
279
2
3
4
5
6
50
51
167
244
246
247
3
4
5
6
50
51
52
53
54
167
168
169
243
244
245
246
248
280
286
3
5
50
52
54
55
166
168
250
251
252
274
279
282
284
285
4
6
7
21
52
53
167
170
273
277
278
279
281
282
283
285
19
49
52
53
116
167
168
169
274
278
280
283
284
285
7
16
17
20
54
56
115
277
279
280
281
285
15
51
114
279
15
18
21
54
276
279
18
19
311
11
12
14
15
17
18
19
87
305
306
309
310
311
325
15
16
19
20
86
172
303
304
307
309
310
311
325
326
16
20
86
171
230
300
302
307
310
326
16
83
86
88
90
170
171
232
233
234
298
301
302
311
312
83
84
87
230
231
233
298
302
305
306
308
311
82
83
123
125
131
173
234
297
301
302
305
84
124
125
130
131
172
173
234
236
295
299
300
83
84
85
132
295
296
297
298
299
300
48
49
50
51
126
191
236
237
245
296
302
304
309
46
48
49
50
85
87
124
193
235
237
297
298
300
301
302
304
305
308
51
87
192
196
197
245
286
287
297
298
301
307
308
309
87
88
129
135
136
191
195
196
197
198
199
200
244
286
287
296
297
300
301
305
128
133
134
135
196
197
198
199
245
310
125
126
128
133
196
198
247
261
267
300
301
128
129
134
135
136
227
244
245
246
262
268
302
128
129
136
138
226
245
246
248
267
269
0
134
136
137
138
226
227
245
262
263
1
108
134
135
137
226
246
266
1
10
11
105
107
108
263
108
109
134
135
136
221
222
262
266
267
272
273
1
11
108
109
135
222
225
263
265
266
267
268
272
273
13
225
242
263
270
4
5
15
110
223
226
227
241
242
268
269
270
271
3
5
6
14
15
109
224
226
228
229
266
268
5
12
108
194
221
223
225
229
264
265
268
269
5
10
11
35
36
37
188
190
220
223
224
225
226
228
269
303
304
10
36
37
38
110
111
113
189
192
221
222
223
224
225
228
305
32
36
37
111
190
191
215
221
222
225
303
304
35
36
42
110
111
112
214
215
216
221
223
224
226
302
34
43
44
53
57
104
110
112
113
144
215
216
224
226
301
302
42
43
44
50
144
145
221
223
226
43
51
55
103
106
145
222
225
226
41
42
50
51
56
105
106
107
146
220
226
27
103
107
147
26
27
28
45
48
53
45
46
106
191
45
49
50
106
109
104
106
107
108
109
110
187
191
299
49
106
107
108
192
299
302
303
107
187
188
301
302
303
106
186
187
302
303
92
93
186
187
188
92
185
186
188
189
190
185
187
189
190
192
90
92
116
118
186
192
62
63
88
93
96
113
115
116
94
95
96
113
114
116
192
194
196
61
92
192
196
91
94
135
195
196
197
237
303
90
91
92
93
135
136
192
193
194
195
198
234
236
237
238
297
298
299
303
91
92
93
94
192
193
194
196
232
298
93
235
237
305
319
69
233
234
235
236
304
320
321
68
69
131
132
233
235
302
319
68
130
234
257
129
130
131
254
255
256
257
325
127
129
130
131
143
196
198
238
253
254
255
325
326
128
142
143
197
237
239
241
252
253
254
255
325
327
329
330
52
141
144
196
240
244
245
256
327
328
329
52
110
112
113
114
130
142
196
197
237
245
320
326
329
330
331
110
112
133
142
234
237
238
240
241
254
269
320
321
327
328
26
32
53
109
111
112
125
129
132
134
198
235
236
237
240
242
254
268
270
322
25
26
27
28
29
30
31
53
54
126
127
128
129
131
197
198
236
238
253
268
269
271
320
325
330
28
53
54
126
127
236
237
273
321
322
323
325
327
329
330
331
332
50
54
55
235
236
270
271
272
325
329
330
331
50
51
54
272
273
274
328
272
273
300
300
298
299
300
297
298
197
198
299
301
303
171
172
174
199
299
300
171
198
283
156
168
169
170
171
196
197
198
283
156
158
167
168
171
172
198
285
155
156
157
169
170
171
198
152
156
158
159
171
145
149
152
155
156
159
145
150
151
160
30
31
32
143
144
148
149
159
25
29
30
31
142
143
144
147
148
149
150
152
159
161
27
28
32
73
147
148
149
150
153
160
27
28
34
69
71
72
149
150
161
26
34
35
69
70
71
73
151
19
34
40
69
70
74
150
151
152
19
20
39
40
71
73
147
148
149
150
151
152
15
17
21
34
40
62
63
148
224
14
16
17
18
60
61
63
64
65
147
150
152
220
221
225
226
16
35
60
61
63
141
146
150
151
222
37
39
59
60
62
63
141
143
150
185
221
223
249
293
33
34
35
36
37
140
141
142
144
152
154
181
182
183
184
185
233
246
247
291
292
293
294
310
33
34
37
38
64
141
142
143
146
154
182
232
247
293
295
309
63
64
71
73
141
142
143
152
154
231
290
292
293
294
301
302
307
308
72
73
74
140
142
150
185
231
233
289
290
291
293
296
300
29
149
184
185
232
281
290
291
292
296
297
298
299
300
25
26
28
231
232
233
234
281
282
291
292
293
295
300
303
28
29
232
233
291
293
294
295
296
298
300
301
302
27
28
29
30
286
295
301
30
197
285
286
28
195
196
197
198
29
87
194
196
197
198
328
331
86
194
197
198
330
331
332
87
88
190
193
198
326
327
328
329
331
332
87
88
192
196
326
330
191
193
326
327
330
332