44
45
46
47
48
49
50
51
52
53
54
230
231
232
233
234
235
236
237
238
239
240
241
288
289
290
291
292
295
296
297
298
299
300
301
302
43
44
45
46
47
48
49
50
51
52
53
54
55
56
229
230
231
232
233
234
235
236
237
238
239
240
241
242
288
289
290
291
292
294
295
296
297
298
299
300
301
302
43
44
45
46
47
48
49
50
51
52
53
54
55
56
57
58
59
60
61
62
67
68
69
229
230
231
232
233
234
235
236
237
238
239
240
241
242
243
244
245
246
247
248
288
289
290
291
294
295
296
297
298
299
300
301
302
43
44
45
46
47
48
49
50
51
52
53
54
55
56
57
58
59
60
61
62
63
67
68
69
70
229
230
231
234
235
236
237
238
239
240
241
242
243
244
245
246
247
248
289
290
291
294
295
296
297
45
46
47
48
49
50
51
52
53
54
55
56
57
58
59
60
61
62
63
65
66
67
68
69
70
233
234
235
236
237
238
239
240
241
242
243
244
245
246
247
248
44
45
46
47
48
49
50
51
52
53
54
55
56
57
58
59
61
62
63
65
66
67
68
69
70
232
233
234
235
236
237
238
239
240
241
242
243
244
245
246
247
248
249
261
262
263
44
45
46
47
48
49
50
51
52
53
54
55
56
57
58
59
60
61
62
63
64
65
66
67
68
69
232
233
234
235
236
237
238
239
240
241
242
243
244
245
246
247
248
249
261
262
263
44
45
46
47
48
49
50
51
52
53
54
55
56
57
58
59
60
61
62
63
64
232
233
234
235
236
237
238
239
240
241
242
243
244
245
246
247
248
249
259
260
261
262
263
45
46
47
48
49
50
51
52
53
54
55
56
57
58
59
60
61
62
63
64
65
66
67
235
236
237
238
239
240
241
242
243
244
247
248
249
259
260
261
262
263
45
46
47
48
49
50
51
52
53
54
55
56
57
58
59
60
65
66
67
102
103
104
105
237
238
239
240
259
260
261
45
46
47
48
49
50
51
52
53
54
55
56
57
58
59
60
61
62
63
64
65
66
67
102
103
104
105
106
107
108
238
239
240
47
48
49
50
51
52
53
54
55
56
57
58
59
60
61
62
63
64
65
66
67
102
103
104
105
106
107
108
48
49
50
51
52
53
54
55
56
57
58
59
60
61
62
63
64
65
66
69
70
71
72
73
102
103
104
105
106
107
108
259
260
261
262
47
48
49
50
51
52
53
54
55
56
57
58
59
60
61
62
63
64
65
69
70
71
72
73
74
75
76
77
102
103
104
105
106
107
108
109
256
257
258
259
260
261
262
47
48
49
50
51
52
53
54
55
56
57
58
59
60
61
62
63
69
70
71
72
73
74
75
76
77
78
79
104
105
106
107
108
109
142
143
144
145
146
256
257
258
259
260
261
262
47
48
49
50
51
52
53
54
55
56
57
58
59
60
61
62
63
68
69
70
71
72
73
74
75
76
77
78
79
103
104
105
106
107
108
109
110
142
143
144
145
146
256
257
258
259
260
261
262
263
49
50
51
52
53
54
55
57
58
59
68
69
70
71
72
73
74
75
76
77
78
79
103
104
105
106
107
108
109
110
111
142
143
144
145
146
147
148
149
150
258
259
260
261
262
263
52
53
54
55
57
58
59
68
69
70
71
72
73
74
75
76
77
103
104
105
106
107
108
109
110
111
144
145
146
147
148
149
150
258
259
260
261
262
263
279
280
281
52
53
54
55
69
70
71
72
73
74
75
103
104
105
106
107
108
109
110
111
144
145
146
147
148
149
150
258
259
260
261
279
280
281
282
283
284
68
69
70
71
72
73
74
75
106
107
108
109
110
145
146
147
148
149
258
259
260
278
279
280
281
282
283
284
1
2
3
4
68
69
70
71
72
73
74
278
279
280
281
282
283
284
1
2
3
4
5
6
7
68
69
70
71
72
164
165
166
167
278
279
280
281
282
283
284
1
2
3
4
5
6
7
68
69
70
71
72
164
165
166
167
168
169
278
279
280
281
282
283
284
3
4
5
6
7
69
70
71
72
156
157
158
164
165
166
167
168
169
170
280
281
282
3
4
5
6
7
8
9
10
70
71
72
156
157
158
159
163
164
165
166
167
168
169
170
3
4
5
6
7
8
9
10
156
157
158
159
160
162
163
164
165
166
167
168
169
170
3
4
5
6
7
8
9
10
155
156
157
158
159
160
161
162
163
164
165
166
167
168
169
6
7
8
9
10
155
156
157
158
159
160
161
162
163
164
165
166
167
168
4
5
6
7
8
9
10
155
156
157
158
159
160
161
162
163
164
165
166
167
4
5
6
7
8
156
157
158
159
160
161
162
163
164
165
166
4
5
6
7
8
156
157
158
159
160
161
162
163
164
4
5
6
7
8
157
158
159
160
161
162
163
164
4
5
6
7
8
158
159
160
161
162
163
164
165
166
159
160
161
162
163
164
165
166
159
160
161
162
163
164
165
166
159
160
161
162
327
328
329
330
327
328
329
330
327
328
329
330
327
328
329
330
328
329
330
263
264
265
263
264
265
266
263
264
265
266
263
264
265
266
22
23
24
25
26
263
264
265
17
18
19
21
22
23
24
25
26
17
18
19
20
21
22
23
24
25
26
12
13
14
15
16
17
18
19
20
21
22
23
24
12
13
14
15
16
17
18
19
20
21
22
23
24
12
13
14
15
16
17
18
19
20
21
22
23
24
25
26
9
10
11
12
16
17
18
19
20
21
22
23
24
25
26
69
70
71
73
74
75
76
9
10
11
12
13
16
17
18
19
20
21
22
23
24
25
26
69
70
71
72
73
74
75
76
77
9
10
11
12
13
15
16
17
18
19
20
21
22
23
24
25
26
69
70
71
72
73
74
75
76
77
9
10
11
12
13
14
15
16
17
18
19
20
21
22
23
24
25
70
71
72
73
74
75
76
77
83
84
85
9
10
11
12
14
15
16
17
18
19
20
21
22
23
24
25
70
71
72
73
74
75
76
77
78
79
80
83
84
85
86
154
155
156
13
14
15
16
17
18
19
20
21
69
70
71
72
73
74
75
76
77
78
79
80
81
83
84
85
86
151
152
153
154
155
156
13
14
15
16
17
18
19
20
21
69
70
71
72
73
74
75
76
77
78
79
80
81
82
83
84
85
86
144
145
146
147
150
151
152
153
154
155
156
13
14
15
16
17
18
19
20
21
22
69
70
71
72
73
74
75
76
77
78
79
80
81
82
83
84
85
86
142
143
144
145
146
147
150
151
152
153
154
155
156
15
16
17
18
19
20
21
22
68
69
70
71
72
73
74
75
76
77
78
79
80
81
82
83
84
85
86
141
142
143
144
145
146
147
149
150
151
152
153
154
155
156
229
230
231
16
17
18
19
20
21
22
68
69
70
71
72
73
74
75
76
77
78
79
80
81
82
83
84
85
86
141
142
143
144
145
146
147
148
149
150
151
152
153
154
155
156
228
229
230
231
232
233
17
18
19
20
21
22
67
68
69
70
71
72
73
74
75
76
77
78
79
80
81
82
83
84
141
142
143
144
145
146
147
148
149
150
151
152
153
154
228
229
230
231
232
233
67
68
69
70
71
72
73
74
75
76
77
78
79
80
81
82
83
84
140
141
142
143
144
145
146
147
148
149
150
151
152
153
154
228
229
230
231
232
233
67
68
69
70
71
72
73
74
75
76
77
78
79
80
81
82
83
84
140
141
142
143
144
145
146
147
148
149
150
151
152
153
154
228
229
230
231
232
68
69
70
71
72
73
74
75
76
77
78
79
80
81
82
83
84
85
140
141
142
143
144
145
146
147
148
149
150
151
152
153
154
230
231
232
72
73
74
75
76
77
78
79
80
81
82
83
84
85
143
144
145
146
72
73
74
75
78
79
80
81
82
83
84
85
143
144
145
73
74
75
77
78
79
80
81
82
83
84
85
86
77
78
79
80
81
82
83
84
85
86
87
77
78
79
80
81
82
83
84
85
86
87
77
78
79
80
81
82
83
84
85
86
87
77
78
79
80
81
82
83
84
85
86
87
80
81
82
83
84
85
58
59
60
61
58
59
60
61
62
63
64
58
59
60
61
62
63
64
82
83
84
58
59
60
61
62
63
64
81
82
83
84
106
107
108
299
300
301
58
59
60
61
62
63
73
74
75
76
77
78
79
81
82
83
84
106
107
108
109
110
111
112
296
297
298
299
300
301
58
59
60
73
74
75
76
77
78
79
80
81
82
83
106
107
108
109
110
111
112
295
296
297
298
299
300
301
73
74
75
76
77
78
79
80
81
82
83
84
106
107
108
109
110
111
112
295
296
297
298
299
300
75
76
77
78
79
80
81
82
83
84
105
106
107
108
109
110
111
112
295
296
297
298
299
300
75
76
77
78
79
80
81
82
83
84
85
86
105
106
107
108
109
110
111
297
298
299
75
76
77
78
79
80
81
82
84
85
86
105
106
107
108
109
110
111
297
298
299
75
76
77
78
79
80
81
82
83
84
85
86
87
75
76
77
79
80
81
82
83
84
85
86
87
326
327
328
59
60
61
77
78
79
80
81
82
83
84
85
86
87
175
176
177
326
327
328
329
56
57
58
59
60
61
77
78
79
82
83
84
85
175
176
177
178
179
326
327
328
329
56
57
58
59
60
61
77
78
79
82
83
84
85
175
176
177
178
179
326
327
328
329
56
57
58
59
60
82
83
84
85
175
176
177
178
179
58
59
60
82
83
84
85
82
83
84
85
83
84
85
45
46
47
48
49
45
46
47
48
49
50
51
44
45
46
47
48
49
50
51
52
229
230
231
44
45
46
47
48
49
50
51
52
225
226
227
228
229
230
231
232
233
43
44
45
46
47
48
49
50
51
52
203
204
205
211
212
213
225
226
227
228
229
230
231
232
233
43
44
45
46
47
48
49
50
51
52
203
204
205
206
207
208
209
210
211
212
213
225
226
227
228
229
230
231
232
233
43
44
45
47
48
49
50
51
203
204
205
206
207
208
209
210
211
212
213
225
226
227
228
229
230
231
232
233
234
47
48
49
50
51
204
205
206
207
208
209
210
211
212
213
214
215
225
226
227
228
229
230
231
232
233
234
235
47
48
49
50
51
178
179
180
206
207
208
209
210
211
212
213
214
215
220
221
222
225
226
227
228
229
230
231
232
233
234
235
47
48
49
50
51
127
128
129
130
131
178
179
180
204
205
206
207
208
209
210
211
212
213
214
215
217
218
219
220
221
222
225
226
227
228
229
230
231
232
233
234
235
127
128
129
130
131
176
177
178
179
180
203
204
205
206
207
208
209
210
211
212
213
214
215
216
217
218
219
220
221
222
223
224
226
227
228
230
231
232
233
234
235
127
128
129
130
131
175
176
177
178
203
204
205
206
207
208
209
210
211
212
213
214
215
216
217
218
219
220
221
222
223
224
225
226
227
231
232
233
128
129
130
175
176
177
178
203
204
205
206
207
208
209
210
211
212
213
214
215
216
217
218
219
220
221
222
223
224
225
226
227
228
58
59
60
61
128
129
130
175
176
177
204
205
206
207
208
209
210
211
212
214
215
216
217
218
219
220
222
223
224
225
226
227
228
58
59
60
61
206
207
208
209
214
215
216
217
218
219
220
223
224
225
226
227
228
229
58
59
60
61
209
210
211
214
215
216
217
218
219
220
221
222
223
224
225
226
227
228
229
230
12
13
14
15
58
59
60
61
207
208
209
210
211
212
213
214
215
216
217
218
219
220
221
222
223
224
225
226
227
228
229
230
231
232
12
13
14
15
16
17
19
20
21
207
208
209
210
211
212
213
214
215
216
217
218
219
220
221
222
223
224
225
226
227
228
229
230
231
232
12
13
14
15
16
17
18
19
20
21
22
23
24
207
208
209
210
211
212
213
214
215
216
217
218
219
220
221
222
223
224
225
226
227
228
229
230
231
232
13
14
15
16
17
18
19
20
21
22
23
24
208
209
210
211
212
213
214
215
216
217
218
219
220
221
222
223
224
225
226
227
228
229
230
231
232
233
14
15
16
17
18
19
20
21
22
23
24
25
26
27
46
47
48
209
210
211
212
213
214
215
216
217
218
219
220
222
223
224
225
226
227
228
229
230
231
232
233
15
16
17
18
19
20
21
22
23
24
25
26
27
28
46
47
48
144
145
146
209
210
211
212
213
214
217
218
219
220
222
223
224
225
226
227
228
229
230
231
232
233
248
249
250
15
16
17
18
19
20
21
22
23
24
25
26
27
28
37
38
39
40
41
45
46
47
48
143
144
145
146
147
212
213
214
217
218
219
222
223
224
227
228
229
247
248
249
250
15
16
17
18
19
20
21
22
23
24
25
26
27
28
29
30
31
34
35
36
37
38
39
40
41
45
46
47
48
142
143
144
145
146
147
222
223
224
227
228
229
244
245
246
247
248
249
250
15
16
17
18
19
20
21
22
23
24
25
26
27
28
29
30
31
32
34
35
36
37
38
39
40
41
42
43
44
45
46
47
142
143
144
145
146
147
244
245
246
247
248
249
250
251
18
19
20
21
22
23
24
25
26
27
28
29
30
31
32
34
35
36
37
38
39
40
41
42
43
44
45
46
47
141
142
143
144
145
146
147
148
149
227
228
229
244
245
246
247
248
249
250
251
18
19
20
21
22
23
24
25
26
27
28
29
30
31
32
34
35
36
37
38
39
40
41
42
43
44
45
46
141
142
143
144
145
146
147
148
149
224
225
226
227
228
229
244
245
246
247
248
249
250
251
252
10
11
12
18
19
20
21
22
23
24
25
26
27
28
29
30
31
32
34
35
36
37
38
39
40
41
42
43
44
45
46
141
142
143
144
145
146
147
148
149
223
224
225
226
227
228
229
244
245
246
247
248
249
250
251
252
10
11
12
21
22
23
24
25
26
27
28
29
30
31
32
33
34
35
36
37
38
39
40
41
42
43
44
45
46
142
143
144
145
146
147
221
222
223
224
225
226
227
228
229
230
231
232
233
234
235
244
245
246
247
248
249
250
251
252
253
10
11
12
17
18
19
21
22
23
24
25
26
27
28
29
30
31
32
33
34
35
36
37
38
39
40
41
42
43
44
45
46
47
72
73
74
75
142
143
144
145
146
147
221
222
223
224
225
226
227
228
229
230
231
232
233
234
235
245
246
247
248
249
250
251
252
253
9
10
11
12
13
17
18
19
20
21
22
23
24
25
26
27
28
29
30
31
32
33
34
35
36
37
38
39
40
41
42
43
44
45
46
47
71
72
73
74
75
76
111
112
113
144
145
146
147
221
222
223
224
225
226
227
228
229
230
231
232
233
234
235
236
242
243
244
245
246
247
248
249
250
251
252
253
8
9
10
11
12
13
17
18
19
20
21
22
23
24
25
26
27
28
29
30
31
32
33
34
35
36
37
38
39
40
41
42
43
44
45
46
47
70
71
72
73
74
75
76
77
110
111
112
113
222
223
224
225
226
227
228
229
230
231
232
233
234
235
236
241
242
243
244
245
246
247
248
249
250
251
252
253
8
9
10
11
12
13
14
15
16
17
18
19
20
21
22
23
24
25
26
27
28
29
30
31
32
33
34
35
36
37
38
39
40
41
42
43
44
45
70
71
72
73
74
75
76
77
78
110
111
112
113
119
120
121
221
222
223
224
225
226
227
228
229
230
231
232
233
234
235
236
241
242
243
244
245
246
247
248
249
250
251
252
253
308
309
310
3
4
5
6
7
8
9
10
11
12
13
14
15
16
17
18
19
20
21
22
23
24
25
26
27
28
29
30
31
32
33
34
35
36
37
38
39
40
41
42
43
44
45
46
69
70
71
72
73
74
75
76
77
78
107
108
109
110
111
112
113
117
118
119
120
121
122
221
222
223
224
225
226
227
228
229
230
231
232
233
234
241
242
243
244
245
246
247
248
249
250
251
252
253
254
255
256
308
309
310
311
3
4
5
6
7
8
9
10
11
12
13
14
15
16
17
18
19
20
23
24
25
26
27
28
29
30
31
32
33
34
35
36
37
38
39
40
41
42
43
44
45
46
66
67
68
69
70
71
72
73
74
75
76
77
78
107
108
109
110
111
112
113
114
116
117
118
119
120
121
122
123
220
221
222
223
224
225
226
227
228
229
230
231
232
233
234
240
241
242
243
244
245
246
247
248
249
250
251
252
253
254
255
256
307
308
309
310
311
3
4
5
6
7
8
9
10
11
12
13
14
15
16
17
18
19
20
21
23
24
25
26
27
28
29
33
34
35
36
37
38
39
43
44
45
46
65
66
67
68
69
70
71
72
73
74
75
76
77
78
79
106
107
108
109
110
111
112
113
114
115
116
117
118
119
120
121
122
123
219
220
221
222
223
224
225
226
227
228
229
230
231
232
233
234
240
241
242
243
244
245
246
247
248
249
250
251
252
253
254
255
256
257
307
308
309
310
311
1
2
3
5
6
7
8
9
10
11
12
13
14
15
16
17
18
19
20
21
22
23
24
25
26
27
35
36
37
42
43
44
45
47
48
49
50
65
66
67
68
69
70
71
72
73
74
75
76
77
78
79
106
107
108
109
110
111
112
113
114
115
116
117
118
119
120
121
122
123
124
125
126
217
218
219
220
221
222
223
224
225
226
227
228
229
230
231
232
233
234
240
241
242
243
244
245
246
247
248
249
250
251
252
253
254
255
256
257
307
308
309
310
311
1
2
3
4
5
6
7
8
9
10
11
12
13
14
15
16
17
18
19
20
21
22
23
24
25
26
27
35
36
37
42
43
44
45
46
47
48
49
50
51
52
53
54
65
66
67
68
69
70
71
72
73
74
75
76
77
78
79
106
107
108
109
110
111
112
113
114
115
116
117
118
119
120
121
122
123
124
125
126
184
185
186
187
216
217
218
219
220
221
222
223
224
225
226
227
228
229
230
231
232
233
234
241
242
243
246
247
248
249
250
251
255
256
257
307
308
309
310
1
2
3
4
5
6
7
8
9
10
11
12
13
14
15
16
17
18
19
20
21
22
23
24
25
26
27
42
43
44
45
46
47
48
49
50
51
52
53
54
55
56
65
66
67
68
69
70
71
72
73
74
75
76
77
78
79
108
109
110
111
112
113
114
115
116
117
118
119
120
121
122
123
124
125
126
184
185
186
187
188
189
190
216
217
218
219
220
221
222
223
224
225
226
227
228
229
230
231
232
233
234
241
242
243
246
247
248
249
250
251
308
309
310
1
2
3
4
5
7
8
9
10
11
12
13
14
15
17
18
19
20
21
22
23
43
44
45
46
47
48
49
50
51
52
53
54
55
56
57
58
65
66
67
68
69
70
71
72
73
74
75
76
77
78
79
108
109
110
111
112
113
114
115
116
117
118
119
120
121
122
123
124
125
184
185
186
187
188
189
190
191
216
217
218
219
220
221
222
223
224
225
226
227
228
229
230
231
232
233
234
247
248
249
250
251
1
2
3
4
7
8
9
10
11
12
13
14
18
19
20
21
22
23
43
44
45
46
47
48
49
50
51
52
53
54
55
56
57
58
65
66
67
69
70
71
72
73
74
75
76
77
78
79
108
109
110
111
112
113
114
115
116
117
118
119
120
121
179
180
181
184
185
186
187
188
189
190
191
216
217
218
219
220
221
222
223
224
225
226
227
228
229
230
231
247
248
249
250
2
3
4
11
12
13
18
19
20
21
22
43
44
45
46
47
48
49
50
51
52
53
54
55
56
57
58
75
76
77
78
79
108
109
110
111
112
113
114
115
116
117
118
119
120
121
179
180
181
182
183
184
185
186
187
188
189
190
191
216
217
218
219
220
221
222
223
224
225
226
228
229
230
231
19
20
21
22
43
44
45
46
47
48
49
50
51
52
53
54
55
56
57
58
108
109
110
111
112
113
114
115
116
117
118
119
120
121
178
179
180
181
182
183
184
185
186
187
188
189
190
191
216
217
218
219
222
223
224
225
226
228
229
230
231
44
45
46
47
48
49
50
51
52
53
54
55
56
108
109
110
111
112
113
114
115
116
117
118
178
179
180
181
182
183
184
185
186
187
188
189
190
191
223
224
225
226
228
229
230
312
313
314
315
316
317
318
44
45
46
47
48
49
50
51
52
53
54
55
56
108
109
110
111
112
113
114
115
116
117
118
178
179
180
181
182
183
184
185
186
187
188
189
190
191
309
310
311
312
313
314
315
316
317
318
319
44
45
46
47
48
49
50
51
52
53
54
55
56
88
89
90
111
112
113
114
115
116
117
180
181
182
183
184
185
186
187
188
189
190
309
310
311
312
313
314
315
316
317
318
319
320
45
46
47
48
49
50
51
52
53
54
55
56
87
88
89
90
111
112
113
114
115
116
117
180
181
182
183
184
185
186
187
188
189
190
309
310
311
312
313
314
315
316
317
318
319
320
45
46
47
48
49
50
51
52
53
54
86
87
88
89
90
111
112
113
114
115
181
182
183
184
185
186
187
188
189
310
311
312
313
314
315
316
317
318
319
320
45
46
47
48
49
50
51
52
53
54
86
87
88
89
90
112
113
114
115
182
183
184
185
186
187
188
189
310
311
312
313
314
315
316
317
318
319
48
49
50
51
52
53
54
86
87
88
89
90
112
113
114
215
216
217
218
219
220
221
310
311
312
313
314
315
316
317
318
319
320
321
48
49
50
51
52
53
54
215
216
217
218
219
220
221
310
311
312
313
314
315
316
317
318
319
320
321
49
50
51
124
125
126
128
129
130
214
215
216
217
218
219
220
221
312
313
314
315
316
317
318
319
320
321
124
125
126
127
128
129
130
131
214
215
216
217
218
219
220
313
314
315
316
122
123
124
125
126
127
128
129
130
131
214
215
216
217
122
123
124
125
126
127
128
129
130
131
122
123
124
125
126
127
128
129
122
123
124
125
126
127
128
129
122
123
124
125
126
127
128
129
122
123
124
125
126
127
128
129
162
163
164
165
166
122
123
124
125
126
161
162
163
164
165
166
167
122
123
124
125
161
162
163
164
165
166
167
122
123
124
156
157
158
159
161
162
163
164
165
166
167
168
169
170
155
156
157
158
159
161
162
163
164
165
166
167
168
169
170
155
156
157
158
159
160
161
162
163
164
165
166
167
168
169
170
155
156
157
158
159
160
161
162
163
164
165
166
167
168
169
170
231
232
233
234
155
156
157
158
159
160
161
162
163
164
165
166
167
168
169
170
230
231
232
233
234
156
157
158
159
160
161
162
163
164
165
166
167
168
169
230
231
232
233
234
156
157
158
159
160
161
162
163
164
165
166
167
168
204
205
206
230
231
232
233
234
271
272
273
112
113
114
121
122
123
156
157
158
159
160
161
162
163
164
165
166
167
168
203
204
205
206
207
230
231
232
233
271
272
273
58
59
60
112
113
114
115
116
121
122
123
124
157
158
159
160
161
162
163
164
165
166
167
168
202
203
204
205
206
207
208
209
231
232
233
271
272
273
54
55
56
57
58
59
60
61
112
113
114
115
116
117
121
122
123
124
125
157
158
159
160
161
162
163
164
165
166
167
168
201
202
203
204
205
206
207
208
209
270
271
272
273
54
55
56
57
58
59
60
61
113
114
115
116
117
118
121
122
123
124
125
159
160
161
162
163
164
165
166
167
168
199
200
201
202
203
204
205
206
207
208
209
270
271
272
273
54
55
56
57
58
59
60
61
62
114
115
116
117
118
119
121
122
123
124
125
162
163
164
165
166
167
168
199
200
201
202
203
204
205
206
207
208
209
210
245
246
247
248
249
250
251
270
271
272
55
56
57
58
59
60
61
62
63
114
115
116
117
118
119
121
122
123
124
125
162
163
164
165
166
167
168
199
200
201
202
203
204
205
206
207
208
209
210
245
246
247
248
249
250
251
252
50
51
52
55
56
57
58
59
60
61
62
63
114
115
116
117
118
119
120
121
122
123
124
125
163
164
165
200
201
202
203
204
205
206
207
208
209
210
240
241
242
243
244
245
246
247
248
249
250
251
252
49
50
51
52
55
56
57
58
59
60
61
62
63
114
115
116
117
118
119
120
121
122
123
124
125
200
201
202
203
204
205
206
207
240
241
242
243
244
245
246
247
248
249
250
251
252
49
50
51
52
53
54
55
56
57
58
59
60
61
62
63
64
116
117
118
119
120
121
122
123
124
125
202
203
204
205
240
241
242
243
244
245
246
247
248
249
250
251
49
50
51
52
53
54
55
56
57
58
59
60
61
62
63
64
117
118
119
120
121
122
123
124
125
168
169
170
240
241
242
243
244
245
246
247
248
249
250
251
252
50
51
52
53
54
55
56
57
58
59
60
61
62
63
64
119
120
121
122
123
124
125
168
169
170
244
245
246
247
248
249
250
251
252
52
53
54
55
60
61
62
119
120
121
122
123
124
168
169
170
171
172
244
245
246
247
248
249
250
251
252
52
53
54
119
120
121
122
123
124
125
126
169
170
171
172
244
245
246
120
121
122
123
124
125
126
169
170
171
172
28
29
30
97
98
99
103
104
105
106
121
122
123
124
125
126
28
29
30
31
97
98
99
100
101
102
103
104
105
106
107
122
123
124
125
27
28
29
30
31
32
33
97
98
99
100
101
102
103
104
105
106
107
108
109
122
123
124
125
268
269
270
27
28
29
30
31
32
33
34
98
99
100
101
102
103
104
105
106
107
108
109
110
122
123
124
268
269
270
271
272
27
28
29
30
31
32
33
34
35
98
99
100
101
102
103
104
105
106
107
108
109
110
268
269
270
271
272
30
31
32
33
34
35
98
99
100
101
102
103
104
105
106
107
108
109
110
164
165
166
167
168
268
269
270
271
272
31
32
33
34
35
36
98
99
100
101
102
103
104
105
106
107
108
109
162
163
164
165
166
167
168
269
270
271
32
33
34
35
36
37
87
88
89
99
100
101
102
103
104
105
106
107
108
109
161
162
163
164
165
166
167
168
31
32
33
34
35
36
37
87
88
89
90
91
99
100
101
102
103
104
105
106
107
161
162
163
164
165
166
167
28
29
30
31
32
33
34
35
36
37
38
87
88
89
90
91
92
101
102
103
104
105
106
107
161
162
163
164
165
166
28
29
30
31
32
33
34
35
36
37
38
39
86
87
88
89
90
91
92
93
101
102
103
104
105
106
107
163
164
165
166
28
29
30
31
32
33
34
35
36
37
38
39
85
86
87
88
89
90
91
92
93
94
101
102
103
104
105
106
107
164
165
166
28
29
30
31
32
33
34
35
36
37
38
39
82
83
84
85
86
87
88
89
90
91
92
93
94
29
30
31
32
33
82
83
84
85
86
87
88
89
90
91
92
93
94
29
30
31
32
33
80
81
82
83
84
85
86
87
88
89
90
91
92
93
94
31
32
33
80
81
82
83
84
85
86
87
88
89
90
91
92
93
94
79
80
81
82
83
84
85
86
87
88
89
90
91
92
93
94
79
80
81
82
83
84
85
86
87
88
89
90
91
92
93
94
95
79
80
81
82
83
84
85
86
87
88
89
90
91
92
93
94
95
190
191
192
79
80
81
82
83
84
85
86
87
88
89
90
91
92
93
94
95
96
189
190
191
192
193
194
195
196
79
80
81
82
83
84
85
86
87
88
89
90
91
92
93
94
95
96
189
190
191
192
193
194
195
196
197
82
83
84
85
86
87
88
89
90
91
92
93
94
95
96
187
188
189
190
191
192
193
194
195
196
197
7
8
9
10
11
12
83
84
85
86
87
88
89
90
91
92
93
94
95
187
188
189
190
191
192
193
194
195
196
197
7
8
9
10
11
12
13
14
15
84
85
86
87
88
89
92
93
94
95
187
188
189
190
191
192
193
194
195
196
197
281
282
283
284
285
7
8
9
10
11
12
13
14
15
188
189
190
191
192
193
194
195
196
197
279
280
281
282
283
284
285
3
4
5
7
8
9
10
11
12
13
14
15
140
141
142
188
189
190
191
192
193
194
195
196
197
279
280
281
282
283
284
285
2
3
4
5
6
7
8
9
10
11
12
13
14
15
140
141
142
143
144
145
189
190
191
192
193
194
195
196
197
279
280
281
282
283
284
285
2
3
4
5
6
7
8
9
10
11
12
13
14
15
32
33
34
140
141
142
143
144
145
188
189
190
191
192
193
194
195
196
197
278
279
280
281
282
283
284
285
2
3
4
5
6
7
8
9
10
11
12
13
14
15
32
33
34
35
140
141
142
143
144
145
188
189
190
191
192
193
194
195
196
278
279
280
281
282
283
284
285
5
6
7
8
9
10
11
12
13
14
15
32
33
34
35
36
140
141
142
143
144
145
188
189
190
191
192
193
278
279
280
6
7
8
9
10
11
12
13
14
15
32
33
34
35
36
141
142
143
144
8
9
10
12
13
14
34
35
36
141
142
143
144
12
13
14
34
35
36
86
87
88
83
84
85
86
87
88
89
83
84
85
86
87
88
89
83
84
85
86
87
88
89
90
91
234
235
236
85
86
87
88
89
90
91
92
234
235
236
237
238
239
285
286
287
292
293
294
85
86
87
88
89
90
91
92
229
230
231
234
235
236
237
238
239
285
286
287
288
289
291
292
293
294
85
86
87
88
89
90
91
92
228
229
230
231
233
234
235
236
237
238
239
240
285
286
287
288
289
290
291
292
293
294
295
85
86
87
88
89
90
228
229
230
231
232
233
234
235
236
237
238
239
240
285
286
287
288
289
290
291
292
293
294
295
312
313
314
86
87
88
89
90
227
228
229
230
231
232
233
234
235
236
237
238
239
240
285
286
287
288
289
290
291
292
293
294
295
310
311
312
313
314
87
88
89
90
196
197
198
227
228
229
230
231
232
233
234
235
236
237
238
239
284
285
286
287
288
289
290
291
292
293
310
311
312
313
314
87
88
89
195
196
197
198
199
200
227
228
229
230
231
232
233
234
235
236
237
238
239
283
284
285
286
287
288
289
290
291
292
310
311
312
313
314
132
133
134
135
195
196
197
198
199
200
201
202
203
227
228
229
230
231
232
233
234
235
236
237
283
284
285
286
287
288
289
290
291
292
132
133
134
135
195
196
197
198
199
200
201
202
203
204
229
230
231
232
233
234
235
236
237
282
283
284
285
286
287
288
289
290
291
292
293
294
295
102
103
104
129
130
131
132
133
134
135
196
197
198
199
200
201
202
203
204
229
230
231
232
233
234
235
236
281
282
283
284
285
286
287
288
289
290
291
292
293
294
295
97
98
99
100
101
102
103
104
129
130
131
132
133
134
195
196
197
198
199
200
201
202
203
204
230
231
232
233
234
235
236
281
282
283
284
285
286
287
288
289
290
291
292
293
294
295
95
96
97
98
99
100
101
102
103
104
105
106
128
129
130
131
132
133
134
135
194
195
196
197
198
199
200
201
202
203
204
281
282
283
284
285
286
287
288
289
290
291
292
293
294
295
93
94
95
96
97
98
99
100
101
102
103
104
105
106
107
128
129
130
131
132
133
134
135
194
195
196
197
198
199
200
201
202
203
281
282
283
284
285
286
287
288
289
290
291
292
293
294
295
93
94
95
96
97
98
99
100
101
102
103
104
105
106
107
128
129
130
131
132
133
134
135
194
195
196
197
198
199
200
201
202
203
281
282
283
284
285
286
287
288
289
290
291
292
293
294
295
29
30
31
93
94
95
96
97
98
99
100
101
102
103
104
105
106
107
129
130
131
132
133
134
135
195
196
197
198
199
200
201
202
203
281
282
283
284
285
286
287
288
289
290
291
292
293
28
29
30
31
94
95
96
97
98
99
100
101
102
103
104
105
106
107
130
131
132
133
134
135
136
137
138
195
196
197
198
199
200
201
202
244
245
246
281
282
283
284
285
286
287
288
289
290
291
292
293
28
29
30
31
32
33
93
94
95
96
97
98
99
100
101
102
103
104
105
106
107
128
129
130
131
132
133
134
135
136
137
138
139
140
195
196
197
198
199
243
244
245
246
247
248
249
282
283
284
285
286
287
288
289
290
291
292
293
28
29
30
31
32
33
93
94
95
96
97
98
99
100
101
102
103
104
105
106
107
128
129
130
131
132
133
134
135
136
137
138
139
140
195
196
197
198
207
208
209
243
244
245
246
247
248
249
283
284
285
286
287
288
289
290
29
30
31
32
33
93
94
95
96
97
98
99
100
101
102
103
104
105
106
107
122
123
124
125
126
127
128
129
130
131
132
133
134
135
136
137
138
139
140
207
208
209
210
211
212
213
243
244
245
246
247
248
249
283
284
285
286
287
288
289
290
94
95
96
97
98
99
100
101
102
103
104
105
122
123
124
125
126
127
128
129
130
131
132
133
134
135
136
137
207
208
209
210
211
212
213
239
240
241
242
243
244
245
246
247
248
249
283
284
285
288
289
290
94
95
96
97
98
99
100
101
102
122
123
124
125
126
127
128
129
130
131
132
133
134
135
136
137
138
207
208
209
210
211
212
213
214
239
240
241
242
243
244
245
246
247
248
249
250
251
94
95
96
97
98
99
100
101
102
125
126
127
128
129
130
131
132
133
134
135
136
137
138
207
208
209
210
211
212
213
214
215
216
217
239
240
241
242
243
244
245
246
247
248
249
250
251
94
95
96
97
98
99
100
101
102
125
126
127
128
129
130
131
132
133
134
135
136
137
138
207
208
209
210
211
212
213
214
215
216
217
239
240
241
242
243
244
245
246
247
248
249
250
251
94
95
96
97
98
99
100
101
102
125
126
127
128
129
130
131
132
133
134
135
208
209
210
211
212
213
214
215
216
217
240
241
242
243
244
245
246
247
248
249
250
251
127
128
129
130
131
133
134
135
206
207
208
209
210
211
212
213
214
215
216
240
241
242
243
244
245
246
247
248
249
250
251
127
128
129
130
206
207
208
209
210
211
212
213
214
215
216
240
241
242
243
244
245
246
247
248
249
250
251
206
207
208
209
210
211
212
213
240
241
242
243
244
245
246
247
248
249
250
207
208
209
210
211
241
242
243
244
245
246
247
248
249
207
208
209
210
211
244
245
246
247
248
249
285
286
287
208
209
210
211
244
245
246
247
248
284
285
286
287
244
245
246
247
248
284
285
286
287
173
174
175
176
245
246
247
248
253
254
255
281
282
283
284
285
286
173
174
175
176
177
246
247
248
253
254
255
256
257
258
281
282
283
284
285
286
287
173
174
175
176
177
251
252
253
254
255
256
257
258
259
281
282
283
284
285
286
287
288
289
175
176
177
251
252
253
254
255
256
257
258
259
281
282
283
284
285
286
287
288
289
290
166
167
168
190
191
192
193
247
248
249
250
251
252
253
254
255
256
257
258
259
281
282
283
284
285
286
287
288
289
290
164
165
166
167
168
190
191
192
193
194
195
196
197
198
247
248
249
250
251
252
253
254
255
256
257
258
259
282
283
284
285
286
287
288
289
290
161
162
163
164
165
166
167
168
169
170
190
191
192
193
194
195
196
197
198
247
248
249
250
251
252
253
254
255
256
257
258
259
282
283
284
285
286
287
288
289
290
161
162
163
164
165
166
167
168
169
170
171
190
191
192
193
194
195
196
197
198
199
246
247
248
249
250
251
252
253
254
255
256
257
258
259
260
261
262
282
283
284
285
286
287
288
289
290
161
162
163
164
165
166
167
168
169
170
171
189
190
191
192
193
194
195
196
197
198
199
246
247
248
249
250
251
252
253
254
255
256
257
258
259
260
261
262
286
287
288
289
162
163
164
165
166
167
168
169
170
171
189
190
191
192
193
194
195
196
197
198
199
200
201
202
246
247
248
249
250
251
252
253
254
255
256
257
258
259
260
261
262
160
161
162
163
164
165
166
167
168
169
170
189
190
191
192
193
194
195
196
197
198
199
200
201
202
248
249
250
251
252
253
254
255
256
257
258
259
260
261
262
159
160
161
162
163
164
165
166
167
168
169
170
187
188
189
190
191
192
193
194
195
196
197
198
199
200
201
202
203
204
205
248
249
250
251
252
255
256
257
258
259
260
261
262
159
160
161
162
163
164
165
166
167
168
169
170
187
188
189
190
191
192
193
194
195
196
197
198
199
200
201
202
203
204
205
257
258
259
260
261
262
158
159
160
161
162
163
164
165
166
167
168
169
170
187
188
189
190
191
192
193
194
195
196
197
198
199
200
201
202
203
204
205
158
159
160
161
162
163
164
165
166
167
187
188
189
190
191
192
193
194
195
196
197
198
199
200
201
202
203
204
205
158
159
160
161
162
163
164
165
187
188
189
191
192
193
194
195
196
197
198
199
200
201
202
203
204
205
159
160
161
162
163
164
165
191
192
193
194
195
196
197
198
199
200
201
202
203
160
161
162
163
164
187
188
189
190
191
192
193
194
195
196
197
198
199
200
201
202
203
204
162
163
164
186
187
188
189
190
191
192
193
194
195
196
197
198
199
200
201
202
203
204
205
186
187
188
189
190
191
192
193
194
195
196
197
198
199
200
201
202
203
204
205
186
187
188
189
190
191
192
193
194
195
196
197
198
199
200
201
202
203
204
205
188
189
190
191
192
193
194
195
196
197
198
200
201
202
203
204
190
191
192
193
194
195
196
197
200
201
202
97
98
99
100
101
102
193
194
195
196
197
97
98
99
100
101
102
97
98
99
100
101
102
223
224
225
98
99
100
101
102
222
223
224
225
32
33
34
97
98
99
100
101
102
219
220
221
222
223
224
225
226
227
228
229
230
31
32
33
34
95
96
97
98
99
100
101
102
219
220
221
222
223
224
225
226
227
228
229
230
30
31
32
33
34
66
67
68
69
70
91
92
93
95
96
97
98
99
100
219
220
221
222
223
224
225
226
227
228
229
230
30
31
32
33
34
64
65
66
67
68
69
70
90
91
92
93
94
95
96
97
98
99
100
219
220
221
222
223
224
225
226
227
228
229
14
15
16
20
21
22
30
31
32
33
34
64
65
66
67
68
69
70
90
91
92
93
94
95
96
97
98
99
100
219
220
221
222
223
224
225
226
227
228
229
12
13
14
15
16
17
18
19
20
21
22
23
24
30
31
32
33
34
63
64
65
66
67
68
69
90
91
92
93
94
95
96
97
98
99
100
221
222
223
224
225
226
227
228
229
12
13
14
15
16
17
18
19
20
21
22
23
24
30
31
32
63
64
65
66
67
68
69
70
71
72
90
91
92
93
94
95
96
97
98
99
100
221
222
223
224
225
226
227
228
229
230
12
13
14
15
16
17
18
19
20
21
22
23
24
25
26
63
64
65
66
67
68
69
70
71
72
90
91
92
93
94
95
96
97
98
99
221
222
223
224
225
226
227
228
229
230
11
12
13
14
15
16
17
18
19
20
21
22
23
24
25
26
66
67
68
69
70
71
72
90
91
92
93
94
95
96
97
98
99
100
101
102
222
223
224
225
226
227
228
229
230
11
12
13
14
15
16
17
18
19
20
21
22
23
24
25
26
68
69
70
71
90
91
92
93
94
95
96
97
98
99
100
101
102
225
226
227
228
229
230
11
12
13
14
15
16
17
18
19
20
21
22
23
24
69
70
71
90
91
92
93
94
95
96
97
98
99
100
101
102
12
13
14
15
16
17
18
19
20
21
22
23
95
96
97
98
99
100
101
11
12
13
14
15
16
17
18
21
22
23
96
97
98
99
100
101
10
11
12
13
14
15
16
96
97
98
99
10
11
12
13
14
15
96
97
98
259
260
261
10
11
12
13
14
15
258
259
260
261
13
14
15
258
259
260
261
262
258
259
260
261
262
258
259
260
261
262
213
214
215
216
229
230
231
258
259
260
213
214
215
216
217
218
228
229
230
231
232
12
13
14
213
214
215
216
217
218
228
229
230
231
232
12
13
14
213
214
215
216
217
218
228
229
230
231
232
10
11
12
13
14
15
216
217
218
228
229
230
231
284
285
286
287
288
10
11
12
13
14
15
137
138
139
283
284
285
286
287
288
10
11
12
13
14
15
137
138
139
140
141
142
283
284
285
286
287
288
289
290
11
12
13
14
137
138
139
140
141
142
283
284
285
286
287
288
289
290
291
12
13
14
137
138
139
140
141
142
143
144
145
146
283
284
285
286
287
288
289
290
291
137
138
139
140
141
142
143
144
145
146
285
286
287
288
289
290
291
137
138
139
140
141
142
143
144
145
146
147
148
149
286
287
288
289
290
291
292
293
294
295
296
139
140
141
142
143
144
145
146
147
148
149
286
287
288
289
290
291
292
293
294
295
296
139
140
141
142
143
144
145
146
147
148
149
285
286
287
288
289
290
291
292
293
294
295
296
71
72
73
139
140
141
142
143
144
145
146
147
148
149
284
285
286
287
288
289
290
291
292
293
294
295
70
71
72
73
74
75
76
77
78
79
137
138
139
140
141
142
143
144
145
146
147
148
283
284
285
286
287
288
289
290
291
292
293
294
70
71
72
73
74
75
76
77
78
79
80
81
82
137
138
139
140
141
142
143
144
145
146
147
283
284
285
286
287
288
289
290
291
292
293
294
295
70
71
72
73
74
75
76
77
78
79
80
81
82
83
137
138
139
140
141
142
143
144
145
146
147
283
284
285
286
287
288
289
290
291
292
293
294
295
72
73
74
75
76
77
78
79
80
81
82
83
84
138
139
140
141
142
143
144
145
146
147
285
286
287
288
289
290
291
292
293
294
295
72
73
74
75
76
77
78
79
80
81
82
83
84
142
143
144
145
285
286
287
288
289
290
291
292
293
294
295
71
72
73
74
75
76
77
78
79
80
81
82
83
84
142
143
144
145
286
287
288
289
290
291
292
293
71
72
73
74
75
76
77
78
79
80
81
82
83
143
144
145
28
29
30
71
72
73
74
75
76
77
78
79
80
81
82
83
28
29
30
31
75
76
77
78
79
28
29
30
31
75
76
77
28
29
30
31
16
17
18
19
28
29
30
16
17
18
19
16
17
18
19
16
17
18
24
25
26
27
28
29
30
24
25
26
27
28
29
30
31
23
24
25
26
27
28
29
30
31
23
24
25
26
27
28
29
30
31
83
84
85
23
24
25
26
27
28
29
30
83
84
85
86
222
223
224
24
25
26
27
28
29
30
79
80
81
82
83
84
85
86
87
222
223
224
225
24
25
26
27
28
29
30
79
80
81
82
83
84
85
86
87
221
222
223
224
225
226
24
25
26
27
28
29
30
79
80
81
82
83
84
85
86
87
220
221
222
223
224
225
226
79
80
81
82
83
84
220
221
222
223
224
225
226
79
80
81
82
83
84
220
221
222
223
224
225