254
255
256
257
258
259
260
261
262
117
118
119
251
252
253
254
255
256
257
258
259
260
261
262
117
118
119
251
252
253
254
255
256
257
258
259
260
261
262
117
118
119
251
252
253
254
255
256
257
258
259
260
261
262
117
118
119
120
250
251
252
253
254
255
256
257
258
259
260
261
262
117
118
119
120
121
249
250
251
252
253
254
255
256
257
258
259
260
261
326
327
328
117
118
119
120
121
249
250
251
252
253
254
255
256
257
258
259
260
261
326
327
328
329
330
331
118
119
120
121
249
250
251
252
253
254
255
256
257
258
259
260
261
262
326
327
328
329
330
331
44
45
46
250
251
252
253
254
255
256
257
258
259
260
261
262
326
327
328
329
330
331
44
45
46
250
251
252
253
254
255
256
257
258
259
260
261
262
263
326
327
328
329
330
331
43
44
45
46
47
69
70
71
250
251
252
253
254
255
256
257
258
259
260
261
262
263
318
319
320
321
322
324
325
326
327
328
329
330
331
43
44
45
46
47
69
70
71
72
73
250
251
252
253
254
255
256
257
258
259
260
261
262
263
318
319
320
321
322
323
324
325
326
327
328
329
330
331
43
44
45
46
47
69
70
71
72
73
250
251
252
253
254
255
256
257
258
259
260
261
262
263
318
319
320
321
322
323
324
325
326
327
328
329
330
44
45
46
68
69
70
71
72
73
250
251
252
253
254
255
256
257
258
259
260
261
262
263
318
319
320
321
322
323
324
325
326
327
328
329
64
65
66
67
68
69
70
71
72
73
252
253
254
255
256
257
258
259
260
261
262
263
319
320
321
322
323
324
325
326
327
328
329
31
32
33
62
63
64
65
66
67
68
69
70
71
72
73
74
252
253
254
255
256
257
258
259
319
320
321
322
323
324
325
326
327
328
329
330
331
29
30
31
32
33
34
35
62
63
64
65
66
67
68
69
70
71
72
73
74
249
250
251
252
253
254
255
256
257
258
259
260
320
321
322
323
324
325
326
327
328
329
330
331
29
30
31
32
33
34
35
36
61
62
63
64
65
66
67
68
69
70
72
73
74
75
76
77
78
249
250
251
252
253
254
255
256
257
258
259
260
323
324
325
326
327
328
329
330
331
29
30
31
32
33
34
35
36
60
61
62
63
64
65
66
67
68
69
70
72
73
74
75
76
77
78
79
248
249
250
251
252
253
254
255
256
257
258
259
260
328
329
330
331
29
30
31
32
33
34
35
36
59
60
61
62
63
64
65
66
67
68
69
70
73
74
75
76
77
78
79
248
249
250
251
252
253
254
255
256
257
258
259
260
29
30
31
59
60
61
62
63
64
65
66
67
68
69
70
73
74
75
76
77
78
79
247
248
249
250
251
252
253
254
255
256
257
258
259
260
29
30
31
59
60
61
62
63
64
65
66
67
68
73
74
75
76
77
78
79
245
246
247
248
249
250
251
252
253
254
255
256
257
258
259
260
59
60
61
62
63
64
65
66
67
68
69
70
71
72
73
74
75
76
77
78
79
245
246
247
248
249
250
251
252
253
254
255
256
257
258
259
61
62
63
64
65
66
67
68
69
70
71
72
73
75
76
77
78
245
246
247
248
249
250
251
252
253
254
255
256
257
258
62
63
64
65
66
67
69
70
71
72
73
74
75
76
77
78
247
248
249
250
251
252
253
254
255
256
257
62
63
64
65
66
74
75
76
77
78
79
247
248
249
250
251
252
253
254
255
256
257
62
63
64
74
75
76
77
78
79
136
137
138
250
251
252
253
254
255
256
257
77
78
79
135
136
137
138
139
140
141
251
252
253
254
255
256
257
135
136
137
138
139
140
141
251
252
253
254
255
256
257
5
6
7
135
136
137
138
139
140
141
142
5
6
7
8
135
136
137
138
139
140
141
142
4
5
6
7
8
9
10
136
137
138
139
140
141
142
4
5
6
7
8
9
10
140
141
142
4
5
6
7
8
9
10
11
2
3
4
5
6
7
8
9
10
11
88
89
90
91
2
3
4
5
6
7
8
9
10
11
12
13
77
78
79
82
83
84
85
86
87
88
89
90
91
92
2
3
4
5
6
7
8
9
10
11
12
13
77
78
79
82
83
84
85
86
87
88
89
90
91
92
203
204
205
2
3
4
5
6
7
8
9
10
11
12
13
77
78
79
80
81
82
83
84
85
86
87
88
89
90
91
92
203
204
205
206
2
3
4
5
6
7
8
9
10
76
77
78
79
80
81
82
83
84
85
86
87
88
89
90
91
92
200
201
202
203
204
205
206
6
7
8
9
10
74
75
76
77
78
79
80
81
82
83
84
85
86
87
88
89
90
91
92
200
201
202
203
204
205
206
5
6
7
8
9
10
11
12
13
14
74
75
76
77
78
79
80
81
82
83
84
85
86
87
88
89
90
91
92
200
201
202
203
204
205
206
3
4
5
6
7
8
9
10
11
12
13
14
74
75
76
77
78
79
80
81
82
83
84
85
86
87
88
89
90
138
139
140
200
201
202
203
204
205
3
4
5
6
7
8
9
10
11
12
13
14
75
76
77
78
79
80
81
82
83
84
85
86
87
88
89
90
91
136
137
138
139
140
141
200
201
202
203
204
205
3
4
5
6
7
8
9
10
11
12
13
14
75
76
77
78
79
80
81
82
83
84
85
86
87
88
89
90
91
136
137
138
139
140
141
200
201
202
203
204
205
2
3
4
5
6
7
8
9
10
11
12
13
75
76
77
78
79
80
81
82
83
84
85
86
87
88
89
90
91
135
136
137
138
139
140
141
2
3
4
5
6
7
8
9
75
76
77
78
79
80
81
82
83
84
85
86
87
88
89
90
91
135
136
137
138
139
1
2
3
4
5
6
7
8
9
78
79
80
81
82
83
84
85
86
87
88
89
90
91
135
136
137
138
139
1
2
3
4
5
6
7
8
9
78
79
80
81
82
83
84
85
86
87
88
89
90
91
136
137
138
1
2
3
4
5
6
7
8
9
78
79
80
81
82
83
84
85
86
87
88
89
0
1
2
3
4
5
6
7
8
79
80
81
82
83
84
85
86
87
88
89
212
213
214
0
1
2
3
4
5
6
7
8
21
22
23
79
80
81
82
83
84
85
86
87
88
212
213
214
215
0
1
2
3
4
5
6
18
19
20
21
22
23
79
80
81
82
83
84
85
86
211
212
213
214
215
0
1
2
3
4
5
6
17
18
19
20
21
22
23
24
25
83
84
85
211
212
213
214
215
216
220
221
222
223
224
225
226
17
18
19
20
21
22
23
24
25
83
84
85
209
210
211
212
213
214
215
216
217
218
219
220
221
222
223
224
225
226
227
17
18
19
20
21
22
23
24
25
209
210
211
212
213
214
215
216
217
218
219
220
221
222
223
224
225
226
227
17
18
19
20
21
22
23
24
25
209
210
211
212
213
214
215
216
217
218
219
220
221
222
223
224
225
226
227
281
282
283
297
298
299
300
301
302
303
17
18
19
20
21
22
23
24
25
210
211
212
213
214
215
216
218
219
220
221
222
223
224
225
226
227
279
280
281
282
283
297
298
299
300
301
302
303
210
211
212
214
215
216
218
219
220
221
222
223
224
225
226
227
279
280
281
282
283
284
297
298
299
300
301
302
303
130
131
132
219
220
221
222
223
224
225
226
227
279
280
281
282
283
284
297
298
299
300
301
302
303
130
131
132
219
220
221
222
223
224
225
279
280
281
282
283
284
297
298
299
300
301
302
128
129
130
131
132
219
220
221
222
223
224
225
279
280
281
282
283
284
297
298
299
300
301
302
24
25
26
128
129
130
131
132
279
280
281
282
283
297
298
299
24
25
26
127
128
129
130
131
279
280
281
282
283
23
24
25
26
27
28
29
30
31
32
121
122
123
127
128
129
130
131
132
280
281
282
23
24
25
26
27
28
29
30
31
32
33
34
120
121
122
123
127
128
129
130
131
132
23
24
25
26
27
28
29
30
31
32
33
34
35
115
116
117
118
119
120
121
122
123
124
125
127
128
129
130
131
132
148
149
150
23
24
25
26
27
28
29
30
31
32
33
34
35
36
115
116
117
118
119
120
121
122
123
124
125
126
127
128
129
146
147
148
149
150
26
27
28
29
30
31
32
33
34
35
36
115
116
117
118
119
120
121
122
123
124
125
126
127
128
129
130
146
147
148
149
150
213
214
215
216
217
30
31
32
34
35
36
116
117
118
119
120
121
122
123
124
125
126
127
128
129
130
131
132
146
147
148
149
213
214
215
216
217
105
106
107
108
116
117
118
119
120
121
122
123
124
125
126
127
128
129
130
131
132
146
147
148
149
213
214
215
216
217
105
106
107
108
109
110
116
117
118
119
120
121
122
123
124
125
126
127
128
129
130
131
132
214
215
216
105
106
107
108
109
110
111
116
117
118
119
120
121
122
123
124
125
126
127
128
129
130
131
132
105
106
107
108
109
110
111
116
117
118
119
120
121
122
123
124
125
126
127
128
129
130
105
106
107
108
109
110
111
118
119
120
121
122
123
124
125
126
127
128
129
130
238
239
240
320
321
322
324
325
326
105
106
107
108
109
110
111
117
118
119
120
121
122
123
124
125
126
127
128
238
239
240
320
321
322
323
324
325
326
327
105
106
107
108
109
110
111
117
118
119
120
121
122
123
124
125
126
127
128
238
239
240
241
242
318
319
320
321
322
323
324
325
326
327
328
329
330
331
332
105
106
107
108
109
117
118
119
120
121
122
123
124
125
126
127
239
240
241
242
315
316
317
318
319
320
321
322
323
324
325
326
327
328
329
330
331
332
119
120
121
122
123
124
125
126
238
239
240
241
242
315
316
317
318
319
320
321
322
323
324
325
326
327
328
329
330
331
332
123
124
125
238
239
240
241
242
315
316
317
318
319
320
321
322
323
324
325
326
327
328
329
330
331
332
220
221
222
238
239
240
241
242
315
316
317
318
319
320
321
322
323
324
325
326
327
328
329
330
331
332
333
219
220
221
222
238
239
240
315
316
317
318
319
320
321
322
323
324
325
326
327
328
329
330
331
332
333
5
6
7
8
218
219
220
221
222
238
239
240
315
316
317
318
319
320
321
322
323
324
325
326
327
328
329
330
331
332
333
2
3
4
5
6
7
8
9
213
214
215
218
219
220
221
238
239
240
310
311
312
313
314
315
316
317
318
319
320
321
322
323
324
325
326
327
328
329
330
331
332
333
0
1
2
3
4
5
6
7
8
9
212
213
214
215
216
217
218
219
220
221
237
238
239
240
241
242
243
309
310
311
312
313
314
315
316
317
318
319
320
321
322
323
324
326
327
328
329
330
331
332
333
0
1
2
3
4
5
6
7
8
9
10
212
213
214
215
216
217
218
219
220
221
237
238
239
240
241
242
243
309
310
311
312
313
314
315
316
317
318
319
320
321
322
323
324
325
326
327
328
329
330
331
332
333
0
1
2
3
4
5
6
7
8
9
10
212
213
214
215
216
217
218
219
220
221
236
237
238
239
240
241
242
243
244
308
309
310
311
312
313
314
315
320
321
322
323
324
325
326
327
328
329
330
331
332
333
0
1
2
3
4
5
6
7
8
9
10
93
94
95
96
97
98
99
100
101
212
213
214
215
216
217
218
219
220
221
233
234
235
236
237
238
239
240
241
242
243
244
308
309
310
311
312
313
314
315
316
317
318
319
320
321
322
323
324
325
326
327
328
329
330
331
332
333
1
2
3
4
5
6
7
8
9
10
93
94
95
96
97
98
99
100
101
212
213
214
215
216
217
218
219
220
233
234
235
236
237
238
239
240
241
242
243
244
308
309
310
311
312
313
314
315
316
317
318
319
320
321
322
323
324
325
326
327
328
329
330
331
332
333
3
4
5
6
7
8
9
93
94
95
96
97
98
99
100
101
210
211
212
213
214
215
216
217
218
219
220
221
233
234
235
236
237
238
239
241
242
243
308
309
310
311
312
313
314
315
316
317
318
319
320
321
322
323
324
325
326
327
328
329
330
331
332
333
3
4
5
6
7
8
9
10
92
93
94
95
96
97
98
99
100
101
210
211
212
213
214
215
216
217
218
219
220
221
231
232
233
234
235
236
237
238
239
308
309
310
311
312
313
314
315
316
319
320
321
322
323
324
325
326
327
328
329
330
331
332
333
3
4
5
6
7
8
9
10
92
93
94
95
96
97
98
99
100
101
102
210
211
212
213
214
215
216
217
218
219
220
221
222
227
228
229
231
232
233
234
235
236
237
238
239
240
252
253
254
309
310
311
312
313
314
315
316
317
318
320
321
322
323
324
325
326
327
328
329
330
331
332
5
6
7
8
9
10
91
92
93
94
95
96
97
98
99
100
101
102
103
212
213
214
215
216
217
218
219
220
221
222
227
228
229
231
232
233
234
235
236
237
238
239
240
241
252
253
254
255
309
310
311
312
313
314
315
316
317
318
323
324
325
326
327
328
329
330
331
332
91
92
93
94
95
96
97
98
99
100
101
102
103
214
215
216
218
219
220
221
222
227
228
229
230
231
232
233
234
235
236
237
238
239
240
241
252
253
254
255
309
310
311
312
313
314
315
316
317
318
326
327
328
329
330
331
332
333
91
92
93
94
95
96
97
98
99
100
101
102
103
208
209
210
227
228
229
230
231
232
233
234
235
236
237
238
239
240
241
252
253
254
255
310
311
312
313
314
315
316
317
318
326
327
328
329
330
331
332
333
90
91
92
93
94
95
96
97
98
99
100
101
102
103
205
206
207
208
209
210
229
230
231
232
233
234
235
236
237
238
239
310
311
312
313
314
315
316
317
318
326
327
328
329
330
331
332
333
90
91
92
93
94
95
96
97
98
99
100
101
102
103
205
206
207
208
209
210
230
231
232
233
234
235
236
237
238
311
312
313
314
315
316
317
332
333
90
91
92
93
94
95
96
97
98
99
100
101
102
103
205
206
207
208
209
210
232
233
234
235
236
237
238
92
93
94
95
96
97
98
99
100
101
102
103
205
206
207
208
209
210
232
233
234
92
93
94
95
96
97
98
99
100
101
102
103
250
251
252
95
96
97
98
99
100
250
251
252
253
254
255
96
97
98
250
251
252
253
254
255
256
257
258
149
150
151
250
251
252
253
254
255
256
257
258
278
279
280
127
128
129
130
131
144
145
146
147
148
149
150
151
250
251
252
253
254
255
256
257
258
278
279
280
281
127
128
129
130
131
144
145
146
147
148
149
150
151
251
252
253
254
255
256
257
258
278
279
280
281
282
283
284
127
128
129
130
131
132
133
144
145
146
147
148
149
150
251
252
253
254
255
256
257
277
278
279
280
281
282
283
284
127
128
129
130
131
132
133
141
142
143
144
145
146
147
148
149
252
253
254
255
256
277
278
279
280
281
282
283
284
127
128
129
130
131
132
133
136
137
138
139
140
141
142
143
144
145
146
147
148
149
252
253
254
255
256
277
278
279
280
281
282
283
284
128
129
130
131
132
133
134
136
137
138
139
140
141
142
143
144
145
146
147
148
149
252
253
254
255
256
277
278
279
280
281
282
283
128
129
130
131
132
133
134
135
136
137
138
139
140
141
142
143
144
145
146
147
148
149
276
277
278
279
280
281
282
283
128
129
130
131
132
133
134
135
136
137
138
139
140
141
142
143
144
145
146
147
148
276
277
278
279
280
281
282
283
127
128
129
130
131
132
133
134
135
136
137
138
139
140
141
142
144
145
146
147
148
276
277
278
279
280
281
282
283
127
128
129
130
131
132
133
134
135
136
137
138
139
140
141
142
143
144
145
146
147
276
277
278
279
280
281
282
283
127
128
129
130
131
132
133
134
135
136
137
138
139
140
141
142
143
144
145
146
272
273
274
276
277
278
279
280
281
282
283
129
130
131
132
133
134
135
136
137
138
139
140
141
142
143
144
145
146
252
253
254
255
256
257
258
259
260
272
273
274
276
277
278
279
280
281
282
283
130
131
132
133
134
137
138
139
140
141
142
143
144
145
146
252
253
254
255
256
257
258
259
260
261
272
273
274
275
276
277
278
279
280
281
282
283
129
130
131
132
133
134
135
136
137
138
139
140
141
142
143
144
145
146
252
253
254
255
256
257
258
259
260
261
272
273
274
275
276
277
278
279
280
281
282
283
27
28
29
30
31
112
113
114
128
129
130
131
132
133
134
135
136
137
139
140
141
142
143
144
145
146
253
254
255
256
257
258
259
260
261
272
273
274
275
276
277
279
280
281
282
283
27
28
29
30
31
112
113
114
115
128
129
130
131
132
133
134
135
136
137
141
142
143
144
145
146
253
254
255
256
257
258
259
260
261
262
263
264
265
272
273
274
275
276
277
278
27
28
29
30
31
111
112
113
114
115
128
129
130
131
132
133
134
135
141
142
143
144
145
253
254
255
256
257
258
259
260
261
262
263
264
265
272
273
274
275
276
277
278
28
29
30
31
32
111
112
113
114
115
132
133
134
141
142
143
144
145
146
147
148
253
254
255
256
257
258
259
260
261
262
263
264
265
266
267
273
274
275
276
277
278
28
29
30
31
32
111
112
113
114
115
141
142
143
144
145
146
147
148
253
254
255
256
257
258
259
260
261
262
263
264
265
266
267
268
28
29
30
31
32
141
142
143
144
145
146
147
148
149
150
151
252
253
254
255
256
257
258
259
260
261
262
263
264
265
266
267
268
269
28
29
30
31
32
141
142
143
144
145
146
147
148
149
150
151
252
253
254
255
256
257
258
259
260
261
262
263
264
265
266
267
268
269
270
28
29
30
31
143
144
145
146
147
148
149
150
151
252
253
254
255
256
257
258
259
260
261
262
263
264
265
266
267
268
269
270
271
272
273
28
29
30
144
145
146
147
148
149
150
151
252
253
254
255
256
257
258
259
260
261
262
263
264
265
266
267
268
269
270
271
272
273
36
37
38
145
146
147
149
150
151
255
256
257
258
259
260
261
262
263
264
265
266
267
268
269
270
271
272
273
36
37
38
39
255
256
257
258
259
260
261
262
263
264
265
266
267
268
269
270
271
36
37
38
39
40
41
42
43
44
45
257
258
259
262
263
264
265
266
267
268
269
270
271
283
284
285
37
38
39
40
41
42
43
44
45
262
263
264
265
266
267
268
269
283
284
285
38
39
40
41
42
43
44
45
266
267
268
283
284
285
39
40
41
42
43
44
279
280
281
282
283
284
285
286
287
288
289
290
39
40
41
191
192
193
279
280
281
282
283
284
285
286
287
288
289
290
191
192
193
194
195
196
274
275
276
278
279
280
281
282
283
284
285
286
287
288
289
290
191
192
193
194
195
196
274
275
276
278
279
280
281
282
283
284
285
286
287
288
289
290
192
193
194
195
196
274
275
276
277
278
279
280
281
282
283
284
285
286
287
288
289
290
291
192
193
194
195
196
272
273
274
275
276
277
278
279
280
281
282
283
284
285
286
287
288
289
290
291
192
193
194
195
196
272
273
274
275
276
277
278
279
280
281
282
283
284
285
286
288
289
290
291
193
194
195
272
273
274
275
276
277
278
279
280
281
282
283
284
285
286
131
132
133
272
273
274
275
276
277
278
279
280
281
282
283
284
285
286
131
132
133
273
274
275
277
278
279
280
281
282
283
284
285
286
131
132
133
279
280
281
282
283
284
285
286
131
132
133
279
280
281
282
283
284
285
286
129
130
131
132
133
279
280
281
282
283
284
285
286
129
130
131
132
133
279
280
281
282
283
284
285
126
127
128
129
130
131
132
133
134
279
280
281
282
283
284
126
127
128
129
130
131
132
133
134
135
126
127
128
129
130
131
132
133
134
135
126
127
128
129
130
131
132
133
134
135
136
115
116
117
127
128
129
130
131
132
133
134
135
136
137
115
116
117
118
119
128
129
130
134
135
136
137
179
180
181
96
97
98
99
115
116
117
118
119
135
136
137
179
180
181
182
96
97
98
99
115
116
117
118
119
156
157
158
179
180
181
182
184
185
186
187
273
274
275
276
96
97
98
99
116
117
118
119
120
121
155
156
157
158
159
179
180
181
182
183
184
185
186
187
188
270
271
272
273
274
275
276
277
97
98
99
116
117
118
119
120
121
155
156
157
158
159
179
180
181
182
183
184
185
186
187
188
270
271
272
273
274
275
276
277
11
12
13
115
116
117
118
119
120
121
155
156
157
158
159
179
180
181
182
183
184
185
186
187
188
270
271
272
273
274
275
276
277
11
12
13
14
115
116
117
118
119
120
155
156
157
158
159
174
175
176
179
180
181
182
183
184
185
186
187
188
271
272
273
274
275
276
277
11
12
13
14
15
115
116
117
118
119
120
155
156
157
158
159
174
175
176
177
178
179
180
181
182
183
184
185
186
187
188
271
272
273
274
275
276
11
12
13
14
15
115
116
117
118
155
156
157
158
174
175
176
177
178
179
180
181
182
183
184
185
186
187
188
271
272
273
274
275
276
277
278
11
12
13
14
15
16
115
116
117
155
156
157
174
175
176
177
178
179
180
181
182
183
184
185
186
187
188
270
271
272
273
274
275
276
277
278
10
11
12
13
14
15
16
174
175
176
177
178
179
180
181
182
183
184
185
186
187
188
232
233
234
235
236
270
271
272
273
274
275
276
277
278
10
11
12
13
14
15
16
175
176
177
178
179
180
181
182
183
184
185
186
231
232
233
234
235
236
270
271
272
275
276
277
10
11
12
13
14
15
16
175
176
177
178
179
180
181
182
183
184
185
186
231
232
233
234
235
236
275
276
277
10
11
12
13
170
171
172
175
176
177
178
179
180
181
182
183
184
185
187
188
189
190
191
231
232
233
234
235
236
10
11
12
13
169
170
171
172
173
174
175
176
177
178
179
180
181
182
183
184
185
186
187
188
189
190
191
192
193
231
232
233
234
235
10
11
12
13
166
167
168
169
170
171
172
173
174
175
176
177
178
179
180
181
182
183
184
185
186
187
188
189
190
191
192
193
232
233
234
165
166
167
168
169
170
171
172
173
174
175
176
177
178
179
180
181
182
183
184
185
186
187
188
189
190
191
192
193
232
233
234
165
166
167
168
169
170
171
172
173
174
175
176
177
178
179
180
181
182
183
184
185
186
187
188
189
190
191
192
193
194
165
166
167
168
169
170
171
172
173
174
175
176
177
178
179
180
181
182
185
186
187
188
189
190
191
192
193
194
318
319
320
166
167
168
169
170
171
172
173
174
175
176
177
178
179
180
181
185
186
187
188
189
190
191
192
193
194
318
319
320
321
322
323
168
169
170
171
172
173
174
178
179
180
181
186
187
188
189
190
191
192
193
194
318
319
320
321
322
323
168
169
170
171
172
173
174
186
187
188
189
190
191
192
193
194
311
312
313
318
319
320
321
322
323
168
169
170
171
172
173
174
188
189
190
191
192
193
307
308
309
311
312
313
318
319
320
321
322
171
172
173
307
308
309
310
311
312
313
318
319
320
321
322
223
224
225
228
229
230
231
232
233
234
235
307
308
309
310
311
312
313
319
320
321
322
223
224
225
226
227
228
229
230
231
232
233
234
235
295
296
297
298
299
307
308
309
310
311
312
313
319
320
321
176
177
178
179
180
181
223
224
225
226
227
228
229
230
231
232
233
234
235
295
296
297
298
299
303
304
305
306
307
308
309
310
311
312
313
314
176
177
178
179
180
181
224
225
226
227
228
229
230
231
232
233
234
295
296
297
298
299
300
301
302
303
304
305
306
307
308
309
310
311
312
313
314
315
173
174
175
176
177
178
179
180
181
222
223
224
225
226
227
228
229
230
231
232
233
234
235
236
297
298
299
300
301
302
303
304
305
306
307
308
309
310
311
312
313
314
315
316
317
172
173
174
175
176
177
178
179
180
181
222
223
224
225
226
227
228
229
230
231
232
233
234
235
236
299
300
301
302
303
304
305
306
307
308
309
310
311
312
313
314
315
316
317
172
173
174
175
176
177
178
179
180
181
222
223
224
225
226
227
228
229
230
231
232
233
234
235
236
298
299
300
301
302
303
304
305
306
307
308
309
310
311
312
313
314
315
316
317
172
173
174
175
176
177
178
179
180
181
182
222
223
224
225
226
227
228
229
230
231
232
233
234
235
291
292
293
298
299
300
301
302
303
304
305
306
307
308
309
310
311
312
313
314
176
177
178
179
180
181
182
222
223
224
225
226
227
228
229
230
231
232
233
234
235
289
290
291
292
293
294
295
296
297
298
299
300
301
302
303
304
305
306
307
308
309
310
311
312
313
179
180
181
182
222
223
224
225
226
227
228
229
230
231
232
233
234
235
236
237
289
290
291
292
293
294
295
296
297
298
299
300
301
302
303
304
305
306
307
308
309
311
312
313
70
71
72
73
119
120
121
179
180
181
222
223
224
225
226
227
228
229
230
231
232
233
234
235
236
237
289
290
291
292
293
294
295
296
297
298
299
300
301
302
303
304
305
306
307
308
309
69
70
71
72
73
115
116
117
118
119
120
121
210
211
212
213
214
224
225
226
227
228
229
230
231
232
233
234
235
236
237
291
292
293
294
295
296
297
298
299
300
301
302
303
304
305
306
307
308
69
70
71
72
73
108
109
110
115
116
117
118
119
120
121
209
210
211
212
213
214
215
227
228
229
230
231
232
233
234
235
236
291
292
293
294
295
296
297
298
299
300
301
302
303
304
305
306
307
26
27
28
29
30
69
70
71
72
73
108
109
110
115
116
117
118
119
120
209
210
211
212
213
214
215
227
228
229
230
231
232
233
234
235
236
291
292
293
294
295
296
297
298
299
300
301
302
303
304
305
306
307
26
27
28
29
30
69
70
71
72
106
107
108
109
110
115
116
117
118
119
120
121
209
210
211
212
213
214
215
216
227
228
229
230
231
292
293
294
295
296
297
298
299
300
301
302
303
304
305
306
307
26
27
28
29
30
31
32
70
71
72
105
106
107
108
109
110
116
117
118
119
120
121
122
213
214
215
216
228
229
230
294
295
296
297
298
299
300
301
302
303
304
305
306
307
26
27
28
29
30
31
32
105
106
107
108
109
110
111
112
113
116
117
118
119
120
121
122
123
214
215
216
295
296
297
298
299
300
301
302
303
304
305
26
27
28
29
30
31
32
105
106
107
108
109
110
111
112
113
114
116
117
118
119
120
121
122
123
298
299
300
301
302
303
304
305
26
27
28
29
30
31
32
33
34
35
106
107
108
109
110
111
112
113
114
116
117
118
119
120
121
122
123
266
267
268
269
271
272
273
298
299
300
301
302
303
26
27
28
29
30
31
32
33
34
35
36
108
109
110
111
112
113
114
118
119
120
121
122
123
266
267
268
269
270
271
272
273
26
27
28
29
30
31
32
33
34
35
36
37
118
119
120
121
266
267
268
269
270
271
272
273
28
29
30
31
32
33
34
35
36
37
266
267
268
269
270
271
272
273
274
28
29
30
31
32
33
34
35
36
37
267
268
269
270
271
272
273
274
282
283
284
29
30
31
267
268
269
270
271
272
273
274
282
283
284
285
266
267
268
269
270
271
272
273
280
281
282
283
284
285
286
266
267
268
269
270
271
272
273
276
277
278
279
280
281
282
283
284
285
286
211
212
213
266
267
268
269
270
271
272
273
276
277
278
279
280
281
282
283
284
285
286
210
211
212
213
267
268
269
276
277
278
279
280
281
282
283
284
285
286
287
288
289
210
211
212
213
278
279
280
281
282
283
284
286
287
288
289
290
210
211
212
213
278
279
280
281
282
283
284
285
286
287
288
289
290
210
211
212
279
280
281
282
283
284
285
286
287
288
289
290
210
211
212
282
283
284
285
286
287
288
289
285
286
287
288
289
286
287
288
289
196
197
198
207
208
209
210
211
194
195
196
197
198
207
208
209
210
211
212
214
215
216
217
252
253
254
194
195
196
197
198
207
208
209
210
211
212
213
214
215
216
217
252
253
254
194
195
196
197
198
206
207
208
209
210
211
212
213
214
215
216
217
250
251
252
253
254
255
205
206
207
208
209
210
211
212
213
214
215
216
217
219
220
221
222
223
249
250
251
252
253
254
255
256
205
206
207
208
209
210
211
212
213
214
215
216
217
218
219
220
221
222
223
249
250
251
252
253
254
255
256
257
47
48
49
50
51
52
205
206
207
208
209
210
211
212
213
214
215
216
217
218
219
220
221
222
223
249
250
251
252
253
254
255
256
257
46
47
48
49
50
51
52
206
207
208
209
210
211
212
213
214
215
216
217
218
219
220
221
222
223
250
251
252
253
254
255
256
257
5
6
7
46
47
48
49
50
51
52
53
54
55
206
207
208
209
210
211
212
213
214
215
216
217
218
255
256
257
4
5
6
7
46
47
48
49
50
51
52
53
54
55
56
206
207
208
209
210
211
212
213
214
215
216
4
5
6
7
8
47
48
49
50
51
52
53
54
55
56
206
207
208
209
210
211
212
213
214
215
216
4
5
6
7
8
47
48
49
50
51
52
53
54
55
56
209
210
211
212
213
214
215
216
5
6
7
8
48
49
50
51
52
53
54
55
56
57
211
212
213
214
215
6
7
8
48
49
50
51
52
53
54
55
56
57
211
212
213
6
7
8
48
49
50
51
52
53
54
55
56
57
58
48
49
50
51
52
53
54
55
56
57
58
232
233
234
235
48
49
50
51
52
53
54
55
56
57
58
232
233
234
235
298
299
300
48
49
50
51
52
55
56
57
58
171
172
173
231
232
233
234
235
297
298
299
300
302
303
304
305
48
49
50
51
170
171
172
173
174
229
230
231
232
233
234
295
296
297
298
299
300
301
302
303
304
305
165
166
167
169
170
171
172
173
174
229
230
231
232
233
234
235
294
295
296
297
298
299
300
301
302
303
304
305
306
165
166
167
169
170
171
172
173
174
229
230
231
232
233
234
235
294
295
296
297
298
299
300
301
302
303
304
305
306
307
165
166
167
168
169
170
171
172
173
174
229
230
231
232
233
234
235
294
295
296
297
298
299
300
301
302
303
304
305
306
307
165
166
167
168
169
170
171
172
173
174
229
230
231
232
233
234
235
236
237
294
295
296
297
298
299
300
301
302
303
304
305
306
307
20
21
22
23
24
167
168
169
170
171
172
173
174
232
233
234
235
236
237
278
279
280
281
282
294
295
296
297
298
299
300
301
302
303
304
305
306
20
21
22
23
24
25
171
172
173
174
175
176
233
234
235
236
237
238
278
279
280
281
282
283
294
295
296
297
298
299
300
301
302
303
304
305
308
309
310
20
21
22
23
24
25
168
169
170
171
172
173
174
175
176
234
235
236
237
238
278
279
280
281
282
283
284
285
294
295
296
297
298
299
300
301
302
303
304
305
306
307
308
309
310
20
21
22
23
24
25
168
169
170
171
172
173
174
175
176
234
235
236
237
238
280
281
282
283
284
285
295
296
297
298
299
300
301
302
303
304
305
306
307
308
309
310
20
21
22
23
24
134
135
136
137
138
139
168
169
170
171
172
174
175
176
234
235
236
237
238
281
282
283
284
285
295
296
297
298
299
300
301
302
303
304
305
306
307
308
309
310
22
23
24
134
135
136
137
138
139
166
167
168
169
170
171
172
225
226
227
282
283
284
295
296
297
298
299
300
301
302
303
304
305
306
307
308
309
310
311
134
135
136
137
138
139
166
167
168
169
170
171
172
173
225
226
227
228
229
230
295
296
297
298
299
300
301
302
303
304
305
306
307
308
309
310
311
4
5
6
7
133
134
135
136
137
138
139
166
167
168
169
170
171
172
173
225
226
227
228
229
230
297
298
299
300
301
302
303
304
305
306
307
308
309
310
311
0
1
2
3
4
5
6
7
133
134
135
136
137
138
139
167
168
169
170
171
172
173
224
225
226
227
228
229
230
237
238
239
299
300
301
302
303
304
305
306
307
0
1
2
3
4
5
6
7
133
134
135
136
137
138
139
167
168
169
170
171
172
173
223
224
225
226
227
228
229
230
231
236
237
238
239
301
302
303
304
305
306
307
0
1
2
3
4
5
6
135
136
137
138
139
167
168
169
170
171
172
223
224
225
226
227
228
229
230
231
232
233
234
235
236
237
238
239
301
302
303
0
1
2
3
4
5
6
135
136
137
138
139
168
169
170
223
224
225
226
227
228
229
230
231
232
233
234
235
236
237
238
239
240
300
301
302
303
0
1
2
3
4
5
6
136
137
138
225
226
227
228
229
230
231
232
233
234
235
236
237
238
239
240
241
299
300
301
302
303
0
1
2
3
4
224
225
226
227
228
229
230
231
232
233
234
235
236
237
238
239
240
241
299
300
301
302
303
304
305
0
1
2
3
4
224
225
226
227
228
229
230
231
232
233
234
235
236
237
238
239
240
241
242
243
299
300
301
302
303
304
305
0
1
2
3
4
5
6
222
223
224
225
226
227
228
229
230
231
232
233
234
235
236
237
238
239
240
241
242
243
299
300
301
302
303
304
305
0
1
2
3
4
5
6
7
33
34
35
36
37
38
39
222
223
224
225
226
227
228
229
230
231
232
233
234
235
236
237
238
239
240
241
242
243
299
300
301
302
303
304
0
1
2
3
4
5
6
7
30
31
32
33
34
35
36
37
38
39
222
223
224
225
226
227
228
229
230
231
232
233
234
235
236
237
238
239
240
241
242
243
298
299
300
301
302
303
1
2
3
4
5
6
7
30
31
32
33
34
35
36
37
38
39
223
224
225
226
227
228
229
231
232
233
234
235
236
237
238
239
240
241
242
243
298
299
300
301
0
1
2
3
4
5
6
30
31
32
33
34
35
36
37
38
39
109
110
111
112
113
114
213
214
215
231
232
233
234
235
236
237
238
239
240
241
242
243
298
299
300
0
1
2
3
4
5
6
30
31
32
33
34
35
36
37
38
39
109
110
111
112
113
114
183
184
185
213
214
215
216
231
232
233
234
235
236
237
238
239
240
241
242
243
0
1
2
3
30
31
32
33
34
35
36
37
38
39
40
41
100
101
102
103
109
110
111
112
113
114
183
184
185
186
187
213
214
215
216
217
218
229
230
231
232
233
234
235
236
237
238
239
240
241
242
1
2
3
30
31
32
33
34
35
36
37
38
39
40
41
99
100
101
102
103
104
105
109
110
111
112
113
114
183
184
185
186
187
188
190
191
192
193
211
212
213
214
215
216
217
218
219
229
230
231
232
233
234
235
236
237
238
239
33
34
35
36
37
38
39
40
41
99
100
101
102
103
104
105
109
110
111
112
113
114
183
184
185
186
187
188
189
190
191
192
193
194
210
211
212
213
214
215
216
217
218
219
229
230
231
232
233
234
235
236
237
238
239
33
34
35
36
37
38
39
40
41
42
98
99
100
101
102
103
104
105
106
107
109
110
111
112
113
114
183
184
185
186
187
188
189
190
191
192
193
194
195
210
211
212
213
214
215
216
217
218
219
233
234
235
236
237
33
34
35
36
37
38
39
40
41
42
97
98
99
100
101
102
103
104
105
106
107
108
183
184
185
186
187
188
189
190
191
192
193
194
195
201
202
203
204
205
206
210
211
212
213
214
215
216
233
234
235
236
237
33
34
35
36
37
38
39
40
41
42
97
98
99
100
101
102
103
104
105
106
107
108
183
184
185
186
187
188
189
190
191
192
193
194
195
201
202
203
204
205
206
207
208
209
212
213
214
215
216
33
34
35
36
37
38
39
40
41
42
97
98
99
100
101
102
103
104
105
106
107
108
109
110
113
114
115
118
119
120
184
185
186
187
188
189
190
191
192
193
194
195
196
197
198
199
201
202
203
204
205
206
207
208
209
214
215
216
33
34
35
36
37
38
39
40
41
99
100
101
102
103
104
105
106
107
108
109
110
111
112
113
114
115
116
117
118
119
120
185
186
187
188
189
190
191
192
193
194
195
196
197
198
199
203
204
205
206
207
208
209
33
34
35
36
37
38
39
40
41
99
100
101
102
103
104
105
106
107
108
109
110
111
112
113
114
115
116
117
118
119
120
186
187
188
189
190
191
192
193
194
195
196
197
198
199
203
204
205
206
207
208
209
239
240
241
242
99
100
101
102
103
104
105
106
107
108
109
110
111
112
113
114
115
116
117
118
119
120
186
187
188
189
190
191
192
193
194
195
196
197
198
199
203
204
205
206
207
239
240
241
242
99
100
101
102
103
104
105
106
107
108
109
110
111
112
113
114
115
116
117
118
119
186
187
188
189
190
191
192
193
194
195
196
197
198
199
200
201
202
203
204
205
206
207
239
240
241
242
243
244
245
246
247
248
101
102
103
104
105
106
107
108
109
110
111
112
113
114
115
116
117
118
119
186
187
188
189
190
191
192
193
194
195
196
197
198
199
200
201
202
203
204
205
206
239
240
241
242
243
244
245
246
247
248
102
103
104
105
106
107
108
109
110
111
112
113
114
115
116
117
118
119
187
188
189
190
191
192
193
194
195
199
200
201
202
203
204
205
206
241
242
243
244
245
246
247
248
102
103
104
105
106
107
108
109
110
111
112
113
114
115
116
117
118
187
188
189
190
191
192
193
199
200
201
202
203
204
205
206
241
242
243
244
245
246
247
102
103
104
105
106
107
108
109
110
111
115
116
117
118
190
191
192
199
200
201
202
241
242
243
244
103
104
105
106
107
116
117
118
189
190
191
192
193
199
200
201
202
242
243
244
189
190
191
192
193
189
190
191
192
193
191
192
193
24
25
26
24
25
26
27
28
23
24
25
26
27
28
23
24
25
26
27
28
23
24
25
26
27
28
324
325
326
237
238
239
324
325
326
327
236
237
238
239
240
241
242
324
325
326
327
328
329
330
331
51
52
53
236
237
238
239
240
241
242
243
244
245
246
324
325
326
327
328
329
330
331
51
52
53
109
110
111
112
113
114
115
236
237
238
239
240
241
242
243
244
245
246
319
320
321
322
323
324
325
326
327
328
329
330
331
332
51
52
53
54
55
108
109
110
111
112
113
114
115
233
234
235
236
237
238
239
240
241
242
243
244
245
246
319
320
321
322
323
324
325
326
327
328
329
330
331
332
333
51
52
53
54
55
108
109
110
111
112
113
114
115
233
234
235
236
237
238
239
240
241
242
243
244
245
246
319
320
321
322
323
324
325
326
327
328
329
330
331
332
333
52
53
54
55
108
109
110
111
112
113
233
234
235
236
237
238
239
240
241
242
243
319
320
321
322
323
324
325
326
327
328
329
330
331
332
333
52
53
54
55
56
57
108
109
110
111
112
113
234
235
236
237
238
239
240
241
242
243
319
320
321
322
323
324
325
326
327
328
329
330
331
332
333
49
50
51
52
53
54
55
56
57
234
235
236
237
238
239
240
241
242
319
320
321
322
323
324
325
326
327
328
329
330
331
332
333
49
50
51
52
53
54
55
56
57
234
235
236
237
238
239
240
241
242
320
321
322
323
324
325
326
327
328
329
330
331
332
333
49
50
51
52
53
54
55
56
66
67
68
234
235
236
237
238
239
240
241
242
324
325
326
327
328
329
330
331
332
49
50
51
52
53
54
55
66
67
68
69
327
328
329
53
54
55
65
66
67
68
69
65
66
67
68
69
65
66
67
68
128
129
130
127
128
129
130
131
126
127
128
129
130
131
125
126
127
128
129
130
131
125
126
127
128
129
130
131
304
305
306
307
308
125
126
127
128
129
130
131
304
305
306
307
308
126
127
128
129
130
131
303
304
305
306
307
308
59
60
61
62
63
64
65
66
128
129
130
303
304
305
306
307
308
59
60
61
62
63
64
65
66
303
304
305
306
307
319
320
321
322
323
58
59
60
61
62
63
64
65
66
67
68
319
320
321
322
323
324
58
59
60
61
62
63
64
65
66
67
68
315
316
317
318
319
320
321
322
323
324
58
59
60
61
62
63
64
65
66
67
68
69
315
316
317
318
319
320
321
322
323
324
58
59
60
61
62
63
64
65
66
67
68
69
70
315
316
317
318
319
320
321
322
323
324
325
326
327
36
37
38
39
40
58
59
60
61
62
63
64
65
66
67
68
69
70
292
293
294
315
316
317
318
319
320
321
322
323
324
325
326
327
328
34
35
36
37
38
39
40
58
59
60
61
62
63
64
65
66
67
68
69
70
290
291
292
293
294
295
296
304
305
306
309
310
311
316
317
318
319
320
321
322
323
324
325
326
327
328
33
34
35
36
37
38
39
40
52
53
54
58
59
60
61
62
63
64
65
66
290
291
292
293
294
295
296
297
298
299
304
305
306
307
308
309
310
311
321
322
323
324
325
326
327
328
329
330
33
34
35
36
37
38
39
52
53
54
55
62
63
64
65
289
290
291
292
293
294
295
296
297
298
299
300
301
302
303
304
305
306
307
308
309
310
311
321
322
323
324
325
326
327
328
329
330
331
332
32
33
34
35
36
37
38
39
52
53
54
55
62
63
64
65
288
289
290
291
292
293
294
295
296
297
298
299
300
301
302
303
304
305
306
307
308
309
310
311
320
321
322
323
324
325
326
327
328
329
330
331
332
28
29
30
32
33
34
35
36
37
38
39
52
53
54
55
62
63
64
65
280
281
282
287
288
289
290
291
292
293
294
295
296
297
298
299
300
301
302
303
304
305
306
307
308
309
310
311
312
320
321
322
323
324
325
326
327
328
329
330
331
332
24
25
26
27
28
29
30
31
32
33
34
35
36
37
51
52
53
54
55
280
281
282
283
284
285
286
287
288
289
290
291
292
293
294
295
296
297
298
299
300
301
302
303
304
305
306
307
308
309
310
311
312
319
320
321
322
323
324
325
326
327
328
329
330
331
332
24
25
26
27
28
29
30
31
32
33
34
35
36
37
50
51
52
53
54
55
280
281
282
283
284
285
286
287
288
289
290
291
292
293
294
295
296
297
298
299
300
301
302
303
304
305
306
307
310
311
312
319
320
321
322
323
324
325
326
327
328
329
330
331
332
333
20
21
22
23
24
25
26
27
28
29
30
31
32
33
34
35
36
37
50
51
52
53
54
55
280
281
282
283
284
285
286
287
288
289
290
291
292
293
294
295
296
297
298
299
300
301
302
303
304
305
306
319
320
321
322
323
324
325
326
327
328
329
330
331
332
333
20
21
22
23
24
25
26
27
28
29
30
31
32
33
34
35
36
50
51
52
53
280
281
282
283
284
285
286
287
288
289
290
291
292
293
294
295
296
297
298
299
300
301
302
303
320
321
322
323
324
325
326
327
328
329
330
331
332
333
20
21
22
23
24
25
26
27
28
29
30
31
279
280
281
282
283
284
285
286
287
288
289
290
291
292
293
294
295
296
300
301
302
320
321
322
323
324
325
326
327
328
329
330
331
332
333
21
22
23
27
28
29
30
31
279
280
281
282
283
284
285
286
287
290
291
292
293
294
320
321
322
323
324
325
326
327
328
329
330
331
332
333
27
28
29
30
31
279
280
281
282
283
284
291
292
293
294
320
321
322
323
324
325
326
327
328
329
330
331
332
333
28
29
30
279
280
281
282
322
323
324
325
326
327
328
329
330
331
332
333
279
280
281
322
323
324
325
326
327
328
329
330
331
332
333
321
322
323
324
325
326
327
328
329
330
331
332
333
321
322
323
324
325
329
330
331
332
333