184
185
186
187
188
189
190
191
192
193
194
256
257
258
259
260
261
262
263
321
322
323
324
184
185
186
187
188
189
190
191
192
193
194
256
257
258
259
260
261
262
263
321
322
323
324
184
185
186
187
188
189
190
191
192
193
194
256
257
258
259
260
261
262
320
321
322
323
324
326
327
328
329
330
184
185
186
187
188
189
190
191
192
193
194
254
255
256
257
258
259
260
261
262
312
313
314
315
320
321
322
323
324
326
327
328
329
330
184
185
186
187
188
189
190
191
192
193
194
253
254
255
256
257
258
259
260
261
262
263
312
313
314
315
316
320
321
322
323
324
325
326
327
328
329
330
184
185
186
187
188
189
191
192
193
194
251
252
253
254
255
256
257
258
259
260
261
262
263
312
313
314
315
316
324
325
326
327
328
329
186
187
188
250
251
252
253
254
255
256
257
258
259
260
261
262
263
313
314
315
316
324
325
326
327
328
329
249
250
251
252
253
254
255
256
257
258
259
260
261
262
263
324
325
326
327
328
84
85
86
249
250
251
252
253
254
255
256
257
258
259
260
261
262
84
85
86
87
88
249
250
251
252
253
254
255
256
258
259
260
84
85
86
87
88
222
223
224
238
239
240
241
249
250
251
252
253
254
255
256
257
258
259
260
84
85
86
87
88
217
218
219
222
223
224
238
239
240
241
242
243
249
250
251
252
253
254
255
256
257
258
259
84
85
86
217
218
219
220
221
222
223
224
225
238
239
240
241
242
243
244
249
250
251
252
253
254
255
256
257
258
259
84
85
86
216
217
218
219
220
221
222
223
224
225
238
239
240
241
242
243
244
249
250
251
252
253
254
255
256
257
258
259
260
261
216
217
218
219
220
221
222
223
224
225
238
239
240
241
242
243
244
249
250
251
252
253
254
255
256
257
258
259
260
261
216
217
218
219
220
221
222
241
242
243
251
252
253
254
255
256
257
258
259
260
261
219
220
221
251
252
253
254
255
256
257
258
259
260
251
252
253
254
255
256
257
258
259
260
261
262
169
170
171
255
256
257
258
259
260
261
262
167
168
169
170
171
172
255
256
257
258
259
260
261
262
162
163
164
165
167
168
169
170
171
172
173
174
175
184
185
186
206
207
208
255
256
257
258
259
260
261
262
162
163
164
165
166
167
168
169
170
171
172
173
174
175
184
185
186
187
188
206
207
208
211
212
213
254
255
256
257
258
259
260
261
262
162
163
164
165
166
167
168
169
170
171
172
173
174
175
184
185
186
187
188
204
205
206
207
208
209
210
211
212
213
254
255
256
257
258
259
260
261
262
163
164
165
166
167
168
169
170
171
172
173
185
186
187
188
189
204
205
206
207
208
209
210
211
212
213
254
255
256
163
164
165
166
167
168
169
170
171
172
173
184
185
186
187
188
189
190
204
205
206
207
208
209
210
211
212
213
163
164
165
166
167
168
169
170
171
172
183
184
185
186
187
188
189
190
191
206
207
208
209
210
211
212
213
163
164
165
168
169
170
171
172
183
184
185
186
187
188
189
190
191
205
206
207
208
209
210
211
212
213
169
170
171
172
181
182
183
184
185
186
187
188
189
190
191
192
193
205
206
207
208
209
210
211
212
181
182
183
184
185
186
187
188
189
190
191
192
193
205
206
207
208
209
210
211
212
181
182
183
184
185
186
187
188
189
190
191
192
193
205
206
207
208
209
154
155
156
181
182
183
184
185
186
187
188
190
191
192
193
205
206
207
208
209
236
237
238
239
154
155
156
157
158
159
160
161
162
163
181
182
183
184
185
186
187
188
190
191
192
205
206
207
208
209
227
228
229
235
236
237
238
239
240
83
84
85
154
155
156
157
158
159
160
161
162
163
184
185
186
187
188
190
191
192
205
206
207
208
209
226
227
228
229
230
231
235
236
237
238
239
240
241
83
84
85
86
87
154
155
156
157
158
159
160
161
162
163
164
184
185
186
187
188
205
206
207
225
226
227
228
229
230
231
235
236
237
238
239
240
241
242
83
84
85
86
87
154
155
156
157
158
159
160
161
162
163
164
165
184
185
186
187
225
226
227
228
229
230
231
232
233
234
235
236
237
238
239
240
241
242
32
33
34
35
36
83
84
85
86
87
153
154
155
156
157
158
159
160
161
162
163
164
165
184
185
186
225
226
227
228
229
230
231
232
233
234
235
236
237
238
239
240
241
242
243
32
33
34
35
36
82
83
84
85
86
87
88
153
154
155
156
157
158
159
160
161
162
163
164
165
224
225
226
227
228
229
230
231
232
233
234
235
236
237
238
239
240
241
242
243
32
33
34
35
36
37
38
39
40
41
81
82
83
84
85
86
87
88
153
154
155
156
159
160
161
162
163
224
225
226
227
228
229
230
231
232
233
234
235
236
237
238
239
240
241
242
243
32
33
34
35
36
37
38
39
40
41
79
80
81
82
83
84
85
86
87
88
159
160
161
162
163
224
225
226
227
228
229
230
231
232
233
234
235
236
237
238
239
240
241
242
32
33
34
35
36
37
38
39
40
41
79
80
81
82
83
84
85
86
87
88
159
160
161
162
163
225
226
227
228
229
230
231
232
233
234
235
236
237
238
240
241
242
317
318
319
31
32
33
34
35
36
37
38
39
40
78
79
80
81
82
83
84
85
86
87
88
89
159
160
161
162
207
208
209
210
225
226
227
228
229
230
231
232
233
234
235
236
237
238
239
316
317
318
319
31
32
33
34
35
36
37
38
39
56
57
58
59
60
78
79
80
81
82
83
84
85
86
87
88
89
90
159
160
161
162
207
208
209
210
211
232
233
234
235
236
237
238
239
316
317
318
319
31
32
33
34
35
36
37
38
39
56
57
58
59
60
75
76
77
78
79
80
81
82
83
84
85
86
87
88
89
90
91
159
160
161
207
208
209
210
211
232
233
234
235
236
237
238
239
316
317
318
319
31
32
33
34
35
36
37
38
39
56
57
58
59
60
61
75
76
77
78
79
80
81
82
83
84
87
88
89
90
91
207
208
209
210
211
232
233
234
316
317
318
319
31
32
33
34
35
36
37
38
39
45
46
47
48
49
50
51
54
55
56
57
58
59
60
61
73
74
75
76
77
78
79
80
81
82
83
84
85
87
88
89
90
91
42
43
44
45
46
47
48
49
50
51
54
55
56
57
58
59
60
61
73
74
75
76
77
78
79
80
81
82
83
84
85
88
89
90
41
42
43
44
45
46
47
48
49
50
51
53
54
55
56
57
58
59
60
61
73
74
75
76
77
78
79
80
81
82
83
84
85
41
42
43
44
45
46
47
48
49
50
51
52
53
54
55
56
57
58
59
60
61
71
72
73
74
75
76
77
78
79
80
81
82
83
84
41
42
43
44
45
46
47
48
49
50
51
52
53
54
55
56
57
58
59
71
72
73
74
75
76
77
78
79
80
81
82
83
84
43
44
45
47
48
49
50
51
52
53
54
55
56
57
58
59
71
72
73
74
75
76
77
78
79
80
81
82
83
84
45
46
47
48
49
50
51
52
53
54
55
56
57
58
59
74
75
76
77
78
79
80
81
82
83
148
149
150
44
45
46
47
48
49
50
51
52
53
54
55
56
57
58
74
75
76
77
80
81
82
83
143
144
145
148
149
150
151
44
45
46
47
48
49
50
51
52
53
54
55
56
57
58
59
81
82
83
143
144
145
147
148
149
150
151
155
156
157
44
45
46
47
48
49
50
54
55
56
57
58
59
143
144
145
147
148
149
150
151
152
153
154
155
156
157
158
44
45
46
47
48
49
50
55
56
57
58
59
143
144
145
146
147
148
149
150
151
152
153
154
155
156
157
158
45
46
47
48
55
56
57
143
144
145
146
147
148
149
150
151
152
153
154
155
156
157
158
140
141
142
143
144
145
146
147
148
149
150
151
152
153
154
155
156
157
140
141
142
143
144
145
146
147
148
149
150
151
152
153
154
155
156
157
158
140
141
142
143
144
145
146
147
148
149
150
151
152
153
154
155
156
157
158
141
142
143
144
145
146
147
148
149
150
151
152
153
154
155
156
157
158
147
148
149
150
151
152
153
154
155
156
157
158
149
150
151
152
153
154
155
156
157
296
297
298
299
300
301
302
303
150
151
152
153
154
155
156
157
295
296
297
298
299
300
301
302
303
154
155
156
157
295
296
297
298
299
300
301
302
303
70
71
72
73
74
75
82
83
84
85
86
154
155
156
295
296
297
298
299
300
301
302
303
70
71
72
73
74
75
76
80
81
82
83
84
85
86
295
296
297
298
299
300
301
302
303
70
71
72
73
74
75
76
79
80
81
82
83
84
85
86
296
297
298
299
300
301
302
303
304
72
73
74
75
76
78
79
80
81
82
83
84
85
297
298
299
300
301
302
303
304
305
306
72
73
74
75
78
79
80
81
82
83
84
297
298
299
300
301
302
303
304
305
306
73
74
75
78
79
80
81
82
83
84
297
298
299
300
301
302
304
305
306
31
32
33
78
79
80
81
82
83
84
299
300
301
302
31
32
33
34
35
36
37
38
78
79
80
81
273
274
275
31
32
33
34
35
36
37
38
79
80
81
271
272
273
274
275
31
32
33
34
35
36
37
38
271
272
273
274
275
276
31
32
33
34
35
36
37
270
271
272
273
274
275
276
277
278
35
36
37
270
271
272
273
274
275
276
277
278
265
266
267
268
269
270
271
272
273
274
275
276
277
278
305
306
307
308
309
310
264
265
266
267
268
269
270
271
272
273
274
275
276
277
278
301
302
303
304
305
306
307
308
309
310
264
265
266
267
268
269
270
271
272
273
274
275
276
277
278
301
302
303
304
305
306
307
308
309
310
264
265
266
267
268
269
270
271
272
273
274
275
276
277
278
301
302
303
304
305
306
307
308
309
310
265
266
267
269
270
271
272
273
274
275
276
277
278
302
303
304
305
306
307
308
133
134
135
269
270
271
272
273
302
303
304
305
306
307
308
309
55
56
57
133
134
135
136
271
272
273
274
302
303
304
305
306
307
308
309
47
48
49
50
54
55
56
57
133
134
135
136
137
138
139
271
272
273
274
305
306
307
308
309
47
48
49
50
51
52
53
54
55
56
57
134
135
136
137
138
139
205
206
207
272
273
274
47
48
49
50
51
52
53
54
55
56
135
136
137
138
139
205
206
207
208
47
48
49
50
51
52
53
54
55
56
158
159
160
204
205
206
207
208
209
271
272
273
47
48
49
50
51
52
53
54
157
158
159
160
204
205
206
207
208
209
271
272
273
274
49
50
51
52
53
54
155
156
157
158
159
160
204
205
206
207
208
209
271
272
273
274
49
50
51
52
53
54
154
155
156
157
158
159
206
207
208
209
270
271
272
273
274
50
51
52
53
55
56
57
153
154
155
156
157
158
159
270
271
272
273
50
51
52
53
55
56
57
72
73
74
153
154
155
156
157
158
159
160
161
270
271
272
50
51
52
53
54
55
56
57
68
69
70
71
72
73
74
153
154
155
156
157
158
159
160
161
162
163
52
53
54
55
66
67
68
69
70
71
72
73
74
153
154
155
156
157
158
159
160
161
162
163
198
199
200
50
51
52
53
54
55
61
62
63
66
67
68
69
70
71
72
73
74
75
155
156
157
158
159
160
161
162
163
164
195
196
197
198
199
200
50
51
52
53
54
55
60
61
62
63
64
65
66
67
68
69
70
71
72
73
74
75
155
156
157
158
159
160
161
162
163
164
165
166
167
195
196
197
198
199
200
50
51
52
53
54
55
56
57
60
61
62
63
64
65
66
67
68
69
70
71
72
73
74
75
76
77
78
155
156
157
158
159
160
161
162
163
164
165
166
167
195
196
197
198
199
200
13
14
15
16
17
18
19
20
51
52
53
54
55
56
57
60
61
62
63
64
65
66
67
68
69
70
71
72
73
74
75
76
77
78
79
155
156
157
160
161
162
163
165
166
167
168
196
197
198
199
13
14
15
16
17
18
19
20
21
51
52
53
54
55
56
57
60
61
62
63
64
65
66
67
68
69
70
71
72
73
74
75
76
77
78
79
155
156
157
162
163
164
165
166
167
168
169
13
14
15
16
17
18
19
20
21
52
53
54
60
61
62
63
64
65
66
67
68
69
70
71
72
73
74
75
76
77
78
79
80
81
162
163
164
165
166
167
168
169
248
249
250
18
19
20
21
60
61
62
63
64
65
66
67
68
69
70
71
72
73
74
75
76
77
78
79
80
81
162
163
164
165
166
167
168
169
170
171
172
247
248
249
250
18
19
20
60
61
62
63
64
65
66
67
68
69
70
71
72
73
74
75
76
77
78
79
80
81
162
163
164
165
166
167
168
169
170
171
172
173
177
178
179
180
181
182
244
245
246
247
248
249
250
62
63
64
65
66
67
68
69
70
71
72
73
74
75
76
77
163
164
165
166
167
168
169
170
171
172
173
174
175
177
178
179
180
181
182
244
245
246
247
248
249
250
63
64
65
66
67
68
69
70
71
72
73
74
75
163
164
165
166
167
168
169
170
171
172
173
174
175
176
177
178
179
180
181
182
238
239
240
241
243
244
245
246
247
248
249
250
63
64
65
66
67
68
69
70
71
72
73
74
162
163
164
165
166
167
168
169
170
171
172
173
174
175
176
177
178
179
180
181
182
238
239
240
241
243
244
245
246
247
248
63
64
65
66
67
68
69
70
71
72
73
162
163
164
165
166
167
168
169
170
171
172
173
174
175
176
177
178
179
180
181
182
238
239
240
241
243
244
245
246
247
248
64
65
66
67
68
69
70
71
72
73
74
162
163
164
165
166
167
168
169
170
171
172
173
174
175
176
177
178
179
180
181
182
239
240
241
243
244
245
246
247
248
64
65
66
67
68
69
70
71
72
73
74
75
163
164
165
166
167
168
169
170
171
172
173
174
175
176
177
178
179
180
181
182
236
237
238
239
243
244
245
246
247
65
66
67
68
69
70
71
72
73
74
75
163
164
165
166
167
168
169
170
171
172
173
174
175
176
177
178
179
180
181
236
237
238
239
240
241
243
244
245
246
247
248
249
250
65
66
67
68
69
70
71
72
73
74
75
163
164
165
166
167
168
169
170
171
172
173
174
175
176
177
178
179
180
181
236
237
238
239
240
241
242
243
244
245
246
247
248
249
250
65
66
67
68
69
70
71
72
73
74
75
164
165
166
167
168
169
170
171
172
174
175
176
236
237
238
239
240
241
242
243
244
245
246
247
248
249
250
251
68
69
70
71
72
73
166
167
168
169
170
171
172
236
237
238
239
240
241
242
243
244
245
246
247
248
249
250
251
68
69
70
71
72
131
132
133
134
135
136
137
138
139
140
167
168
169
170
171
172
236
237
238
239
240
241
242
243
244
245
246
247
248
249
250
251
69
70
71
72
131
132
133
134
135
136
137
138
139
140
168
169
170
171
237
238
239
241
242
243
244
245
246
247
248
249
131
132
133
134
135
136
137
138
139
140
241
242
243
244
245
246
247
248
249
308
309
310
311
312
313
0
1
133
134
135
136
137
138
139
241
242
243
245
246
247
248
249
273
274
275
276
302
303
304
305
306
308
309
310
311
312
313
314
0
1
2
134
135
136
137
138
139
272
273
274
275
276
277
278
302
303
304
305
306
308
309
310
311
312
313
314
315
316
0
1
2
53
54
55
56
57
58
134
135
136
137
138
139
271
272
273
274
275
276
277
278
279
302
303
304
305
306
307
308
309
310
311
312
313
314
315
316
0
1
2
50
51
52
53
54
55
56
57
58
125
126
127
134
135
136
137
138
139
271
272
273
274
275
276
277
278
279
303
304
305
306
307
308
309
310
311
312
313
314
315
316
0
1
2
49
50
51
52
53
54
55
56
57
58
125
126
127
135
136
137
138
139
271
272
273
274
275
276
277
278
279
280
303
304
305
306
307
308
309
310
311
312
313
314
315
316
0
1
49
50
51
52
53
54
55
56
57
58
59
125
126
127
135
136
137
159
160
161
162
163
274
275
276
277
278
279
280
302
303
304
305
306
307
308
309
310
311
312
313
314
315
316
49
50
51
52
53
54
55
56
57
58
59
60
124
125
126
127
128
129
159
160
161
162
163
164
165
275
276
277
278
279
280
281
302
303
304
305
306
307
308
309
310
311
312
313
314
315
316
317
49
50
51
52
53
54
55
56
57
58
59
60
123
124
125
126
127
128
129
130
159
160
161
162
163
164
165
276
277
278
279
280
281
302
303
304
305
306
307
308
309
310
311
312
313
314
315
316
317
318
49
50
51
52
53
54
58
59
60
123
124
125
126
127
128
129
130
159
160
161
162
163
164
165
166
276
277
278
279
280
281
301
302
303
304
305
306
307
308
309
310
311
312
313
314
315
316
317
318
319
123
124
125
126
127
128
129
130
159
160
161
162
163
164
165
166
167
168
169
301
302
303
304
305
306
307
308
309
310
311
312
313
314
315
316
317
318
319
124
125
126
127
128
159
160
161
162
163
164
165
166
167
168
169
298
299
300
301
302
303
304
305
306
307
308
309
310
311
312
313
314
315
316
317
318
319
126
127
128
159
160
161
162
163
164
165
166
167
168
169
298
299
300
301
302
303
304
305
306
307
308
309
310
311
312
313
314
315
160
161
162
163
164
165
166
167
168
298
299
300
301
302
303
304
305
306
307
308
309
310
311
312
313
314
315
161
162
163
164
165
166
167
299
300
301
302
303
304
305
306
307
308
309
310
311
312
313
314
315
24
25
26
162
163
164
299
300
301
302
303
304
305
306
307
308
309
24
25
26
27
28
29
30
31
142
143
144
301
302
303
304
305
306
307
308
309
22
23
24
25
26
27
28
29
30
31
32
33
34
35
36
142
143
144
302
303
304
305
306
307
308
309
331
332
333
22
23
24
25
26
27
28
29
30
31
32
33
34
35
36
141
142
143
144
302
303
304
307
308
309
331
332
333
22
23
24
25
26
27
28
29
30
31
32
33
34
35
36
139
140
141
142
143
144
330
331
332
333
23
24
25
26
27
28
29
30
31
32
33
34
35
139
140
141
142
143
144
330
331
332
333
23
24
25
26
27
28
29
30
31
32
33
34
35
139
140
141
142
143
144
329
330
331
332
333
19
20
21
22
23
24
25
26
27
28
29
30
31
32
33
34
35
71
72
73
74
75
76
77
78
140
141
142
143
144
329
330
331
332
333
19
20
21
22
23
24
25
26
27
28
29
30
31
32
33
34
69
70
71
72
73
74
75
76
77
78
142
143
144
329
330
331
19
20
21
22
23
24
25
26
27
28
29
30
31
32
33
69
70
71
72
73
74
75
76
77
78
19
20
21
22
23
24
25
26
27
28
29
30
31
32
33
69
70
71
72
73
74
75
76
77
78
19
20
21
22
23
24
25
26
27
28
29
30
31
32
33
69
70
71
72
73
74
75
76
77
78
79
80
81
82
83
21
22
23
24
25
26
27
28
29
30
31
32
33
70
71
72
73
74
75
76
77
78
79
80
81
82
83
23
24
25
28
29
30
31
32
33
70
71
72
73
74
75
76
77
78
79
80
81
82
83
84
205
206
207
28
29
30
31
32
71
72
73
74
75
76
77
78
79
80
81
82
83
84
204
205
206
207
208
30
31
32
72
73
74
75
76
77
78
79
80
82
83
84
102
103
104
105
106
107
156
157
158
204
205
206
207
208
275
276
277
72
73
74
75
76
78
79
80
102
103
104
105
106
107
108
156
157
158
159
160
161
204
205
206
207
208
275
276
277
278
279
72
73
74
102
103
104
105
106
107
108
154
155
156
157
158
159
160
161
204
205
206
207
208
209
228
229
230
275
276
277
278
279
280
281
282
101
102
103
104
105
106
107
108
109
110
154
155
156
157
158
159
160
161
204
205
206
207
208
209
228
229
230
231
274
275
276
277
278
279
280
281
282
283
101
102
103
104
105
106
107
108
109
110
154
155
156
157
158
159
160
204
205
206
207
208
209
228
229
230
231
274
275
276
277
278
279
280
281
282
283
101
102
103
104
105
106
107
108
109
110
155
156
157
158
159
160
228
229
230
231
273
274
275
276
277
278
279
280
281
282
283
329
330
331
103
104
105
106
107
108
109
110
155
156
157
158
159
160
273
274
275
276
277
278
279
280
281
328
329
330
331
332
104
105
106
271
272
273
274
275
276
277
278
279
328
329
330
331
332
333
271
272
273
274
275
276
277
328
329
330
331
332
333
271
272
273
274
275
276
277
328
329
330
331
332
333
271
272
273
274
275
276
277
328
329
330
331
332
333
271
272
273
274
275
276
277
326
327
328
329
330
331
332
333
271
272
273
274
275
276
323
324
325
326
327
328
329
330
331
332
333
272
273
274
323
324
325
326
327
328
329
330
331
332
333
272
273
274
323
324
325
326
327
328
329
330
331
332
333
323
324
325
326
327
328
329
330
331
332
333
322
323
324
325
326
327
328
329
330
331
332
333
15
16
17
18
19
20
322
323
324
325
326
327
328
329
330
331
332
333
15
16
17
18
19
20
21
23
24
25
322
323
324
325
326
327
328
329
330
331
332
333
15
16
17
18
19
20
21
22
23
24
25
322
323
324
325
326
327
328
329
330
331
332
333
16
17
18
19
20
21
22
23
24
25
325
326
327
328
329
330
331
17
18
19
20
21
22
23
24
325
326
327
328
18
19
20
21
22
23
24
208
209
210
211
212
213
325
326
327
328
18
19
20
21
22
23
24
205
206
207
208
209
210
211
212
213
326
327
328
18
19
20
21
22
23
204
205
206
207
208
209
210
211
212
213
203
204
205
206
207
208
209
210
211
212
213
214
215
321
322
323
324
203
204
205
206
207
208
209
210
211
212
213
214
215
321
322
323
324
325
24
25
26
28
29
30
202
203
204
205
206
207
208
209
210
211
212
213
214
215
318
319
320
321
322
323
324
325
24
25
26
28
29
30
31
32
202
203
204
205
206
207
208
209
210
211
213
214
215
268
269
270
271
272
318
319
320
321
322
323
324
325
24
25
26
27
28
29
30
31
32
33
202
203
204
205
206
207
208
209
210
211
212
213
267
268
269
270
271
272
313
314
315
316
317
318
319
320
321
322
323
324
325
24
25
26
27
28
29
30
31
32
33
205
206
207
208
209
210
211
212
213
265
266
267
268
269
270
271
272
313
314
315
316
317
318
319
320
321
322
323
324
325
24
25
26
27
28
29
30
31
32
33
205
206
207
208
209
210
211
212
213
265
266
267
268
269
310
311
312
313
314
315
316
317
318
319
320
321
322
323
324
325
326
327
23
24
25
26
27
28
29
30
31
32
33
205
206
207
208
209
210
211
212
237
238
239
240
241
242
265
266
267
268
269
310
311
312
313
314
315
316
317
318
319
320
321
322
323
324
325
326
327
23
24
25
26
27
28
29
30
31
32
205
206
207
208
209
210
211
236
237
238
239
240
241
242
243
265
266
267
268
269
270
310
311
312
313
314
315
316
317
318
319
320
321
322
323
324
325
326
327
23
24
25
26
27
28
29
30
31
207
208
209
210
236
237
238
239
240
241
242
243
244
265
266
267
268
269
270
311
312
313
314
315
316
317
318
319
320
321
322
323
324
325
326
327
23
24
25
26
27
28
29
30
31
32
33
236
237
238
239
240
241
242
243
244
245
265
266
267
268
269
270
271
313
314
315
316
317
318
319
320
321
322
323
324
325
326
23
24
25
26
27
28
29
30
31
32
33
237
238
239
240
241
242
243
244
245
265
266
267
268
269
270
271
314
315
316
317
318
319
320
321
322
323
324
325
326
23
24
25
26
27
28
29
30
31
32
33
238
239
240
241
242
243
244
245
264
265
266
267
268
269
270
271
313
314
315
316
317
318
319
320
321
322
323
324
325
326
23
24
25
26
27
28
29
30
31
32
238
239
240
241
242
264
265
266
267
268
313
314
315
316
317
318
319
320
321
322
323
324
325
326
23
24
25
26
27
28
29
30
31
238
239
240
241
242
264
265
266
267
313
314
315
316
317
318
319
320
321
322
323
324
325
326
26
27
28
29
30
31
313
314
315
316
317
318
319
320
321
322
323
324
325
326
28
29
30
31
314
315
316
317
318
319
320
321
322
323
324
325
29
30
31
157
158
159
319
320
321
322
323
324
154
155
156
157
158
159
320
321
322
323
324
154
155
156
157
158
159
317
318
319
320
321
322
154
155
156
157
158
159
160
161
316
317
318
319
320
321
322
102
103
104
153
154
155
156
157
158
159
160
161
316
317
318
319
320
321
322
97
98
99
100
101
102
103
104
152
153
154
155
156
157
158
159
160
161
291
292
293
316
317
318
319
320
321
97
98
99
100
101
102
103
104
152
153
154
155
156
157
158
159
160
161
291
292
293
294
295
296
316
317
318
319
320
321
97
98
99
100
101
102
103
104
151
152
153
154
155
156
157
158
159
160
161
291
292
293
294
295
296
316
317
318
319
320
92
93
94
95
96
98
99
100
101
102
103
104
150
151
152
153
154
155
156
157
158
159
160
161
291
292
293
294
295
296
316
317
318
0
1
2
3
92
93
94
95
96
97
98
99
100
101
102
103
104
150
151
152
153
154
155
156
157
158
159
160
161
289
290
291
292
293
294
295
296
0
1
2
3
92
93
94
95
96
97
98
99
100
101
102
103
150
151
152
153
154
155
156
157
158
159
289
290
291
292
293
294
295
296
0
1
2
3
92
93
94
95
96
97
98
99
100
101
102
103
150
151
152
153
154
155
156
157
158
159
160
289
290
291
292
0
1
2
3
92
93
94
95
96
97
98
99
100
101
102
150
151
152
153
154
155
156
157
158
159
160
161
290
291
292
293
294
295
0
1
2
92
93
94
95
96
97
98
99
100
150
151
152
153
154
155
156
157
158
159
160
161
236
237
238
293
294
295
296
297
298
93
94
95
96
97
98
99
100
101
152
153
154
155
156
157
158
159
160
161
236
237
238
239
240
293
294
295
296
297
298
93
94
95
96
97
98
99
100
101
152
153
154
155
156
157
236
237
238
239
240
241
244
245
246
294
295
296
297
298
93
94
95
96
97
98
99
100
101
152
153
154
155
156
236
237
238
239
240
241
244
245
246
295
296
297
94
95
96
97
98
99
100
153
154
155
156
236
237
238
239
240
241
242
243
244
245
246
95
96
97
153
154
155
237
238
239
240
241
242
243
244
245
246
247
248
237
238
239
240
241
242
243
244
245
246
247
248
4
5
6
7
8
9
233
234
235
236
239
240
241
242
243
244
245
246
247
248
249
250
251
4
5
6
7
8
9
10
232
233
234
235
236
237
238
239
240
241
242
243
244
245
246
247
248
249
250
251
283
284
285
1
2
3
4
5
6
7
8
9
10
232
233
234
235
236
237
238
239
240
241
242
243
244
245
246
247
248
249
250
251
281
282
283
284
285
286
287
288
1
2
3
4
5
6
7
8
9
10
11
12
232
233
234
235
236
237
238
239
240
241
242
243
244
245
246
247
249
250
251
281
282
283
284
285
286
287
288
289
1
2
3
4
5
6
7
8
9
10
11
12
233
234
235
236
237
238
239
240
241
242
243
244
245
246
247
248
281
282
283
284
285
286
287
288
289
3
4
5
6
7
8
9
10
11
12
233
234
235
236
237
238
239
240
241
242
243
244
245
246
247
248
249
250
282
283
284
285
286
287
288
289
6
7
8
9
10
11
233
234
235
236
237
238
239
240
241
242
243
244
245
246
247
248
249
250
281
282
283
284
285
286
287
288
289
290
9
10
11
234
235
236
237
238
239
240
241
242
243
244
245
246
247
248
249
250
251
281
282
283
284
285
286
287
288
289
290
34
35
36
37
234
235
236
237
238
239
240
241
242
243
244
245
246
247
248
249
250
251
281
282
283
284
285
286
287
288
289
290
323
324
325
34
35
36
37
55
56
57
59
60
61
141
142
143
144
145
234
235
236
237
238
239
240
241
242
245
246
247
248
249
250
251
281
282
283
284
285
286
287
288
323
324
325
34
35
36
37
38
41
42
43
54
55
56
57
58
59
60
61
141
142
143
144
145
245
246
247
248
249
284
285
286
287
323
324
325
326
35
36
37
38
39
41
42
43
54
55
56
57
58
59
60
61
141
142
143
144
145
247
248
249
285
286
287
323
324
325
326
327
35
36
37
38
39
40
41
42
43
54
55
56
57
58
59
60
61
62
63
141
142
143
144
145
146
324
325
326
327
32
33
34
35
36
37
38
39
40
41
42
43
44
53
54
55
56
57
58
59
60
61
62
63
141
142
143
144
145
146
325
326
327
31
32
33
34
35
36
37
38
39
40
41
42
43
44
52
53
54
55
56
57
58
59
60
61
62
63
141
142
143
144
145
146
30
31
32
33
34
35
36
37
38
39
40
41
42
43
44
45
52
53
54
55
56
57
58
59
60
61
62
141
142
143
144
145
146
28
29
30
31
32
33
34
35
36
37
38
39
40
41
42
43
44
45
52
53
54
55
56
57
58
59
60
144
145
146
28
29
30
31
32
33
34
35
36
37
38
39
40
41
42
43
44
45
53
54
55
56
57
58
59
60
28
29
30
31
32
33
34
35
36
37
38
39
40
41
42
43
44
53
54
55
56
57
58
59
60
29
30
31
32
33
34
35
36
37
38
39
40
41
42
43
53
54
55
58
59
60
72
73
74
29
30
31
32
33
34
35
36
37
38
39
40
41
42
43
72
73
74
75
32
33
34
35
36
37
38
39
40
41
42
72
73
74
75
76
77
78
79
32
33
34
35
36
37
38
39
40
41
42
72
73
74
75
76
77
78
79
11
12
13
14
32
33
34
35
36
37
38
39
40
41
42
76
77
78
79
11
12
13
14
15
35
36
37
38
39
40
41
42
76
77
78
79
11
12
13
14
15
37
38
39
40
41
42
10
11
12
13
14
15
38
39
40
41
42
10
11
12
13
14
8
9
10
11
12
13
14
8
9
10
11
12
13
14
15
16
17
5
6
7
8
9
10
11
12
13
14
15
16
17
5
6
7
8
9
10
11
12
13
14
15
16
17
5
6
7
8
9
10
11
12
13
14
15
16
17
18
19
20
121
122
123
6
7
8
9
10
11
12
13
14
15
16
17
18
19
20
120
121
122
123
124
7
8
9
10
11
12
13
14
15
16
17
18
19
20
119
120
121
122
123
124
125
7
8
9
10
11
12
13
14
15
16
17
18
19
116
117
118
119
120
121
122
123
124
125
7
8
9
10
11
12
13
14
15
16
17
18
19
116
117
118
119
120
121
122
123
124
125
11
12
13
14
15
16
17
116
117
118
119
120
121
122
123
124
125
145
146
147
148
149
14
15
16
17
118
119
120
121
122
123
124
125
144
145
146
147
148
149
150
14
15
16
117
118
119
120
121
122
123
144
145
146
147
148
149
150
151
152
116
117
118
119
120
121
122
123
144
145
146
147
148
149
150
151
152
116
117
118
119
147
148
149
150
151
152
318
319
320
116
117
118
146
147
148
149
150
151
152
318
319
320
321
322
146
147
148
149
150
151
152
318
319
320
321
322
323
324
146
147
148
149
150
151
318
319
320
321
322
323
324
103
104
105
106
107
108
318
319
320
321
322
323
324
102
103
104
105
106
107
108
319
320
321
322
323
102
103
104
105
106
107
108
109
114
115
116
319
320
321
322
39
40
41
42
100
101
102
103
104
105
106
107
108
109
110
111
112
113
114
115
116
117
319
320
321
322
35
36
37
38
39
40
41
42
99
100
101
102
103
104
105
106
107
108
109
110
111
112
113
114
115
116
117
118
35
36
37
38
39
40
41
42
99
100
101
102
103
104
105
106
107
108
109
110
111
112
113
114
115
116
117
118
35
36
37
38
39
40
41
42
75
76
77
78
79
98
99
100
101
102
103
104
105
106
107
108
109
110
111
112
113
114
115
116
117
118
35
36
37
38
39
40
41
42
75
76
77
78
79
96
97
98
99
100
101
102
103
104
105
106
107
108
109
110
111
112
113
114
115
116
117
118
35
36
37
38
39
40
41
42
74
75
76
77
78
79
96
97
98
99
100
101
102
103
104
105
106
107
108
109
110
111
112
113
114
115
116
117
35
36
37
38
39
40
41
42
73
74
75
76
77
78
96
97
98
99
100
101
102
103
104
105
106
107
108
109
110
111
112
113
114
115
116
38
39
40
73
74
75
76
77
96
97
98
99
100
101
102
103
104
105
106
107
109
110
111
112
73
74
75
76
77
96
97
98
99
100
101
102
103
104
105
106
107
183
184
185
187
188
189
75
76
77
97
98
99
100
101
102
103
104
105
106
182
183
184
185
187
188
189
98
99
100
101
102
103
104
105
181
182
183
184
185
186
187
188
189
98
99
100
101
102
103
104
105
181
182
183
184
185
186
187
188
189
98
99
100
101
102
103
104
105
181
182
183
184
185
186
187
188
98
99
100
101
102
103
104
181
182
183
184
185
186
187
188
99
100
101
102
103
104
105
181
182
183
184
185
186
187
188
189
99
100
101
102
103
104
105
181
182
183
184
185
186
187
188
189
190
191
99
100
101
102
103
104
105
181
182
183
185
186
187
188
189
190
191
273
274
275
99
100
101
102
103
185
186
187
188
189
190
191
271
272
273
274
275
278
279
280
99
100
101
102
109
110
111
112
113
114
186
187
188
189
190
271
272
273
274
275
276
277
278
279
280
309
310
311
312
108
109
110
111
112
113
114
115
271
272
273
274
275
276
277
278
279
280
308
309
310
311
312
313
314
108
109
110
111
112
113
114
115
272
273
274
275
276
277
278
279
280
281
282
283
284
308
309
310
311
312
313
314
108
109
110
111
112
113
114
115
274
275
276
277
278
279
280
281
282
283
284
308
309
310
311
312
313
314
110
111
112
113
114
115
273
274
275
276
277
278
279
280
281
282
283
284
311
312
313
314
110
111
112
113
114
115
262
263
264
265
273
274
275
276
277
278
279
280
281
282
283
284
311
312
313
314
110
111
112
113
114
115
262
263
264
265
273
274
275
276
277
278
279
280
281
282
311
312
313
260
261
262
263
264
265
273
274
275
276
277
278
279
280
281
282
283
260
261
262
263
264
265
276
277
278
279
280
281
282
283
96
97
98
260
261
262
263
264
265
276
277
278
279
280
281
282
283
96
97
98
99
100
138
139
140
141
142
143
278
279
280
281
282
283
284
96
97
98
99
100
101
137
138
139
140
141
142
143
280
281
282
283
284
96
97
98
99
100
101
102
137
138
139
140
141
142
143
282
283
284
96
97
98
99
100
101
102
137
138
139
140
141
142
143
144
2
3
4
97
98
99
100
101
102
137
138
139
140
141
142
143
144
145
2
3
4
97
98
99
100
137
138
139
140
141
142
143
144
145
146
1
2
3
4
98
99
100
137
138
139
140
141
142
143
144
145
146
1
2
3
4
137
138
139
140
141
142
143
144
145
146
0
1
2
3
135
136
137
138
139
140
141
142
143
144
145
0
1
2
3
135
136
137
138
139
140
141
142
143
144
145
146
0
1
2
3
4
5
6
135
136
137
138
139
140
141
142
143
144
145
146
0
1
2
3
4
5
6
7
8
135
136
137
138
139
140
141
142
143
144
145
146
0
1
2
3
4
5
6
7
8
86
87
88
135
136
137
138
139
140
141
142
143
144
145
146
1
2
3
4
5
6
7
8
86
87
88
138
139
140
143
144
145
0
1
2
3
4
5
6
7
84
85
86
87
88
143
144
145
0
1
2
3
4
5
6
7
84
85
86
87
88
284
285
286
0
1
2
3
4
5
6
7
8
9
84
85
86
87
233
234
235
284
285
286
0
1
2
3
4
5
6
7
8
9
84
85
86
87
233
234
235
236
237
282
283
284
285
286
0
1
2
3
4
5
6
7
8
9
84
85
86
233
234
235
236
237
238
277
278
279
281
282
283
284
285
286
287
288
289
0
1
2
3
4
5
6
7
8
9
233
234
235
236
237
238
239
277
278
279
280
281
282
283
284
285
286
287
288
289
0
1
2
3
4
5
7
8
9
231
232
233
234
235
236
237
238
239
277
278
279
280
281
282
283
284
285
286
287
288
289
0
1
2
3
33
34
35
104
105
106
107
108
231
232
233
234
235
236
237
238
239
278
279
280
282
283
284
285
286
287
33
34
35
36
37
104
105
106
107
108
109
230
231
232
233
234
235
236
278
279
280
282
283
284
285
286
287
33
34
35
36
37
38
39
40
104
105
106
107
108
109
110
111
112
113
230
231
232
233
234
235
236
282
283
284
285
286
33
34
35
36
37
38
39
40
105
106
107
108
109
110
111
112
113
114
230
231
232
233
234
235
236
282
283
284
285
33
34
35
36
37
38
39
40
103
104
105
106
107
108
109
110
111
112
113
114
115
116
282
283
284
285
33
34
35
36
37
38
39
40
102
103
104
105
106
107
108
109
110
111
112
113
114
115
116
282
283
284
33
34
35
36
37
38
39
40
102
103
104
105
106
107
108
109
110
111
112
113
114
115
116
33
34
35
36
37
38
39
102
103
104
105
106
107
110
111
112
113
114
115
116
34
35
36
37
38
39
40
41
104
105
106
107
110
111
112
113
114
115
116
33
34
35
36
37
38
39
40
41
104
105
106
107
112
113
114
115
116
243
244
245
246
33
34
35
36
37
38
39
40
41
104
105
106
107
113
114
115
243
244
245
246
33
34
35
36
37
38
39
40
104
105
106
107
194
195
196
197
198
243
244
245
246
248
249
250
33
34
35
36
37
38
39
189
190
191
192
193
194
195
196
197
198
240
241
242
243
244
245
248
249
250
35
36
37
38
187
188
189
190
191
192
193
194
195
196
197
198
199
200
240
241
242
243
244
245
248
249
250
35
36
37
38
39
186
187
188
189
190
191
192
193
194
195
196
197
198
199
200
201
240
241
242
243
248
249
250
299
300
301
302
303
304
307
308
309
35
36
37
38
39
184
185
186
187
188
189
190
191
192
193
194
195
196
197
198
199
200
201
248
249
250
299
300
301
302
303
304
305
306
307
308
309
35
36
37
38
39
184
185
186
187
188
189
190
191
192
193
194
195
196
197
198
199
200
201
248
249
250
298
299
300
301
302
303
304
305
306
307
308
309
103
104
105
106
107
183
184
185
186
187
188
189
190
191
192
193
194
195
196
197
198
295
296
297
298
299
300
301
302
303
304
305
306
307
308
309
102
103
104
105
106
107
108
183
184
185
186
187
188
189
190
191
192
193
194
195
196
197
295
296
297
298
299
300
301
302
303
304
305
306
307
308
309
102
103
104
105
106
107
108
183
184
185
186
187
188
189
191
192
193
194
195
196
197
198
295
296
297
298
299
300
301
302
303
304
305
306
307
100
101
102
103
104
105
106
107
108
183
184
185
191
192
193
194
195
196
197
198
297
298
299
300
301
302
303
304
305
306
307
100
101
102
103
104
105
106
107
195
196
197
198
297
298
299
301
302
303
304
305
306
307
308
100
101
102
103
104
105
106
107
108
109
221
222
223
224
225
226
227
228
301
302
303
304
305
306
307
308
100
101
102
103
104
105
106
107
108
109
147
148
149
207
208
209
217
218
219
220
221
222
223
224
225
226
227
228
299
300
301
302
303
304
305
306
307
308
16
17
18
101
102
103
104
105
106
107
108
109
145
146
147
148
149
207
208
209
215
216
217
218
219
220
221
222
223
224
225
226
227
228
229
299
300
301
302
303
304
305
306
307
14
15
16
17
18
100
101
102
103
104
105
106
107
108
109
142
143
144
145
146
147
148
149
207
208
209
210
211
215
216
217
218
219
220
221
222
223
224
225
226
227
228
229
299
300
301
302
303
304
305
306
13
14
15
16
17
18
100
101
102
103
104
105
106
107
108
109
142
143
144
145
146
147
148
206
207
208
209
210
211
212
215
216
217
218
219
220
221
222
223
224
225
226
227
228
229
300
301
302
303
304
305
306
13
14
15
16
17
100
101
102
103
104
105
106
107
108
109
142
143
144
145
146
147
148
206
207
208
209
210
211
212
215
216
217
218
219
220
221
222
223
224
225
226
227
228
300
301
302
303
304
305
306
13
14
15
101
102
103
104
105
106
107
108
109
143
144
145
146
147
148
206
207
208
209
210
211
212
217
218
219
220
221
222
223
224
225
226
227
228
303
304
305
306
101
102
103
104
105
106
107
108
109
207
208
209
210
211
217
218
219
220
221
222
223
224
225
226
227
228
101
102
103
104
105
106
107
108
208
209
210
219
220
221
222
223
224
225
226
227