131
132
133
134
135
136
137
138
276
277
278
128
129
130
131
132
133
134
135
136
137
138
276
277
278
279
287
288
289
125
126
127
128
129
130
131
132
133
134
135
136
137
138
139
140
275
276
277
278
279
281
282
283
284
286
287
288
289
125
126
127
128
129
130
131
132
133
134
135
136
137
138
139
140
141
274
275
276
277
278
279
280
281
282
283
284
285
286
287
288
289
125
126
127
128
129
130
131
132
133
134
135
136
137
138
139
140
141
273
274
275
276
277
278
279
280
281
282
283
284
285
286
287
288
125
126
127
128
129
130
131
132
133
134
135
136
137
138
139
140
141
273
274
275
276
277
278
279
280
281
282
283
284
285
286
125
126
127
128
129
130
131
132
133
134
135
136
137
138
139
140
141
273
274
275
276
277
278
279
280
281
282
283
284
285
286
125
126
127
128
129
130
131
132
133
134
135
136
137
138
139
140
141
275
276
277
278
279
280
281
282
283
284
125
126
127
128
129
130
131
132
133
134
135
136
137
138
139
140
141
275
276
277
278
279
280
281
282
283
284
125
126
127
128
129
130
131
132
133
134
135
136
137
138
139
277
278
279
280
281
282
283
125
126
127
128
129
130
131
132
133
134
135
136
137
138
139
152
153
154
155
156
277
278
279
280
281
282
283
284
129
130
131
132
133
134
135
136
152
153
154
155
156
277
278
279
280
281
282
283
284
95
96
97
98
99
132
133
134
135
136
152
153
154
155
156
278
279
280
281
282
283
284
22
23
24
25
49
50
51
52
53
54
55
95
96
97
98
99
100
101
102
132
133
134
152
153
154
155
156
278
279
280
281
282
22
23
24
25
49
50
51
52
53
54
55
56
94
95
96
97
98
99
100
101
102
152
153
154
22
23
24
25
47
48
49
50
51
52
53
54
55
56
57
58
94
95
96
97
98
99
100
101
102
103
104
105
22
23
24
25
26
27
28
29
47
48
49
50
51
52
53
54
55
56
57
58
94
95
96
97
98
99
100
101
102
103
104
105
106
244
245
246
247
248
18
19
20
21
22
23
24
25
26
27
28
29
47
48
49
50
51
52
53
54
55
56
57
58
95
96
97
98
99
100
101
102
103
104
105
106
107
108
190
191
192
241
242
243
244
245
246
247
248
18
19
20
21
22
23
24
25
26
27
28
29
48
49
50
51
52
53
54
55
56
95
96
97
98
99
100
101
102
103
104
105
106
107
108
109
189
190
191
192
241
242
243
244
245
246
247
248
18
19
20
21
22
23
24
25
26
27
28
29
48
49
50
51
52
53
54
55
56
97
98
99
100
101
102
103
104
105
106
107
108
109
188
189
190
191
192
193
194
241
242
243
244
245
246
247
19
20
21
22
23
24
25
26
27
28
29
48
49
50
51
52
53
54
55
56
97
98
99
100
101
102
103
104
105
106
107
108
109
111
112
113
114
115
116
117
118
188
189
190
191
192
193
194
195
196
241
242
243
244
245
246
247
248
249
14
15
16
17
18
19
20
21
22
23
24
25
26
27
28
48
49
50
51
52
53
54
55
97
98
99
100
101
102
103
104
105
106
107
108
109
111
112
113
114
115
116
117
118
186
187
188
189
190
191
192
193
194
195
196
241
242
243
244
245
246
247
248
249
13
14
15
16
17
18
19
20
21
22
23
24
25
26
27
28
49
50
51
52
53
100
101
102
103
104
105
106
107
108
109
110
111
112
113
114
115
116
117
118
186
187
188
189
190
191
192
193
194
195
196
241
242
243
244
245
246
247
248
249
13
14
15
16
17
18
19
20
21
22
23
24
25
26
27
28
49
50
51
52
53
100
101
102
103
104
105
106
107
108
109
110
111
112
113
114
115
116
186
187
188
189
190
191
192
193
194
195
196
243
244
245
246
247
248
249
250
11
12
13
14
15
16
17
18
19
20
21
22
23
24
25
26
27
28
29
49
50
51
52
53
101
102
103
104
105
106
107
108
109
110
111
112
113
114
115
116
187
188
189
190
191
192
193
194
195
196
243
244
245
246
247
248
249
250
11
12
13
14
15
16
17
18
19
20
21
22
23
24
25
26
27
28
29
30
101
102
103
104
105
106
107
108
109
110
111
112
113
114
115
116
191
192
193
194
243
244
245
246
247
248
249
250
11
12
13
14
15
16
17
18
19
20
21
22
23
24
25
26
27
28
29
30
101
102
103
104
105
106
107
108
109
110
111
112
113
114
115
243
244
245
246
247
248
249
11
12
13
14
15
16
17
18
19
20
21
22
23
24
25
26
27
28
29
30
101
102
103
104
105
106
107
108
109
110
111
112
113
114
115
245
246
247
248
249
13
14
15
16
17
18
19
20
21
22
23
24
25
26
27
28
29
102
103
104
105
108
109
110
111
112
113
245
246
247
248
249
13
14
15
16
17
18
19
20
21
108
109
110
111
112
113
246
247
248
14
15
16
17
18
19
20
21
108
109
110
13
14
15
16
17
18
19
20
21
12
13
14
15
16
17
18
19
20
21
12
13
14
15
16
17
18
19
20
12
13
14
132
133
134
191
192
193
194
195
132
133
134
135
186
187
188
189
190
191
192
193
194
195
196
132
133
134
135
136
137
138
139
140
141
142
143
184
185
186
187
188
189
190
191
192
193
194
195
196
131
132
133
134
135
136
137
138
139
140
141
142
143
184
185
186
187
188
189
190
191
192
193
194
195
196
105
106
107
108
131
132
133
134
135
136
137
138
139
140
141
142
143
184
185
186
187
188
189
190
191
192
193
101
102
103
104
105
106
107
108
109
131
132
133
134
135
136
137
138
139
140
141
142
185
186
187
188
189
190
191
192
193
81
82
83
101
102
103
104
105
106
107
108
109
133
134
135
136
137
138
139
140
187
188
189
190
191
192
193
78
79
80
81
82
83
101
102
103
104
105
106
107
108
109
110
135
136
137
138
139
140
187
188
189
190
191
192
193
326
327
328
78
79
80
81
82
83
89
90
91
100
101
102
103
104
105
106
107
108
109
110
135
136
137
138
139
140
187
188
189
190
326
327
328
329
330
78
79
80
81
89
90
91
96
97
98
99
100
101
102
103
104
105
106
107
108
109
110
133
134
135
136
137
138
139
140
141
142
143
144
145
326
327
328
329
330
75
76
77
78
79
80
81
89
90
91
92
94
95
96
97
98
99
100
101
102
103
104
105
106
107
108
109
110
133
134
135
136
137
138
139
140
141
142
143
144
145
327
328
329
330
74
75
76
77
78
79
80
81
82
89
90
91
92
93
94
95
96
97
98
99
100
101
102
103
104
105
106
107
108
109
110
133
134
135
136
137
138
139
140
141
142
143
144
145
73
74
75
76
77
78
79
80
81
82
89
90
91
92
93
94
95
96
97
98
99
100
101
102
103
104
105
106
107
108
109
110
135
136
137
138
139
140
141
142
143
144
73
74
75
76
77
78
79
80
81
82
85
86
87
88
89
90
91
92
93
94
95
96
97
98
99
100
101
102
103
104
105
106
107
108
109
110
135
136
137
138
139
140
141
142
143
144
73
74
75
76
77
83
84
85
86
87
88
89
90
91
92
93
94
95
96
97
98
99
100
104
105
106
107
108
109
110
135
136
137
138
139
140
74
75
76
77
83
84
85
86
87
88
89
90
91
92
93
94
95
96
97
104
105
106
107
108
109
110
133
134
135
136
137
141
142
143
25
26
27
28
29
74
75
76
77
83
84
85
86
87
88
89
90
91
92
93
94
95
96
97
133
134
135
136
137
138
139
141
142
143
25
26
27
28
29
30
83
84
85
86
87
88
89
90
91
92
93
94
95
96
97
98
99
100
133
134
135
136
137
138
139
140
141
142
143
144
25
26
27
28
29
30
31
32
83
84
85
86
87
88
89
90
91
92
93
94
95
96
97
98
99
100
132
133
134
135
136
137
138
139
140
141
142
143
144
22
23
24
25
26
27
28
29
30
31
32
33
84
85
86
87
88
89
90
91
92
93
94
95
96
97
98
99
100
132
133
134
135
136
137
138
139
140
141
142
143
144
22
23
24
25
26
27
28
29
30
31
32
33
84
85
86
87
88
89
90
91
92
93
94
95
96
97
98
99
132
133
134
135
136
137
138
139
140
141
142
143
144
22
23
24
25
26
27
28
29
30
31
32
33
84
85
86
87
88
89
90
91
92
93
94
95
96
97
98
132
133
134
135
136
137
138
139
140
141
142
143
144
151
152
153
154
24
25
26
27
28
29
30
31
32
85
86
87
88
89
90
91
92
93
94
95
96
97
98
132
133
134
135
136
137
138
139
142
143
144
149
150
151
152
153
154
24
25
26
27
28
29
30
31
32
85
86
87
88
89
90
91
92
93
94
95
96
97
98
99
132
133
134
135
136
137
138
149
150
151
152
153
154
155
156
157
24
25
26
27
28
29
30
31
32
86
87
88
89
90
91
92
93
94
95
96
97
98
99
132
133
134
135
136
137
149
150
151
152
153
154
155
156
157
86
87
88
89
90
91
92
93
94
95
96
97
98
99
132
133
134
135
136
150
151
152
153
154
155
156
157
87
88
89
90
91
92
93
94
95
132
133
134
135
136
137
147
148
149
150
151
152
153
154
155
156
167
168
169
170
171
172
87
88
89
90
91
92
93
94
131
132
133
134
135
136
137
146
147
148
149
150
151
152
153
154
155
156
157
158
159
160
167
168
169
170
171
172
173
174
175
176
88
89
90
91
92
131
132
133
134
135
136
137
144
145
146
147
148
149
150
151
152
153
154
155
156
157
158
159
160
161
167
168
169
170
171
172
173
174
175
176
278
279
280
88
89
90
91
92
131
132
133
134
135
136
144
145
146
147
148
149
150
151
152
153
154
155
156
157
158
159
160
161
166
167
168
169
170
171
172
173
174
175
176
278
279
280
281
89
90
91
92
132
133
134
135
136
144
145
146
147
148
149
150
151
152
153
154
155
156
157
158
159
160
161
162
165
166
167
168
169
170
171
172
173
174
175
176
278
279
280
281
282
89
90
91
132
133
134
135
136
142
143
144
145
146
147
148
149
150
151
152
153
154
155
156
157
158
159
160
161
162
163
164
165
166
167
168
169
170
171
172
173
174
175
176
177
279
280
281
282
283
133
134
135
142
143
144
145
146
147
148
149
150
151
152
153
154
155
156
157
158
159
160
161
162
163
164
165
166
167
168
169
170
171
172
173
174
175
176
177
178
179
180
279
280
281
282
283
142
143
144
145
146
147
148
149
150
151
152
153
154
155
156
157
158
159
160
161
162
163
164
165
166
167
168
169
170
171
172
173
174
175
176
177
178
179
180
279
280
281
282
283
143
144
145
146
147
148
149
150
151
152
153
154
155
156
157
158
159
160
161
162
163
166
167
168
169
170
171
172
173
174
175
176
177
178
179
180
279
280
281
282
283
146
147
148
149
150
151
152
153
154
155
156
157
158
159
160
161
166
167
168
169
170
171
172
173
174
175
176
177
178
179
180
279
280
281
121
122
123
146
147
148
149
150
151
152
153
154
155
156
157
158
159
160
166
167
168
169
170
171
172
173
174
175
176
177
178
179
180
317
318
319
117
118
119
120
121
122
123
124
125
127
128
129
146
147
148
149
150
151
152
153
154
155
156
157
158
159
166
167
168
169
170
171
173
174
175
176
177
315
316
317
318
319
320
321
47
48
49
116
117
118
119
120
121
122
123
124
125
126
127
128
129
130
146
147
148
149
150
151
152
153
154
155
156
173
174
175
176
315
316
317
318
319
320
321
14
15
16
17
47
48
49
112
113
114
115
116
117
118
119
120
121
122
123
124
125
126
127
128
129
130
147
148
149
150
151
152
153
154
155
156
157
173
174
175
176
315
316
317
318
319
320
321
323
324
325
13
14
15
16
17
43
44
45
46
47
48
49
112
113
114
115
116
117
118
119
120
121
122
123
124
125
126
127
128
129
130
149
150
151
152
153
154
155
156
157
174
175
176
316
317
318
319
320
321
322
323
324
325
13
14
15
16
17
18
43
44
45
46
47
48
49
112
113
114
115
116
117
118
119
120
121
122
123
124
125
126
127
128
152
153
154
155
156
157
315
316
317
318
319
320
321
322
323
324
325
13
14
15
16
17
18
19
20
42
43
44
45
46
47
48
49
113
114
115
116
117
118
119
120
121
122
123
124
125
126
127
128
312
313
314
315
316
317
318
319
320
321
322
323
324
325
13
14
15
16
17
18
19
20
42
43
44
45
46
47
48
49
114
115
116
117
118
119
120
121
122
123
124
125
126
127
128
312
313
314
315
316
317
318
319
320
321
322
323
324
325
326
13
14
15
16
17
18
19
20
42
43
44
45
46
47
48
49
116
117
118
119
120
121
122
123
124
125
126
127
128
312
313
314
315
316
317
318
319
320
321
322
323
324
325
326
9
10
11
12
13
14
15
16
17
18
19
43
44
45
46
47
116
117
118
119
120
121
122
123
124
125
126
127
128
311
312
313
314
315
316
317
318
319
320
321
324
325
326
8
9
10
11
12
13
14
15
16
17
18
19
20
44
45
46
47
116
117
118
119
120
121
122
123
124
125
126
127
128
129
311
312
313
314
315
316
317
318
319
320
321
7
8
9
10
11
12
13
14
15
16
17
18
19
20
116
117
118
119
120
121
122
123
124
125
126
127
128
129
130
131
311
312
313
314
315
316
317
318
319
320
7
8
9
10
11
12
13
14
15
16
17
18
19
20
117
118
119
120
121
122
123
124
125
126
127
128
129
130
131
132
133
313
314
315
316
317
318
319
7
8
9
10
11
12
13
14
15
16
17
18
19
20
117
118
119
120
121
122
123
124
125
126
127
128
129
130
131
132
133
10
11
12
13
14
15
16
17
18
19
20
95
96
97
117
118
119
120
121
122
123
124
125
126
127
128
129
130
131
132
133
10
11
12
13
14
15
16
17
18
19
20
95
96
97
98
99
117
118
119
120
121
122
123
124
125
126
127
128
11
12
13
14
15
16
17
18
19
20
95
96
97
98
99
118
119
120
121
122
123
124
126
127
128
253
254
255
256
261
262
263
11
12
13
14
15
16
18
19
20
94
95
96
97
98
99
253
254
255
256
261
262
263
307
308
309
11
12
13
14
15
16
94
95
96
97
98
99
253
254
255
256
257
258
259
260
261
262
263
306
307
308
309
11
12
13
94
95
96
97
98
99
100
253
254
255
256
257
258
259
260
261
279
280
281
306
307
308
309
95
96
97
98
99
100
254
255
256
257
258
259
260
261
262
263
277
278
279
280
281
306
307
308
309
95
96
97
98
99
100
101
179
180
181
182
183
184
185
186
254
255
256
257
258
259
260
261
262
263
275
276
277
278
279
280
281
79
80
81
82
97
98
99
100
101
179
180
181
182
183
184
185
186
254
255
256
257
258
259
260
261
262
263
275
276
277
278
279
280
281
79
80
81
82
97
98
99
100
101
167
168
169
170
179
180
181
182
183
184
185
186
187
188
189
190
191
192
193
256
257
258
259
260
261
262
263
264
275
276
277
278
279
280
281
282
283
284
79
80
81
82
167
168
169
170
171
172
181
182
183
184
185
186
187
188
189
190
191
192
193
220
221
222
256
257
258
259
260
261
262
263
264
275
276
277
278
279
280
281
282
283
284
285
79
80
81
166
167
168
169
170
171
172
181
182
183
184
185
186
187
188
189
190
191
192
193
194
220
221
222
223
224
225
256
257
258
259
260
261
262
263
264
275
276
277
278
279
280
281
282
283
284
285
166
167
168
169
170
171
172
181
182
183
184
186
187
188
189
190
191
192
193
194
215
216
217
218
219
220
221
222
223
224
225
226
227
257
258
259
260
261
262
263
264
271
272
273
274
275
276
277
278
279
280
281
282
283
284
285
162
163
164
165
166
167
168
169
170
171
178
179
180
181
182
183
184
185
186
187
188
189
190
191
192
193
194
215
216
217
218
219
220
221
222
223
224
225
226
227
257
258
259
260
271
272
273
274
275
276
277
278
279
280
281
282
283
162
163
164
165
166
167
168
169
170
171
172
178
179
180
181
182
183
184
185
186
187
188
189
190
191
192
193
215
216
217
218
219
220
221
222
223
224
225
226
227
271
272
273
274
275
276
277
278
279
280
281
282
283
162
163
164
165
166
167
168
169
170
171
172
173
178
179
180
181
182
183
184
185
186
187
188
189
190
191
192
193
215
216
217
218
219
220
221
222
223
224
225
226
271
272
273
274
275
276
277
278
279
280
281
282
283
30
31
32
162
163
164
165
166
167
168
169
170
171
172
173
179
180
181
182
183
184
185
186
187
188
189
190
191
192
193
215
216
217
218
219
220
221
222
223
224
225
226
270
271
272
273
274
275
279
280
281
282
30
31
32
162
163
164
165
166
167
168
169
170
171
172
173
179
180
181
182
183
184
185
186
187
188
189
190
191
192
193
215
216
217
218
219
220
221
222
223
224
270
271
272
273
274
275
279
280
281
282
29
30
31
32
33
34
35
162
163
164
165
166
167
168
169
170
171
172
173
179
180
181
183
184
185
186
187
188
189
190
191
192
193
214
215
216
217
218
219
220
221
222
223
224
270
271
272
279
280
281
29
30
31
32
33
34
35
164
165
166
167
168
169
170
171
172
173
183
184
185
186
187
188
189
190
191
192
214
215
216
217
218
220
221
222
223
224
225
29
30
31
32
33
34
35
164
165
166
167
168
169
170
171
172
183
184
185
186
187
188
189
190
191
192
212
213
214
215
216
217
218
219
220
221
222
223
224
225
31
32
33
34
35
164
165
166
167
168
169
185
186
187
188
189
190
191
192
211
212
213
214
215
216
217
219
220
221
222
223
224
225
226
32
33
34
211
212
213
214
215
219
220
221
222
223
224
225
226
211
212
213
214
219
220
221
222
223
224
225
226
212
213
214
219
220
221
222
223
224
219
220
221
222
223
224
221
222
223
224
221
222
223
224
221
222
223
231
232
233
72
73
74
75
76
77
78
79
229
230
231
232
233
234
235
69
70
71
72
73
74
75
76
77
78
79
80
197
198
199
200
228
229
230
231
232
233
234
235
236
69
70
71
72
73
74
75
76
77
78
79
80
196
197
198
199
200
228
229
230
231
232
233
234
235
236
69
70
71
72
73
74
75
76
77
78
79
80
196
197
198
199
200
228
229
230
231
232
233
234
235
236
237
67
68
69
70
71
72
73
74
75
76
77
78
79
80
81
196
197
198
228
229
230
231
232
233
234
235
236
237
254
255
256
257
258
66
67
68
69
70
71
72
73
74
75
76
77
78
79
80
81
228
229
230
231
232
233
234
235
236
237
252
253
254
255
256
257
258
301
302
303
304
305
306
63
64
65
66
67
68
69
70
71
72
73
74
75
76
77
78
79
80
81
229
230
231
232
233
234
235
236
237
252
253
254
255
256
257
258
300
301
302
303
304
305
306
307
63
64
65
66
67
68
69
70
71
72
73
74
75
76
77
78
79
80
229
230
231
232
233
234
235
236
237
238
239
252
253
254
255
256
257
296
297
298
299
300
301
302
303
304
305
306
307
308
309
63
64
65
66
67
68
69
70
71
72
73
74
75
76
77
78
229
230
231
232
233
234
235
236
237
238
239
252
253
254
255
256
257
296
297
298
299
300
301
302
303
304
305
306
307
308
309
64
65
66
67
68
69
70
72
73
74
75
76
77
78
79
80
232
233
234
235
236
237
238
239
253
254
255
256
296
297
298
299
300
301
302
303
304
305
306
307
308
309
313
314
315
64
65
66
67
68
69
71
72
73
74
75
76
77
78
79
80
161
162
163
234
235
236
297
298
299
300
301
302
303
304
305
306
307
308
313
314
315
316
317
65
66
67
68
69
71
72
73
74
75
76
77
78
79
80
156
157
158
159
160
161
162
163
298
299
300
301
302
303
304
305
306
307
308
313
314
315
316
317
318
66
67
68
69
71
72
73
74
75
76
77
155
156
157
158
159
160
161
162
163
301
302
303
304
305
306
307
308
309
310
311
312
313
314
315
316
317
318
71
72
73
74
155
156
157
158
159
160
161
162
302
303
304
305
306
307
308
309
310
311
312
313
314
315
316
317
318
319
320
72
73
74
155
156
157
158
159
160
161
162
164
165
166
302
303
304
305
306
307
308
309
310
311
312
313
314
315
316
317
318
319
320
153
154
155
157
158
159
160
161
162
163
164
165
166
302
303
304
305
306
307
308
309
310
311
312
313
314
315
316
317
318
319
320
153
154
155
156
157
158
159
160
161
162
163
164
165
166
306
307
308
309
310
311
312
313
314
315
316
317
318
319
320
153
154
155
156
157
158
159
160
161
162
163
164
165
166
308
309
310
311
312
313
314
315
316
317
318
319
320
153
154
155
156
157
158
159
160
161
162
163
164
165
166
310
311
312
313
314
315
316
317
153
154
155
156
157
158
159
160
164
165
166
310
311
312
313
314
315
316
317
154
155
156
157
158
159
160
310
311
312
313
314
315
316
317
319
320
321
322
323
155
156
157
158
159
160
305
306
307
310
311
312
313
314
318
319
320
321
322
323
156
157
158
305
306
307
318
319
320
321
322
323
305
306
307
318
319
320
321
322
304
305
306
307
318
319
320
321
322
116
117
118
119
304
305
306
307
318
319
320
321
114
115
116
117
118
119
286
287
288
304
305
306
307
114
115
116
117
118
119
120
121
122
123
284
285
286
287
288
114
115
116
117
118
119
120
121
122
123
124
284
285
286
287
288
115
116
117
118
119
120
121
122
123
124
284
285
286
287
114
115
116
117
118
119
120
122
123
124
125
126
114
115
116
117
118
119
122
123
124
125
126
54
55
56
114
115
116
117
118
119
122
123
124
125
126
53
54
55
56
52
53
54
55
56
14
15
16
17
18
50
51
52
53
54
55
56
13
14
15
16
17
18
19
20
49
50
51
52
53
54
55
56
57
13
14
15
16
17
18
19
20
49
50
51
52
53
54
55
56
57
58
13
14
15
16
17
18
19
20
49
50
51
52
53
54
55
56
57
58
9
10
11
12
13
14
15
16
17
18
49
50
51
52
53
54
55
56
57
58
248
249
250
8
9
10
11
12
13
14
15
16
17
18
19
49
50
51
52
53
54
55
56
57
247
248
249
250
8
9
10
11
12
13
14
15
16
17
18
19
55
56
57
246
247
248
249
250
8
9
10
11
12
13
14
15
16
17
18
19
238
239
240
243
244
245
246
247
248
249
8
9
10
11
12
13
14
15
16
17
18
19
182
183
184
238
239
240
241
242
243
244
245
246
247
248
249
250
9
10
11
12
13
14
15
16
17
18
157
158
159
181
182
183
184
238
239
240
241
242
243
244
245
246
247
248
249
250
9
10
11
12
13
14
15
16
17
18
156
157
158
159
180
181
182
183
184
185
186
187
188
189
239
240
241
242
243
244
245
246
247
248
249
250
12
13
14
15
16
17
18
155
156
157
158
159
180
181
182
183
184
185
186
187
188
189
190
238
239
240
241
242
243
244
245
246
247
248
249
250
12
13
14
15
16
17
18
155
156
157
158
180
181
182
183
184
185
186
187
188
189
190
238
239
240
241
242
243
244
245
246
247
248
249
250
251
155
156
157
158
180
181
182
183
184
185
186
187
188
189
190
238
239
240
241
242
243
244
245
246
247
248
249
250
251
180
181
182
183
186
187
188
189
239
240
241
242
243
244
245
246
247
248
249
250
251
185
186
187
188
189
242
243
244
245
246
247
248
249
250
251
252
185
186
187
188
189
242
243
244
245
246
247
248
249
250
251
252
185
186
187
188
189
242
243
244
245
246
247
248
249
250
251
252
187
188
189
243
244
245
246
249
250
251
252
244
245
246
219
220
221
222
223
219
220
221
222
223
224
218
219
220
221
222
223
224
225
226
142
143
144
217
218
219
220
221
222
223
224
225
226
227
142
143
144
145
217
218
219
220
221
222
223
224
225
226
227
142
143
144
145
146
215
216
217
218
219
220
221
222
223
224
225
226
227
139
140
141
142
143
144
145
146
214
215
216
217
218
219
220
221
222
223
224
225
226
227
139
140
141
142
143
144
145
146
214
215
216
217
218
219
220
221
222
223
224
225
226
227
139
140
141
142
143
144
145
146
211
212
213
214
215
216
217
218
219
220
221
222
223
224
225
226
227
139
140
141
142
143
144
145
146
211
212
213
214
215
216
217
218
219
220
221
222
223
224
225
226
227
67
68
69
138
139
140
141
142
143
144
145
211
212
213
214
217
218
219
220
221
222
223
224
225
226
227
66
67
68
69
138
139
140
141
142
217
218
219
220
221
222
223
224
225
226
227
66
67
68
69
70
138
139
140
141
142
216
217
218
219
220
221
222
223
224
225
226
227
66
67
68
69
70
71
72
73
74
139
140
141
142
215
216
217
218
219
220
221
222
223
224
225
226
227
65
66
67
68
69
70
71
72
73
74
128
129
130
215
216
217
218
219
220
221
222
223
224
225
226
227
4
5
6
7
8
12
13
14
64
65
66
67
68
69
70
71
72
73
74
83
84
85
127
128
129
130
215
216
217
218
219
220
221
222
223
224
225
226
227
4
5
6
7
8
9
10
11
12
13
14
63
64
65
66
67
68
69
70
71
72
73
74
75
83
84
85
86
125
126
127
128
129
130
217
218
219
220
221
222
223
224
225
226
227
4
5
6
7
8
9
10
11
12
13
14
62
63
64
65
66
67
68
69
70
71
72
73
74
75
83
84
85
86
87
125
126
127
128
129
130
217
218
219
220
221
222
223
224
225
226
227
4
5
6
7
8
9
10
11
12
13
35
36
37
38
39
40
41
60
61
62
63
64
65
66
67
68
69
70
71
72
73
74
75
84
85
86
87
118
119
120
121
122
123
125
126
127
128
129
130
217
218
219
220
221
222
223
224
225
226
227
2
3
4
5
6
7
8
9
10
11
12
13
32
33
34
35
36
37
38
39
40
41
42
60
61
62
63
64
65
66
67
68
69
70
71
72
73
74
83
84
85
86
87
117
118
119
120
121
122
123
124
125
126
127
128
129
130
224
225
226
227
228
1
2
3
4
5
6
7
8
9
10
11
12
13
31
32
33
34
35
36
37
38
39
40
41
42
59
60
61
62
63
64
65
66
67
68
69
70
71
72
73
74
82
83
84
85
86
87
117
118
119
120
121
122
123
124
125
126
127
128
129
130
226
227
228
1
2
3
4
5
6
7
8
9
10
11
12
13
14
31
32
33
34
35
36
37
38
39
40
41
42
59
60
61
62
63
64
65
66
67
68
69
70
71
72
82
83
84
85
117
118
119
120
121
122
123
124
125
126
127
128
129
130
171
172
173
226
227
228
1
2
3
4
5
6
7
8
9
10
11
12
13
14
29
30
31
32
33
34
35
36
37
38
39
40
41
42
59
60
61
62
63
64
65
66
67
68
69
70
71
72
82
83
84
85
117
118
119
120
121
122
123
124
125
126
127
128
129
130
171
172
173
174
1
2
3
4
5
6
7
8
9
10
11
12
13
14
29
30
31
32
33
34
35
36
37
38
39
40
41
42
43
44
60
61
62
63
64
65
66
67
68
69
70
71
72
82
83
84
120
121
122
123
124
125
126
127
128
129
130
168
169
170
171
172
173
174
0
1
2
3
4
5
6
7
8
9
10
11
12
13
29
30
31
32
33
34
35
36
37
38
39
40
41
42
43
44
63
64
65
66
67
68
69
70
71
72
119
120
121
122
123
124
125
126
127
128
129
130
166
167
168
169
170
171
172
173
174
175
176
312
313
314
315
319
320
321
0
1
2
3
4
5
6
7
8
9
10
11
12
13
31
32
33
34
35
36
37
38
39
40
41
42
43
44
62
63
64
65
66
67
68
69
70
71
72
119
120
121
122
123
124
125
126
127
128
129
130
163
164
165
166
167
168
169
170
171
172
173
174
175
176
312
313
314
315
316
317
318
319
320
321
322
323
324
0
1
2
3
4
5
6
7
8
9
10
11
12
13
31
32
33
34
35
36
37
38
39
40
41
42
43
62
63
64
65
66
67
69
70
71
118
119
120
121
122
123
124
125
126
127
128
129
130
163
164
165
166
167
168
169
170
171
172
173
174
175
176
312
313
314
315
316
317
318
319
320
321
322
323
324
0
1
2
3
4
5
6
7
8
9
10
11
12
13
31
32
33
35
36
37
38
39
40
41
42
43
44
62
63
64
65
66
118
119
120
121
122
123
124
125
126
127
128
129
130
161
162
163
164
165
166
167
168
169
170
171
172
173
174
175
176
313
314
315
316
317
318
319
320
321
322
323
324
0
1
2
3
4
5
6
7
8
9
10
11
12
13
14
15
35
36
37
38
39
40
41
42
43
44
118
119
120
121
122
123
124
125
126
127
128
129
130
161
162
163
164
165
166
167
168
169
170
171
172
173
174
175
311
312
313
314
315
316
317
318
319
320
321
322
323
324
0
1
2
3
4
5
6
7
8
9
10
11
12
13
14
15
34
35
36
37
38
39
40
41
42
43
44
119
120
121
122
123
124
125
126
160
161
162
163
164
165
166
167
168
169
170
171
172
173
310
311
312
313
314
315
316
317
318
319
320
321
322
323
324
325
326
327
0
1
2
3
4
5
6
7
8
9
10
11
12
13
14
15
34
35
36
37
38
39
40
41
42
43
44
121
122
123
124
125
126
160
161
162
163
164
165
166
167
168
169
170
171
172
173
195
196
197
308
309
310
311
312
313
314
315
316
317
318
319
320
321
322
323
324
325
326
327
328
0
1
2
3
4
5
6
7
8
9
10
11
12
13
14
34
35
36
37
38
39
40
41
42
43
121
122
123
124
125
126
160
161
162
163
165
166
167
168
169
170
171
172
173
195
196
197
198
199
200
254
255
256
257
258
308
309
310
311
312
313
314
315
316
317
318
319
320
321
322
323
324
325
326
327
328
329
0
1
2
3
4
5
6
7
8
9
10
11
12
13
14
36
37
38
39
40
41
42
43
165
166
167
168
169
170
171
172
173
195
196
197
198
199
200
254
255
256
257
258
307
308
309
310
311
312
313
314
315
316
317
318
321
322
323
324
325
326
327
328
329
4
5
6
7
8
10
11
12
13
36
37
38
39
40
41
42
165
166
167
168
169
170
195
196
197
198
199
200
251
252
253
254
255
256
257
258
307
308
309
310
311
312
313
314
315
316
317
318
319
320
321
322
323
324
325
326
327
328
329
5
6
7
8
11
12
13
36
37
38
39
194
195
196
197
198
199
200
251
252
253
254
255
256
257
307
308
309
310
311
312
313
314
315
316
317
318
319
320
321
322
323
324
325
326
327
328
36
37
38
194
195
196
197
198
199
200
250
251
252
253
254
255
256
257
308
309
310
311
312
313
314
315
316
317
318
319
320
322
323
324
325
326
327
328
36
37
38
194
195
196
197
198
199
200
250
251
252
253
254
255
304
305
306
307
308
309
310
311
312
313
314
315
316
317
318
322
323
324
325
326
327
328
31
32
33
194
195
196
197
198
250
251
252
253
254
255
303
304
305
306
307
308
309
310
311
312
313
314
315
316
317
318
323
324
325
326
327
328
20
21
22
23
24
31
32
33
34
194
195
196
197
198
250
251
252
253
254
303
304
305
306
307
308
309
310
311
312
313
314
315
316
317
18
19
20
21
22
23
24
25
26
31
32
33
34
251
252
253
303
304
305
306
307
308
309
310
311
312
313
314
315
316
18
19
20
21
22
23
24
25
26
32
33
34
222
223
224
302
303
304
305
306
307
308
309
310
311
312
313
314
17
18
19
20
21
22
23
24
25
26
27
28
32
33
34
35
170
171
172
173
174
175
176
177
178
222
223
224
239
240
241
302
303
304
305
306
307
308
309
310
311
312
313
314
315
316
317
17
18
19
20
21
22
23
24
25
26
27
28
29
30
31
32
33
34
35
168
169
170
171
172
173
174
175
176
177
178
179
222
223
224
239
240
241
242
243
244
302
303
304
305
306
307
308
309
310
311
312
313
314
315
316
317
318
323
324
325
17
18
19
20
21
22
23
24
25
26
27
28
29
30
31
32
33
34
35
167
168
169
170
171
172
173
174
175
176
177
178
179
222
223
224
225
235
236
237
238
239
240
241
242
243
244
304
305
306
307
308
309
310
311
312
313
314
315
316
317
318
323
324
325
17
18
19
20
21
22
23
24
25
26
27
28
29
30
31
32
33
34
35
167
168
169
170
171
172
173
174
175
176
177
178
179
180
222
223
224
225
235
236
237
238
239
240
241
242
243
244
304
305
306
307
308
309
310
311
312
313
314
315
316
317
318
321
322
323
324
325
326
327
17
18
19
20
21
22
23
24
25
26
27
28
29
30
31
32
33
34
35
167
168
169
170
171
172
173
174
175
176
177
178
179
180
221
222
223
224
225
233
234
235
236
237
238
239
240
241
242
243
244
303
304
305
306
307
308
309
310
311
312
313
314
315
316
320
321
322
323
324
325
326
327
17
18
19
20
21
22
23
24
25
26
27
28
29
30
31
32
33
167
168
169
170
171
172
173
174
175
176
177
178
179
180
221
222
223
224
233
234
235
236
237
238
239
240
241
242
243
244
303
304
305
306
307
308
309
310
311
312
313
314
315
316
320
321
322
323
324
325
326
327
328
22
23
24
25
26
27
28
29
168
169
170
171
172
173
174
175
176
177
178
179
180
221
222
223
233
234
235
236
237
238
239
240
241
242
243
244
245
303
304
305
306
307
308
309
310
311
312
313
314
315
320
321
322
323
324
325
326
327
328
22
23
24
25
26
71
72
73
168
169
170
171
172
173
174
175
176
177
178
179
180
181
182
235
236
237
238
239
240
241
242
243
244
245
303
304
305
306
307
311
312
313
314
320
321
322
323
324
325
326
327
328
22
23
24
69
70
71
72
73
74
75
168
169
170
171
172
173
174
175
176
177
178
179
180
181
182
235
236
237
238
239
240
241
242
243
244
245
303
304
305
311
312
313
321
322
323
324
68
69
70
71
72
73
74
75
170
171
172
173
174
175
176
177
178
179
180
181
182
235
236
237
238
239
240
241
242
243
244
245
322
323
324
68
69
70
71
72
73
74
75
170
171
172
173
174
175
176
177
178
179
180
181
182
235
236
237
238
239
240
241
242
243
244
245
322
323
324
67
68
69
70
71
72
73
74
170
171
172
173
174
175
176
177
178
179
180
235
236
237
240
241
242
243
244
245
295
296
297
64
65
66
67
68
69
70
71
72
73
74
173
174
175
176
177
178
179
180
235
236
237
295
296
297
64
65
66
67
68
69
70
71
72
73
173
174
175
176
177
178
179
180
181
295
296
297
64
65
66
67
68
69
70
71
72
73
174
175
176
177
178
179
180
181
182
293
294
295
296
297
63
64
65
66
67
68
69
70
71
72
73
176
177
178
179
180
181
182
289
290
291
292
293
294
295
296
63
64
65
66
67
68
69
70
71
72
73
74
180
181
182
289
290
291
292
293
294
295
296
305
306
307
308
309
310
63
64
65
66
67
68
69
70
71
72
73
74
75
76
289
290
291
292
293
294
295
296
297
298
304
305
306
307
308
309
310
62
63
64
65
66
67
68
69
70
71
72
73
74
75
76
77
291
292
293
294
295
296
297
298
299
304
305
306
307
308
309
310
62
63
64
65
66
67
68
69
70
71
72
73
74
75
76
77
78
291
292
293
294
295
296
297
298
299
300
304
305
306
307
308
309
310
61
62
63
64
65
66
67
68
69
70
71
72
73
74
75
76
77
78
160
161
162
290
291
292
293
294
295
296
297
298
299
300
301
302
303
304
305
306
307
308
309
310
312
313
314
60
61
62
63
64
65
66
67
68
69
70
71
72
73
74
75
76
77
78
157
158
159
160
161
162
290
291
292
293
294
295
296
297
298
299
300
301
302
303
304
305
306
307
308
309
310
311
312
313
314
315
60
61
62
63
64
65
66
67
68
69
70
71
72
155
156
157
158
159
160
161
162
290
291
292
293
294
295
296
297
298
299
300
301
302
303
304
305
306
307
308
311
312
313
314
315
316
60
61
62
63
64
65
66
67
68
69
70
71
72
155
156
157
158
159
160
161
162
290
291
292
293
294
295
296
297
298
299
300
301
302
303
304
311
312
313
314
315
316
317
318
59
60
61
62
63
64
65
66
67
68
69
70
71
72
73
155
156
157
158
159
160
161
162
290
291
292
293
294
295
296
297
298
299
300
301
302
303
304
312
313
314
315
316
317
318
59
60
61
62
63
64
65
66
67
68
69
70
71
72
73
154
155
156
157
158
159
160
161
162
163
293
294
295
296
297
298
299
300
301
302
303
304
305
312
313
314
315
316
317
318
59
60
61
62
63
64
65
66
67
68
71
72
73
154
155
156
157
158
159
160
161
162
163
164
165
293
294
295
296
297
298
299
300
301
302
303
304
305
312
313
314
315
316
317
318
61
62
63
64
65
66
67
68
69
70
154
155
156
157
158
159
160
161
162
163
164
165
296
297
298
299
300
301
302
303
304
305
312
313
314
62
63
64
65
66
67
68
69
70
155
156
157
158
159
160
161
162
163
164
165
300
301
302
303
304
305
65
66
67
68
69
70
158
159
160
161
162
163
164
165
317
318
319
320
321
65
66
67
68
69
157
158
159
160
161
162
163
164
232
233
234
235
316
317
318
319
320
321
157
158
159
160
161
162
163
164
232
233
234
235
316
317
318
319
320
321
157
158
159
160
161
162
163
179
180
181
232
233
234
235
316
317
318
319
320
179
180
181
232
233
234
317
318
319
179
180
181
185
186
187
188
190
191
192
175
176
177
178
179
180
181
182
185
186
187
188
189
190
191
192
173
174
175
176
177
178
179
180
181
182
183
184
185
186
187
188
189
190
191
192
23
24
25
26
172
173
174
175
176
177
178
179
180
181
182
183
184
185
186
187
188
189
190
191
23
24
25
26
27
172
173
174
175
176
177
178
179
180
181
182
183
184
185
186
187
188
189
190
191
192
193
23
24
25
26
27
172
173
174
175
176
177
178
179
180
181
182
183
184
185
186
187
188
189
190
191
192
193
12
13
14
15
16
25
26
27
172
173
174
175
176
177
178
179
180
181
182
183
184
185
186
187
188
189
190
191
192
193
287
288
289
12
13
14
15
16
176
177
178
179
180
181
182
183
184
185
186
187
188
189
190
191
192
193
286
287
288
289
12
13
14
15
16
178
179
180
181
182
183
184
185
186
187
188
189
190
191
192
193
261
262
263
264
265
286
287
288
289
13
14
15
175
176
177
178
179
180
181
182
183
184
185
186
187
188
189
190
191
192
261
262
263
264
265
285
286
287
288
289
13
14
15
175
176
177
178
179
180
181
182
183
184
185
187
188
189
190
191
192
261
262
263
264
265
285
286
287
288
289
175
176
177
178
179
180
181
182
183
184
185
186
187
188
189
190
191
192
260
261
262
263
264
265
266
267
268
269
284
285
286
287
288
289
176
177
178
179
180
181
182
183
184
185
186
187
188
189
190
191
260
261
262
263
264
265
266
267
268
269
282
283
284
285
286
287
288
289
177
178
179
180
181
182
183
184
185
186
187
188
189
190
260
261
262
263
264
265
266
267
268
269
270
282
283
284
285
286
177
178
179
180
181
185
186
187
188
189
265
266
267
268
269
270
282
283
284
285
286
179
180
181
266
267
268
269
270
283
284
285
286
266
267
268
269
96
97
98
152
153
154
155
156
157
158
159
160
96
97
98
99
100
101
102
139
140
141
152
153
154
155
156
157
158
159
160
211
212
213
214
92
93
94
96
97
98
99
100
101
102
103
138
139
140
141
149
150
151
152
153
154
155
156
157
158
159
160
166
167
168
211
212
213
214
215
91
92
93
94
96
97
98
99
100
101
102
103
138
139
140
141
149
150
151
152
153
154
155
156
157
158
159
160
161
162
163
164
165
166
167
168
169
170
171
211
212
213
214
215
91
92
93
94
95
96
97
98
99
100
101
102
103
137
138
139
140
149
150
151
152
153
154
155
156
157
158
159
161
162
163
164
165
166
167
168
169
170
171
204
205
206
207
210
211
212
213
214
215
223
224
225
91
92
93
94
95
96
97
98
99
100
101
137
138
139
148
149
150
151
152
153
154
155
156
157
158
159
160
161
162
163
164
165
166
167
168
169
170
171
203
204
205
206
207
208
210
211
212
213
214
222
223
224
225
92
93
94
95
96
97
98
99
100
101
102
103
137
138
139
148
149
150
151
152
153
154
155
156
157
158
159
160
161
162
163
164
165
166
167
168
169
203
204
205
206
207
208
210
211
212
213
214
222
223
224
225
226
227
228
229
46
47
48
49
50
93
94
95
96
97
98
99
100
101
102
103
148
149
150
151
152
153
154
155
156
157
158
159
160
161
162
163
164
165
166
167
168
199
200
201
203
204
205
206
207
208
209
210
211
212
213
214
222
223
224
225
226
227
228
229
46
47
48
49
50
51
91
92
93
94
95
96
97
98
99
100
101
102
103
152
153
154
155
156
157
158
159
160
161
162
163
164
165
166
167
168
169
170
199
200
201
202
203
204
205
206
207
208
209
210
211
212
213
214
224
225
226
227
228
229
46
47
48
49
50
51
52
90
91
92
93
94
95
96
97
98
99
100
101
102
153
154
155
156
157
158
159
160
161
162
163
164
165
166
167
168
169
170
198
199
200
201
202
203
204
205
206
207
208
209
210
211
212
224
225
226
227
228
229
46
47
48
49
50
51
52
90
91
92
93
94
95
96
97
98
99
100
101
102
153
154
155
156
157
158
159
160
161
162
163
164
165
166
167
168
169
170
198
199
200
201
202
203
204
205
206
207
208
209
210
211
212
224
225
226
227
228
229
230
46
47
48
49
50
51
52
90
91
92
93
94
95
96
97
98
99
100
101
102
152
153
154
155
156
157
158
159
160
161
162
163
164
165
166
167
168
169
170
198
199
200
201
202
203
204
205
206
207
208
209
210
211
224
225
226
227
228
229
230
46
47
48
49
50
51
89
90
91
92
93
94
95
96
97
98
99
100
101
102
152
153
154
155
156
157
158
159
160
161
162
163
164
165
166
167
168
169
170
198
199
200
201
202
203
204
205
206
207
208
209
210
211
227
228
229
230
46
47
48
49
50
89
90
91
92
93
94
95
96
97
98
99
100
101
102
104
105
106
152
153
154
155
156
157
158
159
160
161
162
163
164
165
166
167
168
169
170
198
199
200
201
202
203
204
205
206
207
208
209
210
211
227
228
229
89
90
91
92
93
94
95
96
97
98
99
100
101
102
103
104
105
106
107
153
154
155
156
157
158
159
160
161
162
163
164
165
199
200
201
202
203
204
205
206
207
208
209
210
222
223
224
225
226
260
261
262
263
90
91
92
93
94
95
96
97
99
100
101
102
103
104
105
106
107
156
157
158
160
161
162
163
164
165
199
200
201
202
203
204
205
206
207
208
209
210
222
223
224
225
226
228
229
230
260
261
262
263
94
95
96
97
98
99
100
101
102
103
104
105
106
107
108
109
162
163
164
199
200
201
202
203
204
205
206
207
208
209
210
221
222
223
224
225
226
228
229
230
231
260
261
262
263
94
95
96
97
98
99
100
101
102
103
104
105
106
107
108
109
199
200
201
202
203
204
205
206
207
208
220
221
222
223
224
225
226
227
228
229
230
231
261
262
263
94
95
96
97
98
99
100
101
102
103
104
105
106
107
108
109
199
200
201
202
203
204
205
206
207
208
220
221
222
223
224
225
226
227
228
229
230
231
232
233
257
258
259
94
95
96
97
98
99
100
101
102
103
104
105
106
107
199
200
201
205
206
207
208
220
221
222
223
224
225
226
227
228
229
230
231
232
233
255
256
257
258
259
96
97
98
99
100
101
102
103
104
105
106
107
167
168
169
206
207
208
221
222
223
224
225
226
227
228
229
230
231
232
233
255
256
257
258
259
260
261
96
97
98
99
100
101
102
103
104
105
167
168
169
170
206
207
208
219
220
221
222
223
224
225
226
227
228
229
230
231
232
233
255
256
257
258
259
260
261
97
98
99
100
101
102
103
104
167
168
169
170
219
220
221
222
223
224
225
226
227
228
229
230
231
232
233
253
254
255
256
257
258
259
260
261
97
98
99
100
101
166
167
168
169
170
180
181
182
183
184
219
220
221
222
223
224
225
226
227
228
229
230
231
232
253
254
255
256
257
258
259
260
261
98
99
100
101
166
167
168
169
180
181
182
183
184
219
220
221
222
223
224
225
226
227
228
229
230
231
253
254
255
256
257
258
259
260
261
262
263
264
265
266
267
99
100
101
166
167
168
169
180
181
182
183
184
219
220
221
222
223
224
225
226
227
228
254
255
256
257
258
259
260
261
262
263
264
265
266
267
268
166
167
168
180
181
182
183
184
255
256
257
258
259
260
261
262
263
264
265
266
267
268
269
180
181
182
183
184
242
243
244
255
256
257
258
259
260
261
262
263
264
265
266
267
268
269
180
181
182
183
222
223
224
241
242
243
244
255
256
257
258
259
260
261
262
263
264
266
267
268
269
219
220
221
222
223
224
241
242
243
244
255
256
257
258
259
260
261
262
263
264
219
220
221
222
223
224
241
242
243
244
245
255
256
257
258
259
260
261
262
263
264
219
220
221
222
223
224
225
226
241
242
243
244
245
246
247
248
255
256
257
258
259
260
261
262
263
264
220
221
222
223
224
225
226
227
228
229
241
242
243
244
245
246
247
248
262
263
264
220
221
222
223
224
225
226
227
228
229
240
241
242
243
244
245
246
247
248
220
221
222
223
224
225
226
227
228
229
240
241
242
243
244
245
246
247
248
221
222
223
224
225
226
227
228
229
240
241
242
243
244
245
246
247
30
31
32
33
221
222
223
224
225
226
227
228
229
240
241
242
243
244
245
246
247
27
28
29
30
31
32
33
111
112
113
223
224
225
226
227
228
229
241
242
243
244
245
246
247
25
26
27
28
29
30
31
32
33
111
112
113
114
115
116
226
227
228
229
24
25
26
27
28
29
30
31
32
33
110
111
112
113
114
115
116
117
139
140
141
142
24
25
26
27
28
29
30
31
32
33
110
111
112
113
114
115
116
117
118
132
133
134
135
136
137
138
139
140
141
142
143
24
25
26
27
28
29
109
110
111
112
113
114
115
116
117
118
132
133
134
135
136
137
138
139
140
141
142
143
25
26
27
28
29
109
110
111
112
113
114
115
116
117
118
119
120
132
133
134
135
136
137
138
139
140
141
142
143
25
26
27
28
109
110
111
112
113
114
115
116
117
118
119
120
121
122
133
134
135
136
137
138
139
140
141
142
143
144
25
26
27
109
110
111
112
113
114
115
116
117
118
119
120
121
122
133
134
135
136
137
138
139
140
141
142
143
144
145
109
110
111
112
113
114
115
116
117
118
119
120
121
122
134
135
136
137
138
139
140
141
142
143
144
145
146
48
49
50
109
110
111
112
113
114
115
116
117
118
119
120
135
136
137
138
139
140
141
142
143
144
145
146
147
47
48
49
50
51
52
109
110
111
112
113
114
115
116
117
118
135
136
137
138
139
140
141
142
143
144
145
146
147
148
47
48
49
50
51
52
109
110
111
112
113
114
115
116
117
118
135
136
137
138
139
140
141
142
143
144
145
146
147
148
162
163
164
165
166
47
48
49
50
51
52
109
110
111
112
113
114
115
116
117
118
135
136
137
138
139
140
141
142
143
144
145
146
147
148
162
163
164
165
166
167
168
169
47
48
49
50
51
52
109
110
111
112
113
114
115
116
117
138
139
140
141
142
143
144
145
146
147
148
162
163
164
165
166
167
168
169
50
51
52
98
99
100
101
109
110
111
112
113
114
115
116
117
138
139
140
141
142
143
144
145
146
147
148
162
163
164
165
166
167
168
169
303
304
305
49
50
51
52
98
99
100
101
109
110
111
112
113
114
115
116
117
138
139
140
141
142
143
144
145
146
147
148
163
164
165
166
167
168
169
301
302
303
304
305
49
50
51
52
95
96
97
98
99
100
101
113
114
115
116
117
138
139
140
141
142
143
144
145
146
147
148
163
164
165
166
167
168
169
301
302
303
304
305
49
50
51
95
96
97
98
99
100
101
102
138
139
140
141
142
143
144
145
146
147
163
164
165
166
167
168
301
302
303
304
95
96
97
98
99
100
101
102
139
140
141
142
143
144
145
146
164
165
166
167
168
301
302
303
304
305
95
96
97
98
99
100
101
102
139
140
141
142
143
144
145
166
167
168
300
301
302
303
304
305
306
307
308
309
95
96
97
98
99
100
101
139
140
141
142
143
144
145
299
300
301
302
303
304
305
306
307
308
309
99
100
101
102
193
194
195
196
197
198
206
207
208
209
298
299
300
301
302
303
304
305
306
307
308
309
99
100
101
102
170
171
172
192
193
194
195
196
197
198
199
200
201
206
207
208
209
210
211
212
298
299
300
301
302
303
304
305
306
307
308
309
314
315
316
317
318
100
101
102
165
166
167
168
169
170
171
172
190
191
192
193
194
195
196
197
198
199
200
201
202
204
205
206
207
208
209
210
211
212
297
298
299
300
301
302
303
304
305
306
307
308
309
314
315
316
317
318
163
164
165
166
167
168
169
170
171
172
173
174
190
191
192
193
194
195
196
197
198
199
200
201
202
203
204
205
206
207
208
209
210
211
212
297
298
299
300
301
302
303
304
305
306
307
308
309
314
315
316
317
318
163
164
165
166
167
168
169
170
171
172
173
174
190
191
192
193
194
195
196
197
198
199
200
201
202
203
204
205
206
207
208
209
210
297
298
299
300
301
302
303
304
305
306
307
308
309
314
315
316
317
318
163
164
165
166
167
168
169
170
171
172
173
174
191
192
193
194
195
196
197
198
203
204
205
206
207
208
209
210
211
301
302
303
304
305
306
315
316
317
318
164
165
166
167
168
169
170
171
172
191
192
193
194
195
196
197
198
204
205
206
207
208
209
210
211
212
213
214
315
316
317
318
164
165
166
167
168
169
170
171
172
190
191
192
193
194
195
196
197
198
204
205
206
207
208
209
210
211
212
213
214
315
316
317
167
168
169
170
171
172
190
191
192
193
194
195
203
204
205
206
207
208
209
210
211
212
213
214
167
168
169
170
171
172
190
191
192
193
194
203
204
205
206
207
208
209
210
211
212
213
214
192
193
194
203
204
205
206
207
208
209
210
211
212
213
214