201
202
203
204
205
206
207
208
209
210
167
168
169
201
202
203
204
205
206
207
208
209
210
211
212
164
165
166
167
168
169
170
201
202
203
204
205
206
207
208
209
210
211
212
306
307
308
309
49
50
51
113
114
115
164
165
166
167
168
169
170
201
202
203
204
205
206
208
209
210
211
212
213
306
307
308
309
310
311
312
313
314
47
48
49
50
51
52
108
109
110
111
112
113
114
115
116
117
164
165
166
167
168
169
170
207
208
209
210
211
212
213
306
307
308
309
310
311
312
313
314
46
47
48
49
50
51
52
101
102
103
104
105
108
109
110
111
112
113
114
115
116
117
118
207
208
209
210
211
212
213
307
308
309
310
311
312
313
314
46
47
48
49
50
51
52
100
101
102
103
104
105
107
108
109
110
111
112
113
114
115
116
117
118
206
207
208
209
210
211
212
307
308
309
310
311
312
45
46
47
48
49
50
51
52
99
100
101
102
103
104
105
106
107
108
109
110
111
112
113
114
115
116
117
118
204
205
206
207
208
209
210
211
212
308
309
310
45
46
47
48
49
50
51
52
99
100
101
102
103
104
105
106
107
108
109
110
111
112
113
114
115
116
117
203
204
205
206
207
208
209
210
211
212
45
46
47
48
49
50
51
52
99
100
101
102
103
104
105
106
107
108
109
110
111
112
113
114
115
116
117
203
204
205
206
207
208
209
210
211
212
213
47
48
49
50
103
104
105
106
107
108
109
110
111
112
113
114
115
116
117
118
125
126
127
201
202
203
204
205
206
207
208
209
210
211
212
213
224
225
226
227
228
229
230
231
234
235
236
48
49
50
105
106
107
108
109
110
111
112
113
114
115
116
117
118
125
126
127
128
201
202
203
204
205
206
207
208
209
210
211
212
213
223
224
225
226
227
228
229
230
231
232
233
234
235
236
105
106
107
108
109
110
111
112
113
114
115
116
117
118
125
126
127
128
129
130
166
167
168
169
170
171
172
201
202
203
204
205
206
207
208
209
210
211
212
220
221
222
223
224
225
226
227
228
229
230
231
232
233
234
235
236
105
106
107
108
109
110
111
112
113
114
115
116
117
118
124
125
126
127
128
129
130
166
167
168
169
170
171
172
202
203
204
205
206
207
208
209
210
211
212
213
220
221
222
223
224
225
226
227
228
229
230
231
232
233
234
235
107
108
109
110
111
112
113
114
115
116
117
118
119
120
121
122
123
124
125
126
127
128
129
130
164
165
166
167
168
169
170
171
172
204
205
206
207
208
209
210
211
212
213
217
218
219
220
221
222
223
224
225
226
227
228
229
230
231
232
233
234
235
29
30
31
108
109
110
111
112
113
114
115
116
117
118
119
120
121
122
123
124
125
126
127
128
129
130
164
165
166
167
168
169
170
204
205
206
207
208
209
210
211
212
213
217
218
219
220
221
222
223
224
225
226
227
228
229
230
231
233
234
235
29
30
31
32
108
109
110
111
112
113
114
115
116
117
118
119
120
121
122
123
124
125
126
127
128
129
130
159
160
161
162
163
164
165
166
167
168
169
170
204
205
206
207
208
209
210
211
212
217
218
219
220
221
222
223
224
225
226
227
228
229
230
231
29
30
31
32
33
109
110
111
112
113
114
115
116
117
118
119
120
121
122
123
124
125
126
127
128
129
130
159
160
161
162
163
164
165
166
167
168
169
170
204
205
206
207
208
209
210
211
218
219
220
221
222
223
224
225
226
227
228
229
230
231
29
30
31
32
33
34
35
36
109
110
111
112
113
114
115
116
117
118
119
120
121
122
123
124
125
126
127
128
129
130
159
160
161
162
163
164
165
166
167
168
169
170
205
206
207
208
209
210
211
219
220
221
222
223
224
225
226
227
228
229
26
27
28
29
30
31
32
33
34
35
36
110
111
112
114
115
116
117
118
119
120
121
122
123
124
125
126
127
128
129
130
131
160
161
162
163
164
165
166
167
183
184
185
208
209
210
219
220
221
222
223
224
225
226
227
228
229
230
231
232
26
27
28
29
30
31
32
33
34
35
36
114
115
116
118
119
120
121
122
123
124
125
126
127
128
129
130
131
161
162
163
164
165
166
167
182
183
184
185
219
220
221
222
223
224
225
226
227
228
229
230
231
232
26
27
28
29
30
31
32
33
34
35
118
119
120
121
122
123
125
126
127
128
129
130
131
163
164
165
166
167
176
177
178
179
180
181
182
183
184
185
219
220
221
222
223
224
225
226
227
228
229
230
231
232
26
27
28
29
30
31
32
33
34
118
119
120
121
122
123
124
125
126
127
128
129
130
164
165
166
167
176
177
178
179
180
181
182
183
184
185
186
187
220
221
222
223
224
225
226
227
228
229
230
231
232
27
28
29
30
31
32
33
34
118
119
120
121
122
123
124
125
126
127
128
129
130
164
165
166
176
177
178
179
180
181
182
183
184
185
186
187
220
221
222
223
224
225
226
227
228
229
27
28
29
30
31
32
33
34
35
118
119
120
121
122
124
125
126
127
128
129
130
176
177
178
179
180
181
182
183
184
185
186
187
214
215
216
220
221
222
223
224
225
226
227
27
28
29
30
31
32
33
34
35
174
175
176
177
178
179
180
181
182
183
184
185
186
187
188
214
215
216
225
226
227
27
28
29
30
31
32
33
34
35
167
168
169
174
175
176
177
178
179
180
181
182
183
184
185
186
187
188
189
190
212
213
214
215
216
217
29
30
31
32
33
34
167
168
169
173
174
175
176
177
178
179
180
181
182
183
184
185
186
187
188
189
190
212
213
214
215
216
217
9
10
11
13
14
15
29
30
31
32
33
34
167
168
169
170
171
172
173
174
175
176
177
178
179
180
181
182
183
184
185
186
187
188
189
190
212
213
214
215
216
217
9
10
11
12
13
14
15
29
30
31
32
167
168
169
170
171
172
173
174
175
176
177
178
179
180
181
182
183
184
185
186
187
188
189
212
213
214
215
216
217
218
9
10
11
12
13
14
15
16
17
169
170
171
172
173
174
175
176
177
178
179
180
181
182
183
184
185
187
188
189
212
213
214
215
216
217
218
219
9
10
11
12
13
14
15
16
17
170
171
172
173
174
175
176
177
178
179
180
181
182
183
184
185
186
212
213
214
215
216
217
218
219
8
9
10
11
12
13
14
15
16
17
170
171
172
173
174
175
176
177
178
179
180
181
182
183
184
185
186
211
212
213
214
215
216
217
218
219
220
8
9
10
11
12
13
14
15
170
171
172
173
174
175
176
177
178
179
180
181
182
183
184
185
186
211
212
213
214
215
216
217
218
219
220
8
9
10
11
12
13
170
171
172
173
174
175
176
177
178
179
180
181
182
183
184
211
212
213
214
215
216
217
218
219
220
170
171
172
173
174
175
176
177
178
179
180
181
173
174
175
176
177
178
179
180
172
173
174
175
176
178
179
180
172
173
174
175
176
172
173
174
175
176
248
249
250
173
174
175
248
249
250
314
315
316
174
175
176
177
247
248
249
250
251
252
314
315
316
173
174
175
176
177
247
248
249
250
251
252
314
315
316
317
318
172
173
174
175
176
177
247
248
249
250
251
252
314
315
316
317
318
172
173
174
175
176
177
247
248
249
250
251
252
253
254
315
316
317
318
172
173
174
175
176
177
250
251
252
253
254
250
251
252
253
254
250
251
252
253
254
69
70
71
75
76
77
250
251
252
253
254
68
69
70
71
72
73
74
75
76
77
79
80
81
68
69
70
71
72
73
74
75
76
77
78
79
80
81
68
69
70
71
72
73
74
75
76
77
78
79
80
81
66
67
68
69
70
71
72
73
74
75
76
77
78
79
80
81
82
66
67
68
69
70
71
72
73
74
75
76
77
78
79
80
81
82
66
67
68
69
70
71
72
73
74
75
76
77
78
79
80
81
82
294
295
296
67
68
69
70
71
72
73
74
75
76
77
78
79
80
290
291
292
293
294
295
296
315
316
317
66
67
68
69
70
71
72
73
74
75
76
77
78
79
290
291
292
293
294
295
296
297
298
315
316
317
318
319
320
65
66
67
68
69
70
71
72
73
74
75
76
77
78
79
80
290
291
292
293
294
295
296
297
298
315
316
317
318
319
320
65
66
67
68
69
70
71
72
73
74
75
76
77
78
79
80
290
291
292
293
294
295
296
297
298
299
316
317
318
319
320
321
322
65
66
67
68
69
70
71
72
73
74
75
76
77
78
79
80
291
292
293
294
295
296
297
298
299
300
301
311
312
313
314
315
316
317
318
319
320
321
322
323
66
67
68
69
70
71
72
73
74
75
76
77
78
79
80
229
230
231
290
291
292
293
294
295
296
297
298
299
300
301
302
308
309
310
311
312
313
314
315
316
317
318
319
320
321
322
323
66
67
68
69
70
71
72
73
74
75
76
77
78
79
80
227
228
229
230
231
290
291
292
293
294
295
296
297
298
299
300
301
302
306
307
308
309
310
311
312
313
314
315
316
317
318
319
320
321
322
323
67
68
69
72
73
74
75
76
77
78
79
80
226
227
228
229
230
231
232
290
291
292
293
294
295
296
297
298
299
300
301
302
306
307
308
309
310
311
312
313
314
315
316
317
318
319
320
321
72
73
74
75
76
77
78
226
227
228
229
230
231
232
291
292
293
294
295
296
297
298
299
300
301
306
307
308
309
310
311
312
313
314
315
316
317
318
319
320
321
322
74
75
76
77
78
226
227
228
229
230
231
232
290
291
292
293
294
295
296
297
298
299
300
301
302
303
307
308
309
310
311
312
313
314
315
316
317
318
319
320
321
322
323
75
76
77
78
226
227
228
229
230
231
232
233
290
291
292
293
294
295
296
297
298
299
300
301
302
303
307
308
309
310
311
312
313
314
315
316
317
318
319
320
321
322
323
177
178
179
180
181
226
227
228
229
230
231
232
233
290
291
292
293
294
295
296
297
298
299
300
301
302
303
304
309
310
311
314
315
316
317
318
319
320
321
322
323
177
178
179
180
181
182
183
228
229
230
231
232
233
293
294
295
296
297
298
299
300
301
302
303
304
315
316
317
318
319
320
321
322
176
177
178
179
180
181
182
183
227
228
229
230
231
232
233
297
298
299
300
301
302
303
304
315
316
317
318
319
320
321
322
175
176
177
178
179
180
181
182
183
184
185
227
228
229
230
231
232
233
297
298
299
300
315
316
317
318
319
320
321
175
176
177
178
179
180
181
182
183
184
185
186
227
228
229
230
231
232
233
297
298
299
319
320
321
175
176
177
178
179
180
181
182
183
184
185
186
226
227
228
229
230
177
178
179
180
181
182
183
184
185
186
226
227
228
229
230
177
178
179
180
181
182
183
184
185
186
226
227
228
229
230
144
145
146
178
179
180
181
182
183
184
185
186
227
228
229
141
142
143
144
145
146
178
179
180
181
182
183
184
120
121
122
136
137
138
141
142
143
144
145
146
180
181
182
119
120
121
122
123
136
137
138
139
140
141
142
143
144
145
146
119
120
121
122
123
136
137
138
139
140
141
142
143
144
145
146
92
93
94
95
96
119
120
121
122
123
136
137
138
139
140
141
142
143
144
145
146
92
93
94
95
96
119
120
121
122
137
138
139
140
141
142
143
144
145
92
93
94
95
96
97
137
138
139
140
141
142
143
144
145
87
88
89
90
91
92
93
94
95
96
97
137
138
139
140
141
142
143
144
87
88
89
90
91
92
93
94
95
96
97
137
138
139
140
141
142
143
87
88
89
90
91
92
93
94
95
96
97
98
99
100
138
139
140
141
142
143
86
87
88
89
90
91
92
93
94
95
96
97
98
99
100
138
139
140
141
142
86
87
88
89
90
91
92
93
94
95
96
97
98
99
100
101
138
139
140
141
142
155
156
157
158
313
314
315
86
87
88
89
90
91
92
93
94
95
96
97
98
99
100
101
102
138
139
140
141
142
154
155
156
157
158
312
313
314
315
316
317
318
88
89
90
91
92
93
94
95
96
97
98
99
100
101
102
139
140
141
142
154
155
156
157
158
312
313
314
315
316
317
318
319
320
321
89
90
91
92
93
94
95
96
97
98
99
100
101
102
154
155
156
157
158
312
313
314
315
316
317
318
319
320
321
89
90
91
92
93
94
95
96
97
98
99
100
101
102
155
156
157
314
315
316
317
318
319
320
321
89
90
91
92
93
94
95
96
97
98
99
100
101
102
314
315
316
317
318
319
320
321
322
89
90
91
92
93
94
95
96
97
98
99
100
101
102
314
315
316
317
318
319
320
321
322
89
90
91
92
93
94
95
96
97
98
99
100
101
102
314
315
316
317
318
319
320
321
322
89
90
91
92
93
94
95
96
97
98
99
100
101
102
314
315
316
317
318
319
320
321
322
90
91
92
96
97
98
99
100
101
102
232
233
234
235
236
237
316
317
318
319
96
97
98
99
100
232
233
234
235
236
237
238
239
317
318
319
231
232
233
234
235
236
237
238
239
240
231
232
233
234
235
236
237
238
239
240
231
232
233
234
235
236
237
238
239
240
235
236
237
238
239
240
154
155
156
235
236
237
238
239
240
153
154
155
156
237
238
239
240
151
152
153
154
155
156
176
177
178
151
152
153
154
155
173
174
175
176
177
178
179
180
181
151
152
153
154
155
173
174
175
176
177
178
179
180
181
17
18
19
20
21
22
23
151
152
153
154
155
173
174
175
176
177
178
179
180
181
17
18
19
20
21
22
23
150
151
152
153
154
155
173
174
175
176
177
178
179
180
181
16
17
18
19
20
21
22
23
150
151
152
153
154
155
156
157
158
173
174
175
176
177
178
179
180
181
16
17
18
19
20
21
22
150
151
152
153
154
155
156
157
158
159
173
174
175
176
177
178
179
180
181
16
17
18
19
20
21
22
151
152
153
154
155
156
157
158
159
174
175
176
177
178
179
180
181
15
16
17
18
19
20
21
22
151
152
153
154
155
156
157
158
159
178
179
180
181
254
255
256
15
16
17
20
21
22
151
152
153
154
155
156
157
158
168
169
170
171
172
178
179
180
181
247
248
249
254
255
256
257
258
259
260
15
16
17
151
152
153
154
155
156
157
158
168
169
170
171
172
247
248
249
253
254
255
256
257
258
259
260
261
151
152
153
154
155
156
157
168
169
170
171
172
173
247
248
249
253
254
255
256
257
258
259
260
261
151
152
153
154
155
156
157
168
169
170
171
172
173
174
237
238
239
243
244
245
247
248
249
253
254
255
256
257
258
259
260
261
262
153
154
155
156
157
168
169
170
171
172
173
174
231
232
233
234
235
236
237
238
239
243
244
245
246
247
248
249
250
251
255
256
257
258
259
260
261
262
263
155
156
157
170
171
172
173
174
231
232
233
234
235
236
237
238
239
243
244
245
246
247
248
249
250
251
252
253
254
255
256
257
258
259
260
261
262
263
168
169
170
171
172
173
174
175
231
232
233
234
235
236
237
238
239
243
244
245
246
247
248
249
250
251
252
253
254
255
256
257
258
259
260
261
262
263
168
169
170
171
172
173
174
175
227
228
229
230
231
232
233
234
235
236
237
238
245
246
247
248
249
250
251
252
253
254
255
256
168
169
170
171
172
173
174
175
227
228
229
230
231
232
233
234
235
236
237
238
246
247
248
249
250
251
252
253
254
255
318
319
320
321
322
323
324
325
326
170
171
172
173
174
175
227
228
229
230
231
232
233
234
235
236
237
238
247
248
249
250
251
252
253
254
255
318
319
320
321
322
323
324
325
326
171
172
173
174
228
229
230
231
232
233
234
235
236
237
238
251
252
253
318
319
320
321
322
323
324
325
326
224
225
226
230
231
232
233
236
237
238
251
252
253
318
319
320
321
322
323
324
325
223
224
225
226
227
231
232
233
320
321
322
323
324
325
223
224
225
226
227
228
231
232
233
323
324
325
62
63
64
147
148
149
223
224
225
226
227
228
62
63
64
65
66
71
72
73
145
146
147
148
149
226
227
228
39
40
41
42
62
63
64
65
66
67
68
69
71
72
73
74
142
143
144
145
146
147
148
149
150
151
152
39
40
41
42
43
44
45
46
47
62
63
64
65
66
67
68
69
70
71
72
73
74
75
142
143
144
145
146
147
148
149
150
151
152
39
40
41
42
43
44
45
46
47
48
49
62
63
64
65
66
67
68
69
70
71
72
73
74
75
142
143
144
145
146
147
148
149
150
151
152
38
39
40
41
42
43
44
45
46
47
48
49
61
62
63
64
65
66
67
68
69
70
72
73
74
75
142
143
144
145
146
147
148
149
150
151
152
153
154
38
39
40
41
42
43
44
45
46
47
48
49
61
62
63
64
65
66
67
68
69
70
71
72
73
74
139
140
141
142
143
144
145
146
147
148
149
150
151
152
153
154
38
39
40
41
42
43
44
45
46
47
48
49
61
62
63
64
65
66
67
68
69
70
71
72
73
74
139
140
141
142
143
144
145
146
147
148
149
150
151
152
153
154
39
40
41
42
43
44
45
46
47
48
49
61
62
63
64
65
66
67
68
69
70
71
72
73
74
139
140
141
142
143
144
145
146
147
148
149
150
151
152
153
39
40
41
42
43
44
45
61
62
63
64
65
66
67
68
69
70
71
72
73
74
140
141
142
143
144
145
146
147
148
149
150
151
152
153
215
216
217
40
41
42
43
61
62
63
64
65
66
67
68
69
70
72
73
74
140
141
142
143
144
145
146
147
148
149
150
151
215
216
217
236
237
238
239
240
40
41
42
43
62
63
64
65
66
67
68
69
70
71
141
142
143
144
145
146
215
216
217
218
219
235
236
237
238
239
240
41
42
43
63
64
65
66
67
68
69
70
71
139
140
141
142
143
144
145
146
147
217
218
219
235
236
237
238
239
240
241
63
64
65
66
67
68
69
70
71
72
139
140
141
142
143
144
145
146
147
215
216
217
218
219
220
235
236
237
238
239
240
241
63
64
65
66
67
68
69
70
71
72
73
74
139
140
141
142
143
144
145
146
147
214
215
216
217
218
219
220
221
236
237
238
239
240
241
64
65
66
67
68
69
70
71
72
73
74
140
141
142
143
214
215
216
217
218
219
220
221
222
223
64
65
66
67
68
69
70
71
72
73
74
77
78
79
214
215
216
217
218
219
220
221
222
223
64
65
66
67
68
69
70
71
72
73
74
75
76
77
78
79
98
99
100
215
216
217
218
219
220
221
222
223
224
65
66
67
68
69
70
71
72
73
74
75
76
77
78
79
80
98
99
100
101
215
216
217
220
221
222
223
224
24
25
26
27
28
29
67
68
69
70
71
72
73
74
75
76
77
78
79
80
93
94
95
96
98
99
100
101
102
221
222
223
224
23
24
25
26
27
28
29
30
31
32
33
68
69
70
71
72
73
74
75
76
77
78
79
80
83
84
85
86
93
94
95
96
97
98
99
100
101
102
151
152
153
154
155
156
157
221
222
223
224
23
24
25
26
27
28
29
30
31
32
33
68
69
70
71
72
73
74
75
76
77
78
79
80
82
83
84
85
86
93
94
95
96
97
98
99
100
101
102
151
152
153
154
155
156
157
222
223
224
23
24
25
26
27
28
29
30
31
32
33
34
69
70
71
72
73
74
75
76
77
78
79
80
81
82
83
84
85
86
93
94
95
96
97
98
99
100
101
149
150
151
152
153
154
155
156
157
222
223
224
24
25
26
27
28
29
30
31
32
33
34
35
71
72
73
74
75
76
77
78
79
80
81
82
83
84
85
86
87
94
95
96
97
98
99
100
101
102
149
150
151
152
153
154
155
156
25
26
27
28
29
30
31
32
33
34
35
71
72
73
74
75
76
77
78
79
80
81
82
83
84
85
86
87
96
97
98
99
100
101
102
149
150
151
152
153
154
155
326
327
328
24
25
26
27
28
29
30
31
32
33
34
35
36
58
59
60
72
73
74
75
76
77
78
79
80
81
82
83
84
85
86
87
96
97
98
99
100
101
102
150
151
152
153
154
155
253
254
255
326
327
328
329
24
25
26
27
28
29
30
31
32
33
34
35
36
58
59
60
72
73
74
75
76
77
78
79
80
81
82
83
84
85
96
97
98
99
100
101
151
152
153
154
155
252
253
254
255
325
326
327
328
329
24
25
26
27
28
29
30
31
32
33
34
35
36
58
59
60
73
74
75
76
77
78
79
80
81
82
83
84
85
245
246
247
248
249
250
251
252
253
254
255
325
326
327
328
329
330
25
26
27
28
29
55
56
57
58
59
60
76
77
78
79
80
81
82
83
84
85
245
246
247
248
249
250
251
252
253
254
255
324
325
326
327
328
329
330
331
52
53
54
55
56
57
58
59
60
77
78
79
80
81
82
83
84
239
240
241
242
243
244
245
246
247
248
249
250
251
252
253
254
255
324
325
326
327
328
329
330
331
332
333
52
53
54
55
56
57
58
59
78
79
80
239
240
241
242
243
244
245
246
247
248
249
250
251
252
253
254
255
324
325
326
327
328
329
330
331
332
333
52
53
54
55
56
57
239
240
241
242
243
244
245
246
247
248
249
250
251
252
253
254
255
256
257
324
325
326
327
328
329
330
331
332
333
52
53
54
55
56
57
238
239
240
241
242
243
244
245
246
247
248
249
250
251
252
253
254
255
256
257
258
328
329
330
331
332
333
39
40
41
52
53
54
55
56
57
128
129
130
238
239
240
241
242
243
244
245
246
247
248
249
250
251
252
253
254
255
256
257
258
328
329
330
331
332
333
38
39
40
41
51
52
53
54
55
123
124
125
126
127
128
129
130
238
239
240
241
242
243
244
245
246
247
248
249
250
251
252
253
254
255
256
257
258
328
329
330
331
332
333
38
39
40
41
50
51
52
53
54
76
77
78
123
124
125
126
127
128
129
130
176
177
178
179
238
239
240
241
242
243
244
245
246
247
248
249
250
251
252
253
254
255
256
257
331
332
333
38
39
40
41
50
51
52
53
54
55
72
73
74
75
76
77
78
79
80
81
82
83
84
85
86
123
124
125
126
127
128
129
130
131
175
176
177
178
179
243
244
245
246
247
248
249
250
50
51
52
53
54
55
71
72
73
74
75
76
77
78
79
80
81
82
83
84
85
86
124
125
126
127
128
129
130
131
175
176
177
178
179
180
181
241
242
243
244
245
246
247
248
249
250
50
51
52
53
54
55
71
72
73
74
75
76
77
78
79
80
81
82
83
84
85
86
87
88
89
90
91
92
124
125
126
127
128
129
130
131
132
175
176
177
178
179
180
181
241
242
243
244
245
246
247
248
52
53
54
71
72
73
74
75
76
77
78
79
80
81
82
83
84
85
86
87
88
89
90
91
92
93
94
124
125
126
127
128
129
130
131
132
134
135
136
173
174
175
176
177
178
179
180
181
241
242
243
244
245
246
247
248
25
26
27
28
29
52
53
54
71
72
73
74
75
76
77
78
79
80
81
82
83
84
85
86
87
88
89
90
91
92
93
94
125
126
127
128
129
130
131
132
133
134
135
136
173
174
175
176
177
178
179
180
181
242
243
244
245
246
247
248
278
279
280
281
25
26
27
28
29
71
72
73
74
75
76
77
78
79
80
81
82
83
84
85
86
87
88
89
90
91
92
93
94
124
125
126
127
128
129
130
131
132
133
134
135
136
173
174
175
176
177
178
179
180
181
217
218
219
244
245
246
247
275
276
277
278
279
280
281
25
26
27
28
29
71
72
73
74
75
76
77
78
79
80
81
82
83
84
85
88
89
90
91
92
93
124
125
126
127
128
129
130
131
132
133
134
135
175
176
177
178
179
180
181
216
217
218
219
244
245
246
247
275
276
277
278
279
280
281
282
25
26
27
28
29
74
75
76
77
78
79
80
81
82
83
84
85
89
90
91
92
93
123
124
125
126
127
128
129
130
131
132
133
134
175
176
177
178
179
212
213
214
216
217
218
219
272
273
274
275
276
277
278
279
280
281
282
25
26
27
28
29
74
75
76
77
78
79
80
81
82
83
123
124
125
126
127
128
129
130
131
132
133
134
135
176
177
178
212
213
214
215
216
217
218
219
272
273
274
275
276
277
278
279
280
281
282
74
75
76
77
78
79
80
81
82
83
123
124
125
126
127
128
129
130
131
132
133
134
135
136
210
211
212
213
214
215
216
217
218
271
272
273
274
275
276
277
278
279
280
281
282
75
76
77
78
79
80
81
123
124
125
126
127
128
129
130
131
132
133
134
135
136
210
211
212
213
214
215
216
217
218
271
272
273
274
275
276
277
278
279
280
281
282
283
75
76
77
78
79
80
81
123
124
125
126
127
128
129
130
131
132
133
134
135
136
210
211
212
213
214
215
216
217
218
219
220
270
271
272
273
274
275
276
277
278
279
280
281
282
283
284
20
21
22
77
78
79
80
81
82
94
95
96
123
124
125
126
127
128
129
130
131
132
133
134
135
136
213
214
215
216
217
218
219
220
270
271
272
273
274
275
276
277
278
279
280
281
282
283
284
20
21
22
23
24
77
78
79
80
81
82
94
95
96
97
98
99
100
123
124
125
126
127
128
129
130
131
132
133
134
135
136
212
213
214
215
216
217
218
219
220
270
271
272
273
274
275
276
277
278
279
280
281
282
283
284
285
300
301
302
303
20
21
22
23
24
77
78
79
80
81
82
94
95
96
97
98
99
100
122
123
124
125
126
127
128
129
130
131
132
133
134
135
136
137
212
213
214
215
216
217
271
272
273
274
275
276
277
278
279
280
281
282
283
284
285
286
287
288
300
301
302
303
304
305
22
23
24
78
79
80
81
95
96
97
98
99
100
122
123
124
125
126
127
128
129
130
131
132
133
134
135
136
137
138
139
212
213
214
215
216
271
272
273
274
275
276
277
278
279
280
281
282
283
284
285
286
287
288
295
296
297
298
299
300
301
302
303
304
305
22
23
24
25
26
96
97
98
99
122
123
124
125
126
127
128
129
130
131
132
133
134
135
136
137
138
139
271
272
273
274
275
276
277
278
279
280
281
282
283
284
285
286
287
288
295
296
297
298
299
300
301
302
303
304
305
21
22
23
24
25
26
96
97
98
99
125
126
127
128
129
130
131
132
133
134
135
136
137
138
139
140
267
268
269
270
271
272
273
274
275
276
277
278
279
280
281
282
283
284
285
286
287
288
295
296
297
298
299
300
301
302
303
304
305
21
22
23
24
25
26
27
96
97
98
99
125
126
127
128
129
130
131
132
133
134
135
136
137
138
139
140
266
267
268
269
270
277
278
279
280
281
282
283
284
285
286
287
288
294
295
296
297
298
299
300
301
302
303
304
305
306
307
21
22
23
24
25
26
27
28
97
98
99
129
130
131
132
133
134
135
136
137
138
139
140
266
267
268
269
270
271
278
279
280
281
282
283
284
285
286
287
288
294
295
296
297
298
299
300
301
302
303
304
305
306
307
308
309
21
22
23
24
25
26
27
28
29
30
122
123
124
129
130
131
132
133
134
135
136
137
138
139
140
266
267
268
269
270
271
278
279
280
281
282
283
284
285
286
287
288
289
294
295
296
297
298
299
300
301
302
303
304
305
306
307
308
309
20
21
22
23
24
25
26
27
28
29
30
31
122
123
124
129
130
131
132
133
134
135
136
137
267
268
269
270
271
279
280
281
282
283
284
285
286
287
288
289
294
295
296
297
298
299
300
301
302
303
304
305
306
307
308
309
19
20
21
22
23
24
25
26
28
29
30
31
32
120
121
122
123
124
129
130
131
132
133
134
135
136
267
268
269
280
281
282
287
288
289
295
296
297
298
299
300
301
302
303
304
305
306
307
308
309
310
19
20
21
22
23
24
25
26
27
28
29
30
31
32
120
121
122
123
124
125
126
127
129
130
131
132
133
134
135
299
300
301
302
303
304
305
306
307
308
309
310
19
20
21
22
23
24
25
26
27
28
29
30
31
32
117
118
119
120
121
122
123
124
125
126
127
128
129
130
131
132
133
134
160
161
162
163
164
299
300
301
302
303
308
309
310
21
22
23
24
25
26
27
28
29
30
31
32
116
117
118
119
120
121
122
123
124
125
126
127
128
129
130
131
132
133
134
160
161
162
163
164
165
23
24
25
26
27
28
29
30
31
116
117
118
119
120
121
122
123
124
125
126
127
128
129
130
131
160
161
162
163
164
165
23
24
25
27
28
29
30
116
117
118
119
120
121
122
123
124
125
126
127
128
129
130
131
160
161
162
163
164
165
321
322
323
27
28
29
30
116
117
118
119
120
121
122
123
124
125
126
127
128
129
130
131
161
162
163
164
165
320
321
322
323
324
325
119
120
121
122
123
124
125
126
127
128
129
130
131
132
133
134
135
158
159
160
161
162
163
164
165
320
321
322
323
324
325
119
120
121
122
123
124
125
126
127
128
129
130
131
132
133
134
135
158
159
160
161
162
163
164
320
321
322
323
324
325
119
120
121
122
123
124
125
126
127
129
130
131
132
133
134
135
158
159
160
161
162
163
164
322
323
324
119
120
121
122
123
124
125
126
127
129
130
131
132
133
134
158
159
160
161
162
163
164
119
120
121
122
123
124
125
126
127
129
130
131
132
133
134
160
161
162
163
164
120
121
122
131
132
133
134
162
163
164
200
201
202
149
150
151
162
163
164
200
201
202
203
204
205
295
296
297
148
149
150
151
200
201
202
203
204
205
295
296
297
298
299
148
149
150
151
201
202
203
204
205
295
296
297
298
299
147
148
149
150
151
202
203
204
205
206
295
296
297
298
299
147
148
149
150
151
152
153
154
196
197
198
200
201
202
203
204
205
206
295
296
297
147
148
149
150
151
152
153
154
196
197
198
199
200
201
202
203
204
205
206
207
145
146
147
148
149
150
151
152
153
154
155
193
194
195
196
197
198
199
200
201
202
203
204
205
206
207
145
146
147
148
149
150
151
152
153
154
155
193
194
195
196
197
198
199
200
201
202
203
204
205
206
207
143
144
145
146
147
148
149
150
151
152
153
154
155
193
194
195
196
197
198
199
200
201
202
203
204
205
206
143
144
145
146
147
148
149
150
151
152
153
154
193
194
195
196
197
198
199
200
201
202
203
204
205
206
143
144
145
146
147
148
149
150
151
152
153
154
193
194
195
196
197
198
199
200
201
30
31
32
33
142
143
144
145
146
147
148
149
150
151
152
153
154
191
192
193
194
195
196
197
198
199
200
201
30
31
32
33
34
35
36
37
38
39
142
143
144
145
146
147
148
149
150
151
152
153
154
191
192
193
194
195
196
197
198
199
200
201
30
31
32
33
34
35
36
37
38
39
142
143
144
145
146
147
148
149
150
151
152
153
154
191
192
193
194
195
196
197
198
199
200
201
27
28
29
30
31
32
33
34
35
36
37
38
39
145
146
147
148
149
150
191
192
193
194
195
196
197
198
199
200
201
202
250
251
252
253
26
27
28
29
30
31
32
33
34
35
36
37
38
63
64
65
145
146
147
148
149
191
192
193
194
195
196
197
198
199
200
201
202
250
251
252
253
254
255
26
27
28
29
30
31
32
33
34
35
36
37
38
63
64
65
191
192
193
194
195
196
197
198
199
200
201
202
250
251
252
253
254
255
256
257
26
27
28
29
30
31
32
33
34
35
63
64
65
191
192
193
194
195
196
197
198
199
200
250
251
252
253
254
255
256
257
30
31
32
33
34
35
61
62
63
64
65
191
192
193
194
195
196
197
198
199
200
219
220
221
250
251
252
253
254
255
256
257
32
33
34
59
60
61
62
63
192
193
194
195
196
197
218
219
220
221
250
251
252
253
254
32
33
34
59
60
61
62
63
65
66
67
217
218
219
220
221
250
251
252
253
254
59
60
61
62
65
66
67
68
69
70
71
72
73
217
218
219
220
250
251
252
253
254
62
63
64
65
66
67
68
69
70
71
72
73
217
218
219
220
221
62
63
64
65
66
67
68
69
70
71
72
73
90
91
92
218
219
220
221
62
63
64
65
66
67
68
69
70
71
72
73
89
90
91
92
93
218
219
220
221
63
64
65
66
67
68
69
70
71
72
88
89
90
91
92
93
218
219
220
63
64
65
66
67
68
69
70
71
72
88
89
90
91
92
93
63
64
65
66
67
68
69
70
71
72
86
87
88
89
90
91
92
93
328
329
330
63
64
65
66
67
68
69
70
71
72
86
87
88
89
90
91
92
93
113
114
115
328
329
330
331
332
64
65
66
67
68
69
86
87
88
89
90
91
92
93
113
114
115
328
329
330
331
332
333
86
87
88
89
90
91
92
93
112
113
114
115
328
329
330
331
332
333
86
87
88
89
90
110
111
112
113
114
115
328
329
330
331
332
333
88
89
90
110
111
112
113
114
115
326
327
328
329
330
331
332
333
100
101
102
104
105
106
110
111
112
113
326
327
328
329
330
331
332
333
17
18
19
20
100
101
102
103
104
105
106
110
111
112
326
327
328
329
330
331
332
333
16
17
18
19
20
21
22
23
24
100
101
102
103
104
105
106
107
108
326
327
328
329
330
331
332
333
16
17
18
19
20
21
22
23
24
95
96
97
100
101
102
103
104
105
106
107
108
327
328
329
330
331
332
333
16
17
18
19
20
21
22
23
24
95
96
97
98
99
100
101
102
103
104
105
106
107
108
327
328
329
330
331
332
333
14
15
16
17
18
19
20
21
22
23
24
95
96
97
98
99
100
101
102
103
104
105
106
107
108
235
236
237
325
326
327
328
329
330
331
332
333
14
15
16
17
18
19
20
21
22
95
96
97
98
99
100
101
102
103
104
105
106
107
108
234
235
236
237
325
326
327
328
329
330
331
332
14
15
16
17
18
19
20
21
93
94
95
96
97
98
99
100
101
102
103
104
105
106
107
108
227
228
229
230
231
234
235
236
237
325
326
327
328
329
330
331
332
333
15
16
17
18
19
20
21
93
94
95
96
97
98
99
100
101
102
103
104
105
106
107
108
227
228
229
230
231
232
233
234
235
236
237
325
326
327
328
329
330
331
332
333
93
94
95
96
97
98
99
100
101
102
103
104
105
106
107
108
227
228
229
230
231
232
233
234
235
236
237
324
325
326
327
328
329
330
331
332
333
93
94
95
96
97
98
99
100
101
102
103
104
105
227
228
229
230
231
232
233
234
235
236
237
324
325
326
327
328
329
330
331
332
333
94
95
96
97
98
99
100
101
102
103
104
105
227
228
229
230
231
232
233
234
235
236
237
324
325
326
327
328
329
330
331
332
333
79
80
81
82
83
84
85
86
94
95
96
97
98
99
100
101
102
103
104
105
228
229
230
231
232
233
234
325
326
327
328
329
330
331
332
333
79
80
81
82
83
84
85
86
94
95
96
97
98
99
100
101
102
103
104
230
231
232
325
326
327
328
329
330
331
332
333
23
24
25
26
27
79
80
81
82
83
84
85
86
94
95
96
97
98
99
100
101
102
103
104
325
326
327
328
329
330
331
332
22
23
24
25
26
27
79
80
81
82
83
84
85
94
95
96
97
98
99
100
101
102
103
104
325
326
327
328
329
330
331
19
20
21
22
23
24
25
26
27
81
82
83
84
85
93
94
95
96
97
98
99
100
101
102
103
327
328
329
330
19
20
21
22
23
24
25
26
83
84
85
86
93
94
95
96
97
98
99
100
101
102
103
175
176
177
178
322
323
324
0
1
2
19
20
21
22
23
24
25
26
83
84
85
86
93
94
95
96
97
98
99
100
101
102
175
176
177
178
179
320
321
322
323
324
325
0
1
2
21
22
23
24
25
26
84
85
86
99
100
101
175
176
177
178
179
200
201
202
203
204
205
320
321
322
323
324
325
326
0
1
2
21
22
23
24
25
26
175
176
177
178
179
200
201
202
203
204
205
206
320
321
322
323
324
325
326
0
1
2
3
14
15
16
17
20
21
22
23
24
25
26
30
31
32
33
34
175
176
177
200
201
202
203
204
205
206
207
321
322
323
324
325
326
327
0
1
2
3
4
13
14
15
16
17
18
19
20
21
22
30
31
32
33
34
199
200
201
202
203
204
205
206
207
321
322
323
324
325
326
327
0
1
2
3
4
13
14
15
16
17
18
19
20
21
22
30
31
32
33
34
199
200
201
202
203
204
205
206
207
321
322
323
324
325
326
327
1
2
3
4
13
14
15
16
17
18
19
20
21
30
31
32
33
34
199
200
201
202
203
204
205
206
207
208
321
322
323
324
325
326
327
1
2
3
4
16
17
18
19
20
30
31
32
150
151
152
153
197
198
199
200
201
202
203
204
205
206
207
208
325
326
327
1
2
3
17
18
19
20
149
150
151
152
153
197
198
199
200
201
202
203
204
205
206
207
208
325
326
327
17
18
19
20
55
56
57
144
145
146
149
150
151
152
153
197
198
199
200
201
202
203
204
205
206
207
208
17
18
19
20
54
55
56
57
121
122
123
143
144
145
146
149
150
151
152
153
198
199
200
201
17
18
19
51
52
53
54
55
56
57
58
120
121
122
123
143
144
145
146
147
148
149
150
151
198
199
200
51
52
53
54
55
56
57
58
59
120
121
122
123
142
143
144
145
146
147
148
149
150
151
51
52
53
54
55
56
57
58
59
120
121
122
123
142
143
144
145
146
147
148
149
150
51
52
53
54
56
57
58
59
121
122
123
142
143
144
145
146
147
148
149
150
151
52
53
54
57
58
59
121
122
123
142
143
144
145
146
147
148
149
150
151
52
53
54
142
143
144
145
146
147
148
149
150
151
143
144
145
146
147
148
149
150
151
152
94
95
96
143
144
145
146
147
148
149
150
151
152
93
94
95
96
97
98
142
143
144
145
146
147
148
149
150
151
152
153
90
91
92
93
94
95
96
97
98
99
100
101
142
143
144
145
146
147
148
149
150
151
152
153
90
91
92
93
94
95
96
97
98
99
100
101
142
143
144
145
146
148
149
150
151
152
153
88
89
90
91
92
93
94
95
96
97
98
99
100
101
142
143
144
145
146
150
151
152
153
88
89
90
91
92
93
94
95
96
97
98
99
100
142
143
144
145
150
151
152
88
89
90
91
92
93
94
95
96
97
98
99
100
92
93
94
95
96
97
98
99
100
89
90
91
92
93
94
95
96
97
98
99
100
88
89
90
91
92
93
94
95
96
97
98
99
88
89
90
91
92
93
94
95
96
97
98
88
89
90
91
92
93
94
95
96
97
91
92
93
94
95
96
97
61
62
63
61
62
63
57
58
59
61
62
63
55
56
57
58
59
60
61
62
63
64
55
56
57
58
59
60
61
62
63
64
65
66
67
68
69
55
56
57
58
59
60
61
62
63
64
65
66
67
68
69
175
176
177
55
56
57
58
59
60
61
62
63
64
65
66
67
68
69
175
176
177
178
179
56
57
58
59
60
61
62
63
65
66
67
68
174
175
176
177
178
179
180
58
59
60
61
65
66
67
174
175
176
177
178
179
180
58
59
60
61
174
175
176
177
178
179
180
175
176
177
178
179
180
175
176
177
178
179
180
181
182
183
184
175
176
177
179
180
181
182
183
184
156
157
158
178
179
180
181
182
183
184
155
156
157
158
159
160
178
179
180
181
182
183
184
25
26
27
155
156
157
158
159
160
161
177
178
179
180
181
182
183
184
24
25
26
27
155
156
157
158
159
160
161
177
178
179
180
181
182
183
184
24
25
26
27
158
159
160
161
162
177
178
179
180
181
182
183
184
24
25
26
27
157
158
159
160
161
162
178
179
180
181
182
183
184
157
158
159
160
161
162
178
179
180
181
182
183
157
158
159
160
161
179
180
181
182
183
159
160
161
180
181
182
183
76
77
78
79
80
180
181
182
76
77
78
79
80
81
82
76
77
78
79
80
81
82
77
78
79
80
81
82
80
81
82
274
275
276
277
278
279
280
271
272
273
274
275
276
277
278
279
280
270
271
272
273
274
275
276
277
278
279
280
270
271
272
273
274
275
276
277
278
279
270
271
272
273
274
275
276
277
278
279
280
281
282
131
132
133
269
270
271
272
273
274
275
276
277
278
279
280
281
282
283
284
285
286
287
129
130
131
132
133
134
269
270
271
272
273
274
275
276
277
278
279
280
281
282
283
284
285
286
287
129
130
131
132
133
134
269
270
271
272
273
274
275
276
277
278
279
280
281
282
283
284
285
286
287
129
130
131
132
133
134
269
270
271
272
273
274
275
276
277
278
279
280
281
282
283
284
285
286
287
128
129
130
131
132
133
142
143
144
145
184
185
186
269
270
271
272
273
274
275
276
277
278
279
280
281
282
283
284
285
286
287
127
128
129
130
131
132
141
142
143
144
145
183
184
185
186
187
271
272
273
274
275
276
277
278
279
280
281
282
283
284
285
286
287
127
128
129
130
131
132
136
137
138
139
140
141
142
143
144
145
182
183
184
185
186
187
271
272
273
274
275
276
277
278
279
280
281
282
283
284
285
286
127
128
129
130
131
132
136
137
138
139
140
141
142
143
144
145
182
183
184
185
186
187
188
271
272
273
274
275
276
277
278
279
280
281
282
283
284
285
286
135
136
137
138
139
140
141
142
143
144
182
183
184
185
186
187
188
272
273
274
275
276
277
278
279
280
281
282
283
284
134
135
136
137
138
139
140
141
142
143
144
184
185
186
187
188
271
272
273
274
275
276
277
278
279
281
282
283
284
113
114
115
116
117
134
135
136
137
138
139
140
141
142
143
144
205
206
207
271
272
273
274
275
276
277
278
279
280
281
282
283
284
113
114
115
116
117
134
135
136
137
138
139
140
141
142
143
144
205
206
207
208
209
210
211
271
272
273
274
275
276
277
278
279
280
112
113
114
115
116
117
130
131
132
133
134
135
136
137
138
139
140
141
142
143
144
204
205
206
207
208
209
210
211
212
275
276
277
278
279
280
281
112
113
114
115
116
117
129
130
131
132
133
134
135
136
137
138
139
140
141
142
143
144
204
205
206
207
208
209
210
211
212
277
278
279
280
281
282
112
113
114
115
116
117
129
130
131
132
133
134
135
136
137
138
139
140
141
142
143
204
205
206
207
208
209
210
211
212
277
278
279
280
281
282
112
113
114
128
129
130
131
132
133
134
135
136
137
138
139
140
141
142
143
204
205
206
207
208
209
210
211
278
279
280
281
282
128
129
130
131
132
133
134
135
136
137
138
204
205
206
207
208
209
210
128
129
130
131
132
133
134
135
128
129
130
131
132
133
134
135
131
132
133
134
135
132
133
134
135