290
291
292
293
295
296
297
298
299
300
301
302
287
288
289
290
291
292
293
295
296
297
298
299
300
301
302
303
304
287
288
289
290
291
292
293
294
295
296
297
298
299
300
301
302
303
304
106
107
108
287
288
289
290
291
292
293
294
295
296
297
298
299
300
301
302
303
304
104
105
106
107
108
109
110
111
289
290
291
292
293
294
295
296
297
298
299
300
301
302
303
304
103
104
105
106
107
108
109
110
111
112
113
289
290
291
292
293
294
295
296
297
298
299
300
301
302
303
304
103
104
105
106
107
108
109
110
111
112
113
114
289
290
291
292
293
294
295
296
297
298
299
301
302
303
103
104
105
106
107
108
109
110
111
112
113
114
115
116
290
291
292
293
294
295
296
297
298
299
103
104
105
106
107
108
109
110
111
112
113
114
115
116
293
294
295
296
297
298
299
101
102
103
104
105
106
107
108
109
110
111
112
113
114
115
116
117
294
295
296
297
298
49
50
51
100
101
102
103
104
105
106
107
108
109
110
111
112
113
114
115
116
117
294
295
296
49
50
51
52
100
101
102
103
104
105
106
107
108
109
110
111
112
113
114
115
116
117
118
119
120
47
48
49
50
51
52
100
101
102
103
104
105
106
107
108
109
110
111
112
113
114
115
116
117
118
119
120
47
48
49
50
51
52
53
58
59
60
101
102
103
104
105
107
108
109
110
111
112
113
114
115
116
117
118
119
120
47
48
49
50
51
52
53
54
56
57
58
59
60
61
62
101
102
103
105
106
107
108
109
110
111
112
113
114
115
116
117
118
119
47
48
49
50
51
52
53
54
56
57
58
59
60
61
62
105
106
107
108
109
110
111
112
113
114
115
116
117
118
119
47
48
49
50
51
52
53
54
56
57
58
59
60
61
62
105
106
107
108
109
110
111
112
113
114
115
116
117
118
119
46
47
48
49
50
51
52
53
54
55
56
57
58
59
60
61
62
63
64
65
105
106
107
108
109
110
111
112
113
114
115
116
46
47
48
49
50
51
52
53
54
55
56
57
58
59
60
61
62
63
64
65
104
105
106
107
108
109
110
111
112
46
47
48
49
50
51
52
53
54
55
56
57
58
59
60
61
62
63
64
65
104
105
106
107
108
109
110
111
112
45
46
47
48
49
50
51
52
53
54
55
56
57
58
59
60
61
62
63
64
104
105
106
107
108
109
110
111
112
45
46
47
48
49
50
51
52
53
54
58
59
60
106
107
108
109
110
111
112
45
46
47
48
49
50
51
52
53
54
106
107
108
109
47
48
49
50
51
52
53
54
240
241
242
243
244
245
48
49
50
51
52
53
54
55
240
241
242
243
244
245
48
49
50
51
52
53
54
55
240
241
242
243
244
245
48
49
50
51
52
53
54
55
240
241
242
243
244
50
51
52
53
315
316
317
318
319
50
51
52
53
315
316
317
318
319
320
274
275
276
315
316
317
318
319
320
273
274
275
276
277
316
317
318
319
320
273
274
275
276
277
278
273
274
275
276
277
278
273
274
275
276
277
278
279
280
273
274
275
276
277
278
279
280
272
273
274
275
276
277
278
279
280
272
273
274
275
276
277
278
279
280
281
272
273
274
275
276
277
278
279
280
281
274
275
276
277
278
279
280
281
275
276
277
278
279
280
281
276
277
278
279
280
277
278
279
280
136
137
138
243
244
245
246
278
279
280
136
137
138
139
169
170
171
237
238
239
243
244
245
246
136
137
138
139
169
170
171
172
237
238
239
240
241
242
243
244
245
246
134
135
136
137
138
139
169
170
171
172
173
174
176
177
178
237
238
239
240
241
242
243
244
245
87
88
89
90
134
135
136
137
138
139
170
171
172
173
174
175
176
177
178
236
237
238
239
240
241
242
243
244
245
246
87
88
89
90
91
134
135
136
137
138
139
140
169
170
171
172
173
174
175
176
177
178
236
237
238
239
240
241
242
243
244
245
246
68
69
70
87
88
89
90
91
134
135
136
137
138
139
140
169
170
171
172
173
174
175
176
177
236
237
238
239
240
241
242
243
244
245
246
66
67
68
69
70
87
88
89
90
91
134
135
136
137
138
139
140
169
170
171
172
173
174
175
176
177
236
237
238
239
240
241
242
243
244
245
66
67
68
69
70
87
88
89
90
134
135
136
137
138
139
169
170
171
172
173
174
175
236
237
238
239
240
241
242
243
244
245
66
67
68
69
70
87
88
89
169
170
171
172
173
174
236
237
238
239
240
241
242
243
66
67
68
69
70
169
170
171
172
173
174
236
237
238
239
240
241
242
243
68
69
70
102
103
104
127
128
129
172
173
174
236
237
238
239
240
241
242
243
101
102
103
104
124
125
126
127
128
129
237
238
239
240
241
242
101
102
103
104
124
125
126
127
128
129
101
102
103
104
105
124
125
126
127
128
129
130
99
100
101
102
103
104
105
124
125
126
127
128
129
130
99
100
101
102
103
104
105
125
126
127
128
129
130
228
229
230
231
232
78
79
80
81
82
83
84
99
100
101
102
103
104
105
228
229
230
231
232
77
78
79
80
81
82
83
84
85
100
101
102
103
104
105
106
224
225
226
227
228
229
230
231
232
75
76
77
78
79
80
81
82
83
84
85
103
104
105
106
224
225
226
227
228
229
230
231
74
75
76
77
78
79
80
81
82
83
84
85
86
87
103
104
105
106
224
225
226
227
228
229
230
231
324
325
326
327
328
74
75
76
77
78
79
80
81
82
83
84
85
86
87
224
225
226
227
228
229
324
325
326
327
328
329
74
75
76
77
78
79
80
81
82
83
84
85
86
87
225
226
227
228
229
322
323
324
325
326
327
328
329
330
76
77
78
79
80
81
82
83
84
85
86
226
227
228
229
322
323
324
325
326
327
328
329
330
76
77
78
79
80
81
82
83
84
85
86
226
227
228
322
323
324
325
326
327
328
329
330
78
79
80
81
82
83
84
85
322
323
324
325
326
78
79
80
81
82
83
84
85
322
323
324
325
326
327
78
79
80
81
82
83
84
323
324
325
326
327
330
331
332
78
79
80
81
82
83
324
325
326
327
328
329
330
331
332
80
81
82
83
326
327
328
329
330
331
332
80
81
82
83
324
325
326
327
328
329
330
331
332
324
325
326
327
328
329
330
331
332
318
319
320
322
323
324
325
326
327
328
329
330
331
332
333
317
318
319
320
322
323
324
325
326
327
328
329
330
331
332
333
311
312
313
317
318
319
320
321
322
323
324
325
326
327
328
329
330
331
332
333
40
41
42
311
312
313
314
315
316
317
318
319
320
321
322
323
324
325
326
327
328
329
330
331
40
41
42
44
45
46
311
312
313
314
315
316
317
318
319
320
321
322
323
324
325
326
327
328
329
330
331
332
40
41
42
43
44
45
46
47
48
311
312
313
314
315
316
317
318
319
320
321
322
323
324
325
326
327
328
329
330
331
332
40
41
42
43
44
45
46
47
48
313
314
315
316
317
318
319
320
321
322
323
324
325
326
327
328
329
330
331
332
40
41
42
43
44
45
46
47
48
311
312
313
314
315
316
317
318
319
320
321
322
323
324
325
326
327
328
329
330
331
332
40
41
42
43
44
45
46
47
48
311
312
313
314
315
316
317
318
319
320
321
322
323
324
325
326
327
328
329
330
331
332
333
40
41
42
43
44
45
46
47
49
50
51
52
53
311
312
313
314
315
316
317
318
319
320
321
322
323
324
325
326
327
328
330
331
332
333
42
43
44
45
46
47
48
49
50
51
52
53
54
55
56
57
58
59
314
315
316
317
318
319
320
321
322
323
324
325
326
327
328
330
331
332
333
41
42
43
44
45
46
47
48
49
50
51
52
53
54
55
56
57
58
59
314
315
316
317
318
319
320
321
322
323
324
332
333
41
42
43
44
45
46
47
48
49
50
52
53
54
55
56
57
58
59
315
316
317
319
320
321
322
323
324
41
42
43
45
46
47
48
49
50
53
54
55
56
57
58
59
321
322
323
45
46
47
48
53
54
55
56
57
58
59
60
45
46
47
48
53
54
55
56
57
58
59
60
45
46
47
48
51
52
53
54
55
56
57
58
59
60
64
65
66
177
178
179
50
51
52
53
54
55
56
57
58
59
60
64
65
66
177
178
179
180
50
51
52
53
54
55
56
57
58
59
60
62
63
64
65
66
177
178
179
180
181
50
51
52
57
58
59
60
62
63
64
177
178
179
180
181
182
183
184
57
58
59
60
62
63
64
177
178
179
180
181
182
183
184
185
186
56
57
58
59
60
61
62
63
64
65
177
178
179
180
181
182
183
184
185
186
53
54
55
56
57
58
59
60
61
62
63
64
65
130
131
132
178
179
180
181
182
183
184
185
186
53
54
55
56
57
58
59
60
61
62
63
64
65
130
131
132
133
134
135
136
137
138
139
178
179
180
181
182
183
184
185
186
53
54
55
56
57
58
59
60
61
62
63
64
127
128
129
130
131
132
133
134
135
136
137
138
139
140
141
178
179
180
181
182
183
184
53
54
55
56
57
58
59
60
61
62
63
126
127
128
129
130
131
132
133
134
135
136
137
138
139
140
141
179
180
181
182
183
53
54
55
56
57
58
59
60
61
62
63
64
126
127
128
129
130
131
132
133
134
135
136
137
138
139
140
141
179
180
181
54
55
56
57
58
59
60
61
62
63
64
125
126
127
128
129
130
131
132
133
134
135
136
137
138
139
140
36
37
38
54
55
56
57
58
59
60
61
62
63
64
123
124
125
126
127
128
129
130
131
132
133
134
135
136
137
138
139
140
34
35
36
37
38
39
40
46
47
48
54
55
56
57
58
59
60
61
62
63
64
123
124
125
126
127
128
129
130
131
132
133
134
135
136
137
138
139
140
34
35
36
37
38
39
40
46
47
48
54
55
56
57
58
59
60
61
62
63
64
123
124
125
126
127
128
129
130
131
132
133
134
135
136
137
138
34
35
36
37
38
39
40
44
45
46
47
48
55
56
57
58
59
60
61
62
63
64
123
124
125
126
127
128
129
130
131
132
133
134
135
136
137
138
139
33
34
35
36
37
38
39
40
41
42
43
44
45
46
55
56
57
58
59
60
61
124
125
126
127
128
129
130
131
132
133
134
135
136
137
138
139
189
190
191
327
328
329
33
34
35
36
37
38
39
40
41
42
43
44
45
46
58
59
60
125
126
127
128
129
130
131
132
133
134
135
136
137
138
139
188
189
190
191
192
193
327
328
329
330
331
332
333
29
30
31
33
34
35
36
37
38
39
40
41
42
43
44
45
46
125
126
127
128
129
130
131
132
133
134
135
136
137
186
187
188
189
190
191
192
193
324
325
326
327
328
329
330
331
332
333
27
28
29
30
31
33
34
35
36
37
38
39
40
41
42
43
44
45
124
125
126
127
128
129
130
131
132
133
134
135
136
137
159
160
161
162
163
186
187
188
189
190
191
192
193
194
324
325
326
327
328
329
330
331
332
333
27
28
29
30
31
34
35
36
37
38
39
40
41
42
43
44
45
46
124
125
126
127
128
129
130
131
132
133
134
135
136
137
158
159
160
161
162
163
184
185
186
187
188
189
190
191
192
193
194
324
325
326
327
328
329
330
331
332
333
27
28
29
30
31
36
37
38
39
40
41
42
43
44
45
46
124
125
126
127
130
131
132
133
134
135
136
137
158
159
160
161
162
163
164
184
185
186
187
188
189
190
191
192
193
194
195
325
326
327
328
329
330
331
332
333
27
28
29
30
31
32
33
34
38
39
40
41
42
43
44
45
46
125
126
127
132
133
134
158
159
160
161
162
163
164
184
185
186
187
188
189
190
191
192
193
194
195
325
326
327
328
329
330
331
332
333
28
29
30
31
32
33
34
35
36
37
38
39
40
41
42
43
44
45
46
158
159
160
161
162
163
164
184
185
186
187
188
189
190
191
192
193
194
195
324
325
326
327
328
329
330
331
332
333
29
30
31
32
33
34
35
36
37
38
39
40
41
42
43
44
45
46
47
158
159
160
161
162
163
164
165
166
167
184
185
186
187
188
189
190
191
192
193
194
324
325
326
327
328
329
330
331
332
333
29
30
31
32
33
34
35
36
37
38
39
40
41
42
44
45
46
47
154
155
156
157
158
159
160
161
162
163
164
165
166
167
187
188
189
190
191
324
325
326
327
328
329
330
331
332
333
29
30
31
32
33
34
35
36
45
46
47
154
155
156
157
158
159
160
161
162
163
164
165
166
167
325
326
327
328
329
330
331
332
333
32
33
34
35
36
154
155
156
157
158
159
160
161
162
163
164
165
166
167
325
326
327
328
329
330
331
332
333
33
34
35
36
155
156
157
158
159
160
161
162
163
164
165
166
167
168
295
296
297
298
325
326
327
328
329
330
331
332
333
33
34
35
157
158
159
160
161
162
163
164
165
166
167
168
169
293
294
295
296
297
298
316
317
318
319
320
321
322
325
326
327
328
329
330
331
332
333
135
136
137
138
157
158
159
160
161
162
163
164
165
166
167
168
169
170
183
184
185
292
293
294
295
296
297
298
316
317
318
319
320
321
322
323
328
329
330
331
121
122
123
134
135
136
137
138
139
141
142
143
145
146
147
157
158
159
160
161
162
163
164
165
166
167
168
169
170
183
184
185
186
187
290
291
292
293
294
295
296
297
298
299
316
317
318
319
320
321
322
323
324
328
329
330
331
120
121
122
123
124
134
135
136
137
138
139
141
142
143
144
145
146
147
160
161
162
163
164
165
166
168
169
170
183
184
185
186
187
290
291
292
293
294
295
296
297
298
299
315
316
317
318
319
320
321
322
323
324
325
326
328
329
330
120
121
122
123
124
133
134
135
136
137
138
139
140
141
142
143
144
145
146
147
148
160
161
162
163
164
165
166
184
185
186
187
290
291
292
293
294
295
296
297
298
299
315
316
317
318
319
320
321
322
323
324
325
326
119
120
121
122
123
124
133
134
135
136
137
138
139
140
141
142
143
144
145
146
147
148
160
161
162
163
164
165
166
293
294
295
296
315
316
317
318
320
321
322
323
324
325
326
119
120
121
122
123
124
132
133
134
135
136
137
138
139
140
141
142
143
144
145
146
147
148
316
317
318
320
321
322
323
324
119
120
121
122
132
133
134
135
136
137
138
139
140
141
142
143
144
145
132
133
134
135
136
137
138
139
140
141
142
143
131
132
133
134
135
136
137
138
139
140
141
142
143
131
132
133
134
135
136
137
138
139
140
141
142
131
132
133
134
135
136
137
138
139
140
135
136
137
138
218
219
220
225
226
227
228
174
175
176
177
178
216
217
218
219
220
225
226
227
228
229
168
169
170
174
175
176
177
178
216
217
218
219
220
225
226
227
228
229
135
136
137
138
167
168
169
170
171
172
173
174
175
176
177
178
216
217
218
219
220
221
222
225
226
227
228
229
133
134
135
136
137
138
167
168
169
170
171
172
173
174
175
176
177
216
217
218
219
220
221
222
132
133
134
135
136
137
138
167
168
169
170
171
172
173
174
175
176
214
215
216
217
218
219
220
221
222
132
133
134
135
136
137
139
140
141
167
168
169
170
171
172
173
174
175
176
178
179
180
213
214
215
216
217
218
219
220
221
222
305
306
307
132
133
134
135
136
137
138
139
140
141
167
168
169
170
171
172
173
174
175
177
178
179
180
213
214
215
216
217
218
219
220
297
298
299
300
301
302
303
304
305
306
307
308
311
312
313
314
134
135
136
137
138
139
140
141
167
168
169
170
171
172
173
174
175
176
177
178
179
180
181
213
214
215
216
217
218
219
220
297
298
299
300
301
302
303
304
305
306
307
308
310
311
312
313
314
134
135
136
137
138
139
140
141
142
168
169
170
171
172
173
174
175
176
177
178
179
180
181
297
298
299
300
301
302
303
304
305
306
307
308
310
311
312
313
314
135
136
137
138
139
140
141
142
172
173
174
175
176
177
178
179
180
181
298
299
300
301
302
303
304
305
306
307
308
309
310
311
312
313
136
137
138
139
140
141
142
168
169
170
171
172
173
174
175
176
177
178
179
180
298
299
300
301
302
303
304
305
306
307
308
309
310
311
312
313
140
141
142
167
168
169
170
171
172
173
174
175
176
177
178
179
193
194
195
196
298
299
300
301
302
303
304
305
306
307
308
309
310
311
312
313
92
93
94
167
168
169
170
171
172
173
174
175
176
177
178
179
180
192
193
194
195
196
197
297
298
299
300
301
302
303
304
305
306
307
308
309
310
311
312
313
321
322
323
91
92
93
94
95
167
168
169
170
171
172
173
174
175
176
177
178
179
180
192
193
194
195
196
197
293
294
295
296
297
298
299
300
301
302
303
304
305
306
307
308
309
310
311
312
313
320
321
322
323
91
92
93
94
95
169
170
171
172
173
174
175
176
177
178
179
180
192
193
194
195
196
197
224
225
226
292
293
294
295
296
297
298
299
300
301
302
303
304
305
306
307
308
309
310
311
312
313
316
317
318
319
320
321
322
323
91
92
93
94
95
169
170
171
172
173
174
175
176
177
178
192
193
194
195
224
225
226
292
293
294
295
296
297
298
299
300
301
302
303
304
305
306
307
308
309
310
311
312
316
317
318
319
320
321
322
323
92
93
94
95
169
170
171
172
173
174
175
176
177
222
223
224
225
226
227
228
230
231
232
292
293
294
295
296
297
298
299
300
301
302
303
304
305
306
307
308
309
310
311
312
315
316
317
318
319
320
321
322
6
7
8
9
10
117
118
119
122
123
124
125
171
172
173
174
175
176
177
222
223
224
225
226
227
228
229
230
231
232
235
236
237
238
239
294
295
296
297
298
299
300
301
302
303
304
305
306
307
308
309
310
311
312
315
316
317
318
319
320
6
7
8
9
10
11
12
13
109
110
111
117
118
119
120
122
123
124
125
126
171
172
173
174
175
222
223
224
226
227
228
229
230
231
232
233
234
235
236
237
238
239
293
294
295
296
297
300
301
302
303
304
305
306
307
308
309
310
311
312
313
315
316
317
318
319
320
6
7
8
9
10
11
12
13
108
109
110
111
112
113
115
116
117
118
119
120
121
122
123
124
125
126
171
172
173
174
175
226
227
228
229
230
231
232
233
234
235
236
237
238
239
293
294
295
296
300
301
302
303
304
305
306
307
308
309
310
311
312
313
316
317
318
7
8
9
10
11
12
13
108
109
110
111
112
113
114
115
116
117
118
119
120
121
122
123
124
125
126
127
171
172
173
174
175
226
227
228
229
230
231
232
233
234
235
236
237
238
256
257
258
261
262
263
264
265
293
294
295
296
300
301
302
303
304
305
306
307
308
309
310
311
312
313
7
8
9
10
11
12
13
108
109
110
111
112
113
114
115
116
117
118
119
120
121
122
123
124
125
126
127
173
174
175
227
228
229
230
231
232
233
234
235
236
237
238
239
256
257
258
259
260
261
262
263
264
265
294
295
296
302
303
304
305
306
307
308
309
310
311
312
313
7
8
9
10
11
12
13
108
109
110
111
112
113
114
115
116
117
118
119
120
121
122
123
124
125
126
127
227
228
229
230
231
232
233
234
235
236
237
238
239
256
257
258
259
260
261
262
263
264
265
266
303
304
305
306
307
308
309
310
311
312
313
7
8
9
10
11
12
13
107
108
109
110
111
112
113
114
115
116
117
118
119
120
121
122
123
124
125
126
127
227
228
229
230
231
232
233
234
235
236
237
238
239
256
257
258
259
260
261
262
263
264
265
266
306
307
308
309
310
311
312
313
8
9
10
11
12
13
107
108
109
110
111
112
113
114
115
116
117
118
119
120
121
122
123
124
125
126
127
227
228
229
230
233
234
235
236
237
238
257
258
259
260
261
262
263
264
265
266
267
306
307
308
309
310
311
312
313
8
9
10
11
12
13
107
108
109
110
111
112
113
114
115
116
117
118
119
120
121
122
123
124
125
126
127
227
228
229
230
233
234
235
236
237
238
257
258
259
260
261
262
263
264
265
266
267
306
307
308
309
310
311
8
9
10
11
12
13
108
109
110
111
112
113
114
115
116
117
118
119
120
121
122
123
124
125
126
127
227
228
229
233
234
235
258
259
260
261
262
263
264
265
266
267
307
308
309
310
311
108
109
110
111
112
113
114
115
116
117
118
119
120
121
122
123
124
125
126
127
233
234
235
259
260
261
262
263
264
265
266
307
308
309
310
107
108
109
110
111
112
113
114
115
116
117
118
119
120
121
122
123
124
125
126
127
259
260
261
262
263
264
265
266
308
309
310
107
108
109
110
111
112
113
115
116
117
118
119
120
121
122
123
124
125
126
259
260
261
262
263
264
265
266
107
108
109
110
111
112
113
115
116
117
118
119
120
121
122
123
124
125
259
260
261
262
263
264
265
266
108
109
110
111
112
113
116
117
118
119
120
123
124
125
260
261
262
263
264
265
108
109
110
111
112
113
263
264
265
109
110
111
112
113
109
110
111
112
113
110
111
112
113
111
112
113
108
109
110
292
293
294
108
109
110
111
290
291
292
293
294
295
108
109
110
111
112
290
291
292
293
294
295
296
108
109
110
111
112
290
291
292
293
294
295
296
297
110
111
112
286
287
288
289
290
291
292
293
294
295
296
297
298
299
286
287
288
289
290
291
292
293
294
295
296
297
298
299
300
285
286
287
288
289
290
291
292
293
294
295
296
297
298
299
300
285
286
287
288
289
290
291
292
293
294
295
296
297
298
299
300
192
193
194
195
196
285
286
287
288
289
290
291
292
293
294
295
296
297
298
299
300
192
193
194
195
196
198
199
200
291
292
293
295
296
297
298
299
300
189
190
191
192
193
194
195
196
197
198
199
200
1
2
3
5
6
7
188
189
190
191
192
193
194
195
196
197
198
199
200
1
2
3
5
6
7
8
9
188
189
190
191
192
193
194
195
196
197
198
199
200
201
0
1
2
3
4
5
6
7
8
9
10
188
189
190
191
192
193
194
195
196
197
198
199
200
201
0
1
2
3
4
5
6
7
8
9
10
188
189
190
191
192
193
194
195
196
197
198
199
200
201
203
204
205
206
0
1
2
3
4
5
6
7
8
9
10
189
190
191
192
193
194
195
196
197
198
199
200
201
203
204
205
206
0
1
2
3
4
5
6
7
8
9
189
190
191
192
193
194
196
197
198
199
200
203
204
205
206
0
1
2
3
4
5
6
7
8
9
191
192
193
194
196
197
198
199
200
203
204
205
0
1
2
3
4
5
6
7
8
9
0
1
2
3
4
5
6
7
8
9
10
1
2
3
4
5
6
7
8
9
10
11
1
2
3
4
5
6
7
8
9
10
11
2
3
4
5
6
7
8
9
10
11
3
4
5
6
7
8
9
10
3
4
5
6
7
8
9
3
4
5
6
7
8
3
4
5
2
3
4
5
2
3
4
5
6
7
8
9
1
2
3
4
5
6
7
8
9
10
187
188
189
190
191
1
2
3
4
5
6
7
8
9
10
187
188
189
190
191
1
2
3
4
5
6
7
8
9
10
187
188
189
190
191
192
193
1
2
3
4
5
6
7
8
9
10
187
188
189
190
191
192
193
1
2
3
4
5
6
7
8
9
10
187
188
189
190
191
192
193
239
240
241
242
0
1
2
3
4
5
6
7
8
9
10
187
188
189
190
191
235
236
237
238
239
240
241
242
0
1
2
3
4
5
6
7
8
9
10
188
189
190
235
236
237
238
239
240
241
242
0
1
2
3
4
5
6
7
8
233
234
235
236
237
238
239
240
241
242
243
4
5
6
7
233
234
235
236
237
238
239
240
241
242
243
173
174
175
176
233
234
235
236
237
238
239
240
241
242
243
171
172
173
174
175
176
235
236
237
238
239
240
241
242
171
172
173
174
175
176
235
236
237
238
239
240
241
171
172
173
174
175
176
237
238
239
240
241
242
199
200
201
204
205
206
207
237
238
239
240
241
242
198
199
200
201
204
205
206
207
237
238
239
240
241
242
198
199
200
201
202
203
204
205
206
207
208
237
238
239
196
197
198
199
200
201
202
203
204
205
206
207
208
237
238
239
196
197
198
199
200
201
202
203
204
205
206
207
208
196
197
198
199
200
201
202
203
204
205
206
207
208
209
272
273
274
8
9
10
11
196
197
198
199
200
201
202
203
204
205
206
207
208
209
272
273
274
8
9
10
11
12
13
14
15
195
196
197
198
199
200
201
202
203
204
205
206
207
208
209
271
272
273
274
8
9
10
11
12
13
14
15
16
195
196
197
198
199
200
201
202
203
204
205
206
207
208
209
264
265
266
269
270
271
272
273
274
275
276
277
278
7
8
9
10
11
12
13
14
15
16
17
195
196
197
198
199
200
201
202
203
204
205
206
263
264
265
266
269
270
271
272
273
274
275
276
277
278
279
7
8
9
10
11
12
13
14
15
16
17
193
194
195
196
197
198
199
200
201
202
203
204
205
206
207
263
264
265
266
267
268
269
270
271
272
273
274
275
276
277
278
279
7
8
9
10
11
12
13
14
15
16
17
18
193
194
195
196
197
198
199
200
201
202
203
204
205
206
207
260
261
262
263
264
265
266
267
268
269
270
271
272
273
274
275
276
277
278
279
280
281
7
8
9
10
11
12
13
15
16
17
18
193
194
195
196
197
198
199
200
201
202
204
205
206
207
260
261
262
263
264
265
266
267
268
269
270
271
272
273
274
275
276
277
278
279
280
281
7
8
9
10
11
12
13
16
17
18
193
194
195
196
197
198
199
200
201
202
260
261
262
263
264
265
266
267
268
269
270
271
272
273
274
275
276
277
278
279
280
281
7
8
9
10
11
12
13
14
15
16
17
18
19
193
194
195
196
197
198
199
200
201
202
260
261
262
263
264
265
266
267
268
269
270
271
272
273
274
275
276
277
278
279
7
8
9
10
11
12
13
14
15
16
17
18
19
20
21
22
23
24
25
200
201
202
260
261
262
263
264
265
266
267
268
269
270
271
272
273
274
275
276
277
278
7
8
9
10
11
12
13
14
15
16
17
18
19
20
21
22
23
24
25
26
263
264
265
266
267
268
270
271
272
273
274
275
276
277
10
11
12
13
14
15
16
17
18
19
20
21
22
23
24
25
26
27
28
256
257
258
263
264
265
266
267
268
270
271
272
273
274
275
10
11
12
15
16
17
18
19
20
21
22
23
24
25
26
27
28
217
218
219
254
255
256
257
258
259
264
265
266
267
268
270
271
272
273
274
275
10
11
12
15
16
17
18
19
20
21
22
23
24
25
26
27
28
217
218
219
220
253
254
255
256
257
258
259
260
261
262
263
264
265
266
267
268
271
272
273
274
275
15
16
17
24
25
26
27
28
217
218
219
220
250
251
252
253
254
255
256
257
258
259
260
261
262
263
264
265
266
267
271
272
273
20
21
22
23
24
25
26
27
28
218
219
220
248
249
250
251
252
253
254
255
256
257
258
259
260
261
262
263
264
265
271
272
273
20
21
22
23
24
25
26
27
28
216
217
218
219
220
221
246
247
248
249
250
251
252
253
254
255
256
257
258
259
260
261
262
263
264
20
21
22
23
24
25
26
27
216
217
218
219
220
221
246
247
248
249
250
251
252
253
254
255
256
257
258
259
260
261
262
263
264
20
21
22
23
24
25
26
27
216
217
218
219
220
221
246
247
248
249
250
251
252
253
254
255
256
257
258
259
260
261
262
263
264
16
17
18
19
20
21
22
23
24
25
26
27
218
219
220
221
246
247
248
249
250
251
252
253
254
255
256
257
258
259
260
261
262
263
264
265
13
14
15
16
17
18
19
20
21
22
23
24
25
26
27
218
219
220
221
247
248
249
250
251
252
253
254
255
256
257
258
259
260
261
262
263
264
265
13
14
15
16
17
18
19
20
21
22
23
24
25
26
27
247
248
249
250
251
252
253
254
255
256
257
258
259
260
261
262
263
264
265
13
14
15
16
17
18
19
20
21
22
23
24
25
26
27
250
251
252
253
254
255
256
257
258
259
260
261
262
263
264
265
266
0
1
2
14
15
16
17
18
19
20
21
22
23
24
25
248
249
250
251
252
253
254
255
256
257
258
259
260
261
262
263
264
265
266
0
1
2
3
14
15
16
17
18
19
20
21
22
23
24
25
247
248
249
250
251
252
253
254
255
256
257
258
259
260
261
262
263
264
265
266
0
1
2
3
15
16
17
18
19
20
21
22
23
24
25
181
182
183
184
247
248
249
250
255
256
257
258
259
260
261
262
263
264
265
0
1
2
3
16
17
18
19
20
21
22
23
181
182
183
184
185
186
187
247
248
249
256
257
258
261
262
263
0
1
2
16
17
18
19
20
21
22
23
180
181
182
183
184
185
186
187
16
17
18
19
20
21
22
177
178
179
180
181
182
183
184
185
186
187
17
18
19
20
21
22
176
177
178
179
180
181
182
183
184
185
186
187
239
240
241
17
18
19
20
21
176
177
178
179
180
181
182
183
184
185
186
187
188
239
240
241
242
243
270
271
272
273
274
275
19
20
21
173
174
175
176
177
178
179
180
181
182
183
184
185
186
187
188
238
239
240
241
242
243
269
270
271
272
273
274
275
173
174
175
176
177
178
179
180
181
182
183
184
185
186
187
188
238
239
240
241
242
243
244
269
270
271
272
273
274
275
173
174
175
176
177
178
179
180
181
182
183
184
185
186
187
238
239
240
241
242
243
244
269
270
271
272
273
274
275
173
174
175
176
177
178
179
180
181
182
183
184
185
186
235
236
237
238
239
240
241
242
243
244
245
173
174
175
176
177
178
179
180
181
182
183
184
186
187
188
235
236
237
238
239
240
241
242
243
244
245
173
174
175
176
177
178
179
181
182
183
184
185
186
187
188
235
236
237
238
239
240
241
242
243
244
245
67
68
69
173
174
175
176
177
178
179
180
181
182
183
184
185
186
187
188
235
236
237
238
239
240
241
242
243
244
245
67
68
69
70
174
175
176
177
178
179
180
181
182
183
184
185
186
187
235
236
237
238
239
240
241
242
243
244
245
67
68
69
70
71
72
175
176
177
178
179
180
181
182
183
184
185
186
187
235
236
237
238
239
240
241
243
244
245
67
68
69
70
71
72
177
178
179
180
181
182
183
184
185
186
187
235
236
237
238
239
240
241
65
66
67
68
69
70
71
72
177
178
179
180
181
182
183
184
185
186
187
235
236
237
238
239
240
241
65
66
67
68
69
70
71
177
178
179
180
181
182
183
184
185
186
187
188
189
235
236
237
238
65
66
67
68
69
70
71
178
179
180
181
182
183
184
185
186
187
188
189
236
237
238
67
68
69
70
71
178
179
180
181
182
183
184
185
186
187
188
189
190
191
68
69
70
178
179
180
181
182
183
184
185
186
187
188
189
190
191
179
180
181
182
183
184
185
186
187
188
189
190
191
179
180
181
182
183
184
186
187
188
189
190
187
188
189
190
187
188
189
190
191
192
193
194
195
249
250
251
187
188
189
190
191
192
193
194
195
196
249
250
251
252
253
187
188
189
190
191
192
193
194
195
196
197
249
250
251
252
253
187
188
189
190
191
192
193
194
195
196
197
198
249
250
251
252
253
188
189
190
191
192
193
194
195
196
197
198
249
250
251
252
253
187
188
189
190
191
192
193
194
195
196
197
198
249
250
251
252
253
187
188
189
190
191
192
193
194
195
196
197
198
187
188
189
190
191
192
193
194
195
196
197
198
171
172
173
188
189
190
191
192
193
196
197
198
168
169
170
171
172
173
189
190
191
192
82
83
84
167
168
169
170
171
172
173
79
80
81
82
83
84
165
166
167
168
169
170
171
172
173
174
175
176
177
222
223
224
78
79
80
81
82
83
84
85
165
166
167
168
169
170
171
172
173
174
175
176
177
178
221
222
223
224
225
78
79
80
81
82
83
84
85
165
166
167
168
169
170
171
172
173
174
175
176
177
178
179
180
218
219
220
221
222
223
224
225
226
77
78
79
80
81
82
83
84
85
165
166
167
168
169
170
171
172
173
174
175
176
177
178
179
180
218
219
220
221
222
223
224
225
226
77
78
79
80
81
82
165
166
167
168
169
170
171
172
173
174
175
176
177
178
179
180
218
219
220
221
222
223
224
225
226
292
293
294
14
15
16
77
78
79
80
81
82
172
173
174
175
176
177
178
179
180
219
220
221
222
223
224
225
292
293
294
295
321
322
323
13
14
15
16
78
79
80
81
82
172
173
174
175
176
177
178
179
180
219
220
221
222
223
224
225
226
227
236
237
238
291
292
293
294
295
321
322
323
324
13
14
15
16
80
81
82
172
173
174
178
179
180
219
220
221
222
223
224
225
226
227
236
237
238
239
240
290
291
292
293
294
295
321
322
323
324
325
326
327
13
14
15
16
220
221
222
223
224
225
226
227
236
237
238
239
240
290
291
292
293
294
295
320
321
322
323
324
325
326
327
13
14
15
16
179
180
181
224
225
226
237
238
239
240
285
286
287
290
291
292
293
294
319
320
321
322
323
324
325
326
327
14
15
16
177
178
179
180
181
237
238
239
285
286
287
288
290
291
292
293
294
295
319
320
321
322
323
324
325
177
178
179
180
181
280
281
282
285
286
287
288
289
290
291
292
293
294
295
296
319
320
321
322
323
324
325
173
174
175
176
177
178
179
180
181
279
280
281
282
286
287
288
289
290
291
292
293
294
295
296
297
320
321
322
323
324
325
326
327
173
174
175
176
177
178
179
180
181
279
280
281
282
286
287
288
289
290
291
292
293
294
295
296
297
319
320
321
322
323
324
325
326
327
173
174
175
176
177
178
179
180
279
280
281
282
283
284
285
286
287
288
289
290
291
292
293
294
295
296
297
319
320
321
322
323
324
325
326
327
174
175
176
177
280
281
282
283
284
285
286
287
288
289
290
291
292
293
294
295
296
297
318
319
320
321
322
325
326
327
173
174
175
176
177
280
281
282
283
284
285
286
287
288
289
290
291
292
293
294
295
296
297
318
319
320
321
322
173
174
175
176
177
280
281
282
283
284
285
286
287
288
289
290
291
292
293
294
295
296
318
319
320
167
168
169
173
174
175
279
280
281
282
283
284
285
286
287
288
289
290
291
292
293
294
295
296
166
167
168
169
170
278
279
280
281
282
283
284
285
286
287
288
289
290
291
293
294
295
296
166
167
168
169
170
278
279
280
281
282
283
284
285
286
287
288
289
290
291
293
294
295
165
166
167
168
169
170
171
278
279
280
281
282
287
288
289
290
165
166
167
168
169
170
171
165
166
167
168
169
170
171
160
161
162
163
165
166
167
168
169
170
160
161
162
163
164
165
166
167
168
169
170
160
161
162
163
164
165
166
167
168
169
170
171
160
161
162
163
164
165
166
167
168
169
170
171
172
157
158
159
160
161
162
163
164
165
166
167
168
169
170
171
172
157
158
159
160
161
162
163
164
165
166
167
168
169
170
171
172
157
158
159
160
161
162
163
164
165
166
167
168
169
170
171
156
157
158
159
160
161
162
163
164
165
166
167
168
169
324
325
326
155
156
157
158
159
160
161
162
163
164
165
166
167
168
169
322
323
324
325
326
155
156
157
158
159
160
161
162
163
165
166
167
168
322
323
324
325
326
155
156
157
165
166
167
168
322
323
324
325
326
165
166
167
322
323
324
325
322
323
324
236
237
238
236
237
238
239
236
237
238
239
240
236
237
238
239
240
237
238
239
240