131
132
133
134
135
136
137
277
278
279
280
281
282
283
284
130
131
132
133
134
135
136
137
138
277
278
279
280
281
282
283
284
130
131
132
133
134
135
136
137
138
244
245
246
247
248
280
281
282
283
284
130
131
132
133
134
135
136
137
138
242
243
244
245
246
247
248
280
281
282
35
36
37
38
131
132
133
134
135
136
137
241
242
243
244
245
246
247
248
249
250
251
252
35
36
37
38
131
132
133
134
135
136
137
138
139
140
141
142
143
241
242
243
244
245
246
247
248
249
250
251
252
35
36
37
38
131
132
133
134
135
136
137
138
139
140
141
142
143
239
240
241
242
243
244
245
246
247
248
249
250
251
252
267
268
269
270
35
36
37
131
132
133
134
135
136
137
138
139
140
141
142
143
239
240
241
242
243
244
245
246
247
248
249
250
251
266
267
268
269
270
271
131
132
133
136
137
138
139
140
141
142
143
238
239
240
241
242
243
244
245
246
247
248
249
250
251
265
266
267
268
269
270
271
138
139
140
141
142
238
239
240
241
242
243
244
245
246
247
248
249
250
251
264
265
266
267
268
269
270
271
272
273
274
275
138
139
140
141
142
237
238
239
240
241
242
243
244
245
246
247
248
249
250
251
264
265
266
267
268
269
270
271
272
273
274
275
276
138
139
140
141
142
165
166
167
237
238
239
240
241
242
243
244
245
246
247
248
249
264
265
266
267
268
269
270
271
272
273
274
275
276
140
141
142
163
164
165
166
167
168
237
238
239
240
241
242
243
244
245
246
247
248
249
267
268
269
270
271
272
273
274
275
276
162
163
164
165
166
167
168
238
239
240
241
242
243
244
245
246
247
248
249
250
251
266
267
268
269
270
271
272
273
274
275
328
329
330
160
161
162
163
164
165
166
167
168
238
239
240
241
242
243
244
245
246
247
248
249
250
251
254
255
256
265
266
267
268
269
270
271
272
273
274
275
327
328
329
330
160
161
162
163
164
165
166
167
168
239
240
241
242
243
244
245
246
247
248
249
250
251
252
253
254
255
256
265
266
267
268
271
272
273
274
326
327
328
329
330
332
333
160
161
162
163
164
165
166
167
168
239
240
241
242
243
244
245
246
247
248
249
250
251
252
253
254
255
256
265
266
267
326
327
328
329
330
331
332
333
162
163
164
165
166
167
168
240
241
242
243
244
245
246
247
248
249
250
251
252
253
254
255
256
324
325
326
327
328
329
330
331
332
333
164
165
166
167
168
242
243
244
245
246
247
250
251
252
253
254
255
324
325
326
327
328
329
330
331
332
333
108
109
110
164
165
166
167
168
250
251
252
253
254
255
324
325
326
327
328
329
330
331
332
108
109
110
111
117
118
119
122
123
124
164
165
166
167
168
250
251
252
253
254
325
326
327
328
329
330
331
332
107
108
109
110
111
113
114
115
116
117
118
119
120
121
122
123
124
164
165
166
252
253
254
107
108
109
110
111
113
114
115
116
117
118
119
120
121
122
123
124
328
329
330
106
107
108
109
113
114
115
116
117
118
119
120
121
122
123
124
328
329
330
106
107
108
109
114
115
116
117
118
119
120
121
122
123
124
328
329
330
106
107
108
109
115
116
117
118
120
121
122
169
170
171
327
328
329
330
331
116
117
118
119
120
121
169
170
171
172
175
176
177
327
328
329
330
331
116
117
118
119
120
121
122
123
169
170
171
172
173
175
176
177
178
179
180
327
328
329
330
331
116
117
118
119
120
121
122
123
164
165
166
168
169
170
171
172
173
174
175
176
177
178
179
180
329
330
331
116
117
118
119
120
121
122
123
164
165
166
167
168
169
170
171
172
173
174
175
176
177
178
179
180
116
117
118
119
120
164
165
166
167
168
169
170
171
172
173
174
175
176
177
178
179
180
181
182
183
117
118
119
165
166
167
168
169
170
171
172
173
174
175
176
177
178
179
180
181
182
183
243
244
245
165
166
167
168
169
170
171
172
173
174
175
176
177
178
179
180
181
182
183
243
244
245
246
247
143
144
145
165
166
167
168
169
170
171
172
173
174
175
176
177
178
179
180
181
243
244
245
246
247
248
249
142
143
144
145
146
165
166
167
168
169
170
171
172
173
174
175
176
177
178
179
180
181
182
183
184
243
244
245
246
247
248
249
141
142
143
144
145
146
166
167
168
169
170
171
172
173
174
175
176
177
178
179
180
181
182
183
184
185
186
243
244
245
246
247
248
249
250
141
142
143
144
145
146
147
148
149
168
169
170
171
172
173
174
175
176
177
178
179
180
181
182
183
184
185
186
243
244
245
246
247
248
249
250
140
141
142
143
144
145
146
147
148
149
150
173
174
175
176
177
178
179
180
181
182
183
184
185
186
187
188
242
243
244
245
246
247
248
249
250
251
139
140
141
142
143
144
145
146
147
148
149
150
173
174
175
176
177
178
179
180
181
182
183
184
185
186
187
188
238
239
240
241
242
243
244
245
246
247
248
249
250
251
252
139
140
141
142
143
144
145
146
147
148
149
150
173
174
175
176
177
178
179
180
181
182
183
184
185
186
187
188
238
239
240
241
242
243
244
245
246
247
248
249
250
251
252
286
287
288
139
140
141
142
143
144
145
146
147
148
149
150
151
173
174
175
176
177
178
179
180
181
182
183
184
185
186
187
188
238
239
240
241
242
243
244
245
246
247
248
249
250
251
252
253
254
286
287
288
304
305
306
307
308
65
66
67
68
70
71
72
139
140
141
142
143
144
145
146
147
148
149
150
151
174
175
176
177
178
179
180
181
182
184
185
186
187
239
240
241
242
243
244
245
246
247
248
249
250
251
252
253
254
256
257
258
284
285
286
287
288
303
304
305
306
307
308
309
310
61
62
63
64
65
66
67
68
69
70
71
72
73
136
137
138
139
140
141
142
143
144
145
146
147
148
149
150
151
177
178
179
180
181
182
185
186
187
236
237
238
239
240
241
242
243
244
245
246
247
248
249
250
251
252
253
254
255
256
257
258
259
284
285
286
287
301
302
303
304
305
306
307
308
309
310
61
62
63
64
65
66
67
68
69
70
71
72
73
74
136
137
138
139
140
141
142
143
144
145
146
147
148
149
150
151
177
178
179
180
181
182
185
186
187
236
237
238
239
240
241
242
243
244
245
246
247
248
249
250
251
252
253
254
255
256
257
258
259
284
285
286
287
301
302
303
304
305
306
307
308
309
310
61
62
63
64
65
66
67
68
69
70
71
72
73
74
136
137
138
139
140
141
142
143
144
145
146
147
148
149
150
151
152
153
236
237
238
239
240
241
242
243
244
245
246
247
248
249
250
251
252
253
254
255
256
257
258
259
301
302
303
304
305
306
307
308
309
310
61
62
63
64
65
66
67
68
69
70
71
72
73
74
136
137
138
139
140
141
142
143
144
145
146
147
148
149
150
151
152
153
237
238
239
240
241
242
243
244
245
246
247
248
249
250
251
252
253
254
255
256
257
258
259
301
302
303
304
305
306
307
308
309
310
61
62
63
64
65
66
67
68
69
70
71
94
95
96
97
135
136
137
138
139
140
141
142
143
144
145
146
147
148
149
150
151
152
153
237
238
239
240
241
242
243
244
245
246
247
248
249
250
251
252
253
254
255
256
257
258
259
299
300
301
302
303
304
305
306
307
308
309
310
60
61
62
63
64
65
66
67
68
69
70
71
94
95
96
97
98
99
100
134
135
136
137
138
139
140
141
142
143
144
145
146
147
148
149
150
151
152
153
237
238
239
240
241
242
243
244
245
246
247
248
249
250
251
252
253
254
255
256
257
258
299
300
301
302
303
304
305
306
307
308
309
310
60
61
62
63
64
65
66
67
68
69
70
71
94
95
96
97
98
99
100
101
134
135
136
137
139
140
141
142
143
144
145
146
147
148
151
152
153
237
238
239
240
241
242
243
244
245
246
247
248
249
250
251
252
253
254
255
256
257
258
298
299
300
301
302
303
304
305
306
307
308
309
60
61
62
63
64
65
66
67
68
69
70
71
95
96
97
98
99
100
101
134
135
136
139
140
141
151
152
153
241
242
243
244
245
246
247
248
249
250
251
252
253
254
255
256
257
298
299
300
301
302
303
304
305
306
307
308
309
60
61
62
63
64
65
66
67
68
69
70
71
97
98
99
100
101
151
152
153
242
243
244
245
246
247
248
249
250
251
252
253
254
255
256
257
296
297
298
299
300
301
302
303
304
305
306
307
308
309
60
61
62
63
64
65
66
67
68
69
70
71
97
98
99
100
101
151
152
153
242
243
244
245
246
247
248
249
250
251
252
253
254
255
256
257
296
297
298
299
300
301
302
303
304
305
306
307
60
61
62
63
64
65
66
67
68
69
70
97
98
99
100
101
244
245
246
247
248
249
250
251
252
253
296
297
298
299
300
301
302
303
304
305
306
61
62
63
64
65
66
67
68
69
70
97
98
99
100
245
246
247
248
249
250
251
252
253
297
298
299
300
301
302
303
304
305
306
61
62
63
64
65
66
67
68
69
70
245
246
247
248
249
250
281
282
283
284
299
300
301
302
303
304
305
61
62
63
64
65
66
67
68
69
70
245
246
247
248
249
250
279
280
281
282
283
284
299
300
301
302
303
304
305
63
64
65
66
67
68
69
70
278
279
280
281
282
283
284
285
300
301
302
303
64
65
66
67
68
277
278
279
280
281
282
283
284
285
300
301
302
303
64
65
66
67
68
276
277
278
279
280
281
282
283
284
285
64
65
66
67
68
242
243
244
245
246
276
277
278
279
280
281
282
283
284
285
242
243
244
245
246
275
276
277
278
279
280
281
282
283
284
285
286
242
243
244
245
246
275
276
277
278
279
280
281
282
283
284
285
286
243
244
245
246
275
276
277
278
279
283
284
285
286
243
244
245
246
247
275
276
277
278
279
283
284
285
242
243
244
245
246
247
276
277
278
279
242
243
244
245
246
247
268
269
270
271
272
273
276
277
278
242
243
244
268
269
270
271
272
273
268
269
270
271
272
273
274
275
276
300
301
302
303
269
270
271
272
273
274
275
276
299
300
301
302
303
304
305
306
269
270
271
272
273
274
275
276
277
279
280
281
299
300
301
302
303
304
305
306
243
244
245
246
269
270
271
272
273
274
275
276
277
279
280
281
282
299
300
301
302
303
304
305
306
145
146
147
243
244
245
246
269
270
271
272
273
274
275
276
277
278
279
280
281
282
299
300
301
302
303
304
305
306
141
142
143
144
145
146
147
243
244
245
246
247
269
270
271
272
273
274
275
276
277
278
279
280
281
282
302
303
304
305
306
71
72
73
141
142
143
144
145
146
147
242
243
244
245
246
247
248
269
270
271
272
273
274
275
276
277
278
279
280
281
282
71
72
73
138
139
140
141
142
143
144
145
146
147
242
243
244
245
246
247
248
269
270
271
275
276
277
278
279
280
281
282
71
72
73
74
75
138
139
140
141
142
143
144
145
146
242
243
244
246
247
248
276
277
278
279
280
281
282
71
72
73
74
75
76
138
139
140
141
142
143
144
145
146
242
243
244
276
277
278
279
280
281
72
73
74
75
76
138
139
140
141
142
143
144
145
146
276
277
278
279
280
2
3
4
70
71
72
73
74
75
76
138
139
140
141
142
143
144
145
146
147
148
149
150
277
278
279
280
0
1
2
3
4
50
51
52
53
54
70
71
72
73
74
75
76
139
140
141
142
143
144
145
146
147
148
149
150
151
152
153
0
1
2
3
4
5
6
50
51
52
53
54
70
71
72
73
142
143
144
145
146
147
148
149
150
151
152
153
0
1
2
3
4
5
6
7
8
50
51
52
53
54
71
72
73
142
143
144
145
146
147
148
149
150
151
152
153
0
1
2
3
4
5
6
7
8
51
52
53
142
143
144
145
146
147
148
149
150
151
152
0
1
2
3
4
5
6
7
8
142
143
144
145
146
147
148
149
0
1
2
3
4
5
6
142
143
144
147
148
149
110
111
112
113
114
115
109
110
111
112
113
114
115
116
117
118
108
109
110
111
112
113
114
115
116
117
118
119
120
108
109
110
111
112
113
114
115
116
117
118
119
120
121
108
109
110
111
112
113
114
115
116
117
118
119
120
121
108
109
110
111
112
113
114
115
116
117
118
119
120
121
122
123
130
131
132
108
109
110
111
112
113
114
115
116
117
118
119
120
121
122
123
124
125
126
129
130
131
132
133
108
109
110
111
112
113
114
115
116
117
118
119
120
121
122
123
124
125
126
128
129
130
131
132
133
110
111
112
113
114
115
116
117
118
119
120
121
122
123
124
125
126
128
129
130
131
132
133
134
135
110
111
112
113
114
115
116
117
118
119
120
121
122
123
124
128
129
130
133
134
135
136
137
111
112
113
114
115
116
117
118
119
120
121
127
128
129
130
131
132
133
134
135
136
137
138
111
112
113
114
115
116
117
118
119
120
121
127
128
129
130
131
132
133
134
135
136
137
138
30
31
32
33
34
35
115
116
117
118
119
120
121
127
128
129
130
131
132
133
134
135
136
137
138
30
31
32
33
34
35
36
37
38
116
117
118
119
120
121
127
128
129
130
131
132
133
134
135
136
137
138
207
208
209
210
211
212
28
29
30
31
32
33
34
35
36
37
38
127
128
129
130
131
132
133
134
135
136
137
138
207
208
209
210
211
212
0
1
2
27
28
29
30
31
32
33
34
35
36
37
38
127
128
129
130
131
132
133
134
135
136
137
138
207
208
209
210
211
212
0
1
2
3
4
5
6
27
28
29
30
31
32
33
34
35
36
37
38
127
128
129
130
131
134
135
136
137
138
208
209
210
211
212
213
214
0
1
2
3
4
5
6
7
27
28
29
30
31
32
33
34
35
36
37
208
209
210
211
212
213
214
0
1
2
3
4
5
6
7
26
27
28
29
30
31
32
33
34
35
36
37
204
205
206
207
209
210
211
212
213
214
0
1
2
3
4
5
6
7
26
27
28
29
30
31
34
35
36
37
203
204
205
206
207
209
210
211
212
213
0
1
2
3
4
5
6
7
26
27
28
29
30
35
36
37
203
204
205
206
207
0
1
2
3
4
5
6
7
203
204
205
206
0
1
2
3
4
5
6
7
8
9
203
204
205
0
1
2
3
4
5
6
7
8
9
134
135
136
203
204
205
0
1
2
3
4
5
6
7
8
9
133
134
135
136
137
138
1
2
3
4
5
6
133
134
135
136
137
138
2
3
4
133
134
135
136
137
138
203
204
205
134
135
136
137
138
139
140
201
202
203
204
205
133
134
135
136
137
138
139
140
141
142
201
202
203
204
205
133
134
135
136
137
138
139
140
141
142
199
200
201
202
203
204
205
133
134
135
136
137
138
139
140
141
142
199
200
201
202
203
204
205
134
135
136
137
138
139
140
141
142
199
200
201
202
203
134
135
136
137
138
139
140
141
142
143
144
199
200
201
202
203
134
135
136
137
138
139
140
141
142
143
144
199
200
201
202
134
135
136
137
138
139
140
141
142
143
144
134
135
136
137
138
139
140
141
142
143
194
195
196
15
16
17
18
135
136
137
138
139
140
141
142
143
166
167
168
189
190
191
193
194
195
196
197
198
15
16
17
18
21
22
23
27
28
29
135
136
137
138
139
140
141
142
143
144
145
166
167
168
169
170
171
172
173
186
187
188
189
190
191
193
194
195
196
197
198
292
293
294
295
296
297
298
13
14
15
16
17
18
21
22
23
24
25
26
27
28
29
135
136
137
138
139
140
141
142
143
144
145
166
167
168
169
170
171
172
173
186
187
188
189
190
191
193
194
195
196
197
198
199
292
293
294
295
296
297
298
12
13
14
15
16
17
18
19
20
21
22
23
24
25
26
27
28
29
84
85
86
137
138
139
140
141
142
143
144
145
167
168
169
170
171
172
173
186
187
188
189
190
191
192
193
194
195
196
197
198
199
290
291
292
293
294
295
296
297
298
323
324
325
326
12
13
14
15
16
17
18
19
20
21
22
23
24
25
26
27
28
29
83
84
85
86
137
138
139
140
141
142
143
144
167
168
169
170
171
172
173
175
176
177
180
181
182
188
189
190
191
192
193
194
195
196
197
198
199
290
291
292
293
294
295
296
297
321
322
323
324
325
326
327
12
13
14
15
16
17
18
19
20
21
22
23
24
25
26
27
28
29
83
84
85
86
141
142
143
144
169
170
171
172
173
174
175
176
177
180
181
182
187
188
189
190
191
192
193
194
195
196
197
198
199
290
291
292
293
294
295
296
297
321
322
323
324
325
326
327
328
12
13
14
15
16
17
18
19
20
21
22
23
24
25
26
27
28
29
30
81
82
83
84
85
86
87
88
127
128
129
142
143
144
169
170
171
172
173
174
175
176
177
179
180
181
182
183
187
188
189
190
191
192
193
194
195
196
197
290
291
292
293
294
321
322
323
324
325
326
327
328
14
15
16
17
18
19
20
21
22
23
24
25
26
27
28
29
30
81
82
83
84
85
86
87
88
89
127
128
129
130
168
169
170
171
172
173
174
175
176
177
179
180
181
182
183
184
187
188
189
190
191
192
193
194
195
291
292
293
294
307
308
309
310
311
312
313
320
321
322
323
324
325
326
327
328
14
15
16
17
18
19
20
21
22
23
24
25
26
27
28
29
30
81
82
83
84
85
86
87
88
89
127
128
129
130
131
132
133
168
169
170
171
172
173
174
175
176
177
179
180
181
182
183
184
185
186
187
188
189
190
191
192
193
194
195
292
293
294
306
307
308
309
310
311
312
313
314
315
320
321
322
323
324
325
326
327
328
12
13
14
15
16
17
18
19
20
21
22
23
24
25
26
27
28
82
83
84
85
86
87
88
89
90
128
129
130
131
132
133
134
135
167
168
169
170
172
173
174
175
176
177
180
181
182
183
184
185
186
187
188
189
190
192
193
194
306
307
308
309
310
311
312
313
314
315
320
321
322
323
324
325
326
12
13
14
15
16
17
18
19
20
21
22
23
24
25
26
27
28
82
83
84
85
86
87
88
89
90
129
130
131
132
133
134
135
136
167
168
169
170
172
173
174
175
176
177
178
180
181
182
183
184
185
186
187
188
189
190
191
192
306
307
308
309
310
311
312
313
314
315
316
321
322
323
324
325
12
13
14
15
16
17
18
19
20
21
22
23
24
25
26
27
28
85
86
87
88
89
90
129
130
131
132
133
134
135
136
167
168
169
173
174
175
176
177
178
179
180
181
182
183
184
185
186
187
188
189
190
191
192
305
306
307
308
309
310
311
312
313
314
315
316
317
321
322
323
324
325
12
13
14
15
16
17
18
19
20
21
22
23
24
25
26
27
28
85
86
87
88
89
90
129
130
131
132
133
134
135
136
173
174
175
176
177
178
179
181
182
183
184
185
190
191
192
305
306
307
308
309
310
311
312
313
314
315
316
317
12
13
14
15
16
17
18
19
20
23
24
25
26
27
28
130
131
132
133
134
135
136
173
174
175
176
177
178
179
180
181
182
183
184
185
304
305
306
307
308
309
310
311
312
313
314
315
316
317
12
13
14
15
16
17
18
19
129
130
131
132
133
134
135
136
137
138
175
176
177
178
179
180
181
182
183
244
245
246
304
305
306
307
308
309
310
311
312
313
13
14
15
16
17
18
19
129
130
131
132
133
134
135
136
137
138
175
176
177
178
179
180
243
244
245
246
304
305
306
307
308
309
310
311
312
313
13
14
15
16
17
18
19
103
104
105
129
130
131
132
133
134
135
136
137
138
175
176
177
242
243
244
245
246
305
306
307
308
309
310
311
103
104
105
106
129
130
131
132
133
134
135
136
137
138
242
243
244
245
246
305
306
307
308
103
104
105
106
107
132
133
134
135
136
137
242
243
244
245
246
258
259
260
262
263
264
265
305
306
307
308
103
104
105
106
107
108
243
244
245
255
256
257
258
259
260
261
262
263
264
265
305
306
307
308
105
106
107
108
206
207
208
255
256
257
258
259
260
261
262
263
264
265
106
107
108
201
202
203
204
205
206
207
208
255
256
257
258
259
260
261
262
263
197
198
199
200
201
202
203
204
205
206
207
208
256
257
258
259
260
261
262
263
43
44
45
46
47
48
49
50
197
198
199
200
201
202
203
204
205
206
207
230
231
232
233
234
235
236
257
258
259
260
261
262
43
44
45
46
47
48
49
50
197
198
199
200
201
202
204
205
206
207
229
230
231
232
233
234
235
236
256
257
258
259
260
261
262
263
43
44
45
46
47
48
49
50
197
198
199
200
201
204
205
206
207
229
230
231
232
233
234
235
236
256
257
258
259
260
261
262
263
44
45
46
47
48
49
50
51
52
85
86
87
197
198
199
200
201
202
203
204
205
206
207
224
225
226
228
229
230
231
232
233
234
235
239
240
241
256
257
258
259
260
261
262
263
41
42
43
44
45
46
47
48
49
50
51
52
83
84
85
86
87
88
198
199
200
201
202
203
204
205
206
224
225
226
227
228
229
230
231
232
233
234
235
237
238
239
240
241
258
259
260
261
6
7
8
41
42
43
44
45
46
47
48
49
50
51
52
53
81
82
83
84
85
86
87
88
198
199
200
201
202
203
204
205
206
224
225
226
227
228
229
230
231
232
233
234
235
236
237
238
239
240
241
242
259
260
261
5
6
7
8
9
41
42
43
44
45
46
47
48
49
50
51
52
53
81
82
83
84
85
86
87
88
200
201
202
203
204
205
206
225
226
227
228
229
230
231
232
233
234
235
236
237
238
239
240
241
242
5
6
7
8
9
42
43
44
45
46
47
48
49
50
51
52
53
80
81
82
83
84
85
86
87
88
142
143
144
145
148
149
150
201
202
203
204
205
206
218
219
220
225
226
227
228
229
230
231
232
233
234
235
236
237
238
239
240
241
242
5
6
7
8
9
44
45
46
47
48
49
79
80
81
82
83
84
85
86
87
88
89
131
132
133
134
135
140
141
142
143
144
145
146
147
148
149
150
201
202
203
204
205
206
217
218
219
220
221
222
226
227
228
229
230
231
233
234
235
236
237
238
239
240
241
242
44
45
46
47
48
49
78
79
80
81
82
83
84
85
86
87
88
89
131
132
133
134
135
136
137
138
139
140
141
142
143
144
145
146
147
148
149
150
217
218
219
220
221
222
227
228
229
230
231
232
233
234
235
236
237
238
239
240
241
74
75
76
77
78
79
80
81
82
83
84
85
86
87
88
89
131
132
133
134
135
136
137
138
139
140
141
142
143
144
145
146
147
148
149
217
218
219
220
221
222
228
229
230
231
232
233
234
235
236
237
238
239
240
241
67
68
69
70
71
74
75
76
77
78
79
80
81
82
83
84
85
86
87
88
132
133
134
135
136
137
138
139
140
141
142
143
144
145
146
147
148
149
216
217
218
219
220
221
222
223
231
232
233
234
235
236
237
238
239
240
241
67
68
69
70
71
72
74
75
76
77
78
79
80
81
82
83
84
85
86
87
134
135
136
137
138
139
140
141
142
143
144
145
146
147
148
149
216
217
218
219
220
221
222
223
232
233
234
236
237
238
239
240
241
67
68
69
70
71
72
73
74
75
76
77
78
79
80
81
82
83
84
85
86
87
134
135
136
137
138
139
140
141
142
143
144
145
146
147
148
216
217
218
219
220
221
222
223
236
237
238
239
240
241
67
68
69
70
71
72
73
74
75
76
77
78
79
80
81
82
83
84
85
86
87
139
140
141
142
143
144
145
146
147
148
216
217
218
219
220
221
222
223
237
238
239
240
70
71
72
73
74
77
78
79
81
82
83
84
85
142
143
144
146
147
148
216
217
218
219
221
222
223
238
239
240
70
71
72
73
82
83
84
142
143
144
146
147
148
216
217
218
238
239
240
69
70
71
72
238
239
240
69
70
71
72
69
70
71
72
73
74
72
73
74
75
76
77
72
73
74
75
76
77
72
73
74
75
76
77
134
135
136
72
73
74
75
76
132
133
134
135
136
265
266
267
268
273
274
275
276
72
73
74
131
132
133
134
135
136
265
266
267
268
269
273
274
275
276
277
278
279
126
127
128
129
131
132
133
134
135
136
137
138
139
140
265
266
267
268
269
270
271
272
273
274
275
276
277
278
279
126
127
128
129
130
131
132
133
134
135
136
137
138
139
140
265
266
267
268
269
270
271
272
273
274
275
276
277
278
279
126
127
128
129
130
131
132
133
134
135
136
137
138
139
140
265
266
267
268
269
270
271
272
273
274
275
276
277
278
279
127
128
129
130
131
132
133
134
135
136
137
138
263
264
265
266
267
268
269
270
271
272
273
274
275
276
277
278
279
128
129
130
131
132
133
134
135
136
168
169
170
263
264
265
266
267
268
269
270
271
272
273
274
275
276
277
278
279
128
129
130
131
132
133
134
135
136
167
168
169
170
263
264
265
266
267
268
269
270
271
272
273
274
128
129
130
131
132
133
134
135
136
167
168
169
170
264
265
266
269
270
271
272
273
274
128
129
130
131
132
133
134
135
166
167
168
169
170
171
172
173
174
269
270
271
272
273
274
128
129
130
131
132
133
134
135
165
166
167
168
169
170
171
172
173
174
258
259
260
269
270
271
272
273
274
275
128
129
130
131
132
133
134
165
166
167
168
169
170
171
172
173
174
258
259
260
261
268
269
270
271
272
273
274
275
130
131
132
157
158
159
165
166
167
168
169
170
171
172
173
174
258
259
260
261
268
269
270
271
272
273
274
275
156
157
158
159
165
166
167
168
169
170
171
172
173
174
175
258
259
260
261
268
269
270
271
272
273
274
275
155
156
157
158
159
160
163
164
165
166
167
168
169
170
171
172
173
174
175
270
271
272
154
155
156
157
158
159
160
161
163
164
165
166
167
168
169
170
171
172
173
174
175
154
155
156
157
158
159
160
161
162
163
164
165
166
167
168
169
170
171
172
173
174
235
236
237
153
154
155
156
157
158
159
160
161
162
163
164
165
166
167
168
169
170
171
172
173
174
234
235
236
237
238
153
154
155
156
157
158
159
160
161
162
163
164
165
166
167
168
169
170
171
172
173
174
233
234
235
236
237
238
239
153
154
155
156
157
158
159
160
161
162
163
166
167
168
170
171
172
173
174
232
233
234
235
236
237
238
239
240
153
154
155
156
157
158
159
160
161
170
171
172
173
232
233
234
235
236
237
238
239
240
242
243
244
153
154
155
156
157
158
159
160
161
162
170
171
172
173
232
233
234
235
236
237
238
239
240
241
242
243
244
325
326
327
152
153
154
155
156
157
158
159
160
161
162
193
194
195
197
198
199
233
234
235
236
237
238
239
240
241
242
243
244
324
325
326
327
328
152
153
154
155
156
157
158
159
160
161
162
163
193
194
195
197
198
199
203
204
205
233
234
235
236
237
238
239
240
241
242
243
244
295
296
297
323
324
325
326
327
328
152
153
154
155
156
157
158
159
160
161
162
163
193
194
195
196
197
198
199
203
204
205
233
234
235
236
237
238
239
240
241
242
243
244
289
290
291
295
296
297
298
323
324
325
326
327
328
153
154
155
156
157
158
159
160
161
162
163
194
195
196
197
198
199
200
202
203
204
205
234
235
236
237
238
239
240
241
242
243
244
289
290
291
293
294
295
296
297
298
319
320
321
323
324
325
326
327
328
329
330
331
101
102
103
104
153
154
155
156
161
162
163
194
195
196
197
198
199
200
202
203
204
205
235
236
237
238
239
240
241
242
243
244
289
290
291
292
293
294
295
296
297
298
318
319
320
321
322
323
324
325
326
327
328
329
330
331
99
100
101
102
103
104
153
154
155
156
192
193
194
195
196
197
198
199
200
201
202
203
204
235
236
237
238
239
240
241
289
290
291
292
293
294
295
296
297
298
299
300
318
319
320
321
322
323
324
325
326
327
328
329
330
331
332
333
99
100
101
102
103
104
153
154
155
156
192
193
194
195
196
197
198
199
200
201
202
203
204
235
236
237
238
239
240
241
286
287
288
289
290
291
292
293
294
295
296
297
298
299
300
317
318
319
320
321
322
323
324
325
326
327
328
329
330
331
332
333
99
100
101
102
103
104
189
190
191
192
193
194
195
196
197
198
199
200
201
202
203
204
235
236
237
238
239
240
241
286
287
288
289
290
291
292
293
294
295
296
297
298
299
300
317
318
319
320
321
322
323
324
325
326
327
328
329
330
331
332
333
58
59
60
99
100
101
102
103
104
105
189
190
191
192
193
194
195
196
197
198
199
200
201
202
203
204
237
238
239
240
241
286
287
288
289
290
291
292
293
294
295
296
297
298
299
302
303
304
315
316
317
318
319
320
321
322
323
324
325
326
327
328
329
330
331
332
333
58
59
60
61
99
100
101
102
103
104
105
189
190
191
192
193
194
195
196
197
198
199
200
201
202
203
204
238
239
240
286
287
288
289
290
291
292
293
294
295
296
297
298
299
301
302
303
304
305
306
307
315
316
317
318
319
320
321
322
323
324
325
326
327
328
329
330
58
59
60
61
62
63
99
100
101
102
103
104
105
190
191
192
193
194
195
196
197
198
199
200
201
202
203
204
205
286
287
288
289
290
291
292
293
294
295
296
297
298
299
301
302
303
304
305
306
307
308
315
316
317
318
319
320
322
323
324
325
58
59
60
61
62
63
98
99
100
101
102
103
104
105
190
191
192
193
194
195
196
197
198
199
200
201
202
203
204
205
286
287
288
289
290
291
292
293
294
295
296
297
298
299
301
302
303
304
305
306
307
308
316
317
318
319
320
57
58
59
60
61
62
63
64
97
98
99
100
101
102
103
104
105
190
191
192
193
194
195
196
197
198
199
200
201
202
203
204
205
283
284
285
286
287
288
289
290
291
292
293
294
295
296
297
298
299
301
302
303
304
305
306
307
308
317
318
319
12
13
14
57
58
59
60
61
62
63
64
65
97
98
99
100
101
102
103
104
105
194
195
196
197
198
199
201
202
203
282
283
284
285
286
287
288
289
290
291
292
293
294
295
296
297
298
302
303
304
305
306
307
308
12
13
14
15
16
57
58
59
60
61
62
63
64
65
97
98
99
100
101
102
103
104
135
136
137
138
173
174
175
282
283
284
285
286
287
288
289
290
291
292
293
294
295
296
297
298
302
303
304
305
306
307
308
12
13
14
15
16
17
57
58
59
60
61
62
63
64
65
98
99
100
101
102
103
104
134
135
136
137
138
139
171
172
173
174
175
282
283
284
285
286
287
288
289
290
291
292
293
294
295
296
297
305
306
307
12
13
14
15
16
17
18
19
20
21
22
23
24
58
59
60
61
62
63
64
65
99
100
101
102
103
104
132
133
134
135
136
137
138
139
171
172
173
174
175
176
284
285
286
287
288
289
290
291
292
293
294
295
296
297
12
13
14
15
16
17
18
19
20
21
22
23
24
25
63
64
65
130
131
132
133
134
135
136
137
138
139
140
141
142
170
171
172
173
174
175
176
177
284
285
286
287
288
289
290
291
292
293
294
12
13
14
15
16
17
18
19
20
21
22
23
24
25
130
131
132
133
134
135
136
137
138
139
140
141
142
170
171
172
173
174
175
176
177
284
285
286
290
291
292
10
11
12
13
14
15
16
17
18
19
20
21
22
23
24
25
129
130
131
132
133
134
135
136
137
138
139
140
141
142
170
171
172
173
174
175
176
177
178
179
10
11
12
13
14
15
16
17
18
19
20
21
22
23
24
25
127
128
129
130
131
132
133
134
135
136
137
138
139
140
141
142
176
177
178
179
10
11
12
13
14
15
16
17
18
19
20
127
128
129
130
131
132
133
134
135
136
137
138
139
140
141
176
177
178
179
11
12
13
14
15
16
17
18
19
127
128
129
130
131
132
133
134
135
136
137
138
139
140
141
176
177
178
11
12
13
14
15
16
17
18
19
131
132
133
134
135
136
137
138
11
12
13
14
15
16
17
18
19
131
132
133
134
135
136
11
12
13
14
15
132
133
134
135
136
13
14
15
132
133
134
283
284
285
282
283
284
285
282
283
284
285
286
282
283
284
285
286
283
284
285
286
92
93
94
95
96
92
93
94
95
96
175
176
177
92
93
94
95
96
171
172
173
174
175
176
177
94
95
96
171
172
173
174
175
176
177
256
257
258
259
260
261
171
172
173
174
175
176
177
254
255
256
257
258
259
260
261
172
173
174
175
176
254
255
256
257
258
259
260
261
262
41
42
43
45
46
47
172
173
174
175
176
254
255
256
257
258
259
260
261
262
35
36
37
38
39
40
41
42
43
44
45
46
47
252
253
254
255
256
257
258
259
260
261
262
35
36
37
38
39
40
41
42
43
44
45
46
47
252
253
254
255
256
257
258
259
260
261
262
263
290
291
292
34
35
36
37
38
39
40
41
42
43
44
45
46
252
253
254
255
256
257
258
259
260
261
262
263
288
289
290
291
292
34
35
36
37
38
39
40
41
42
43
44
45
252
253
254
255
256
257
258
259
260
261
262
263
287
288
289
290
291
292
34
35
36
37
38
39
40
41
42
43
44
45
240
241
242
252
253
254
255
256
257
258
259
260
261
262
263
287
288
289
290
291
292
33
34
35
36
37
38
39
40
41
42
43
44
45
240
241
242
245
246
247
248
249
252
253
254
255
256
257
258
259
260
261
262
263
287
288
289
290
291
292
33
34
35
36
37
38
39
40
41
42
43
44
240
241
242
243
244
245
246
247
248
249
253
254
255
256
257
258
259
260
261
262
263
289
290
291
292
33
34
35
36
37
38
39
40
41
42
240
241
242
243
244
245
246
247
248
249
256
257
258
259
260
261
262
289
290
291
12
13
14
35
36
37
38
39
40
41
42
240
241
242
243
244
245
246
247
248
257
258
259
260
261
262
12
13
14
15
16
17
32
33
34
35
36
37
38
39
40
41
242
243
244
245
257
258
259
260
261
262
12
13
14
15
16
17
29
30
31
32
33
34
35
36
37
38
39
40
41
242
243
244
245
258
259
260
13
14
15
16
17
25
26
27
28
29
30
31
32
33
34
35
36
37
38
39
40
41
14
15
16
25
26
27
28
29
30
31
32
33
34
35
36
37
38
39
40
41
25
26
27
28
29
30
31
32
33
34
35
36
37
38
39
40
41
42
43
25
26
27
28
29
30
31
32
33
34
35
36
37
38
39
40
41
42
43
25
26
27
28
29
30
31
32
33
34
35
36
37
38
39
40
41
42
43
27
28
29
30
31
32
33
34
35
36
37
38
39
40
41
42
43
26
27
28
29
30
31
32
33
34
35
36
37
38
39
40
41
42
43
26
27
28
29
30
31
32
33
34
35
36
37
38
39
40
41
42
43
44
26
27
28
29
30
31
32
33
34
35
36
37
38
39
40
41
42
43
44
45
26
27
28
29
30
31
32
33
34
35
36
37
38
39
40
41
42
43
44
45
263
264
265
266
267
27
28
29
30
31
32
33
34
35
36
37
38
39
40
41
42
43
44
45
263
264
265
266
267
268
269
270
271
29
30
31
32
33
34
35
36
37
38
39
40
261
262
263
264
265
266
267
268
269
270
271
32
33
34
35
36
37
38
39
40
261
262
263
264
265
266
267
268
269
270
271
33
34
35
36
37
38
261
262
263
264
265
266
267
268
269
270
35
36
37
38
260
261
262
263
264
265
266
267
268
269
270
271
272
273
35
36
37
260
261
262
263
264
265
266
267
268
269
270
271
272
273
59
60
61
260
261
262
263
264
265
266
267
268
269
270
271
272
273
59
60
61
62
261
262
263
264
265
266
267
268
269
270
271
272
59
60
61
62
261
262
263
264
265
266
267
268
269
270
271
272
57
58
59
60
61
62
65
66
67
130
131
132
133
267
268
269
270
271
272
57
58
59
60
61
62
63
64
65
66
67
126
127
128
130
131
132
133
267
268
269
57
58
59
60
61
62
63
64
65
66
67
126
127
128
129
130
131
132
133
57
58
59
60
61
62
63
64
65
66
67
68
126
127
128
129
130
131
57
58
59
60
61
62
63
64
65
66
67
68
69
126
127
128
129
130
131
57
58
59
60
61
62
63
64
65
66
67
68
69
70
126
127
128
129
130
131
132
57
58
59
60
61
62
63
64
65
66
67
68
69
70
127
128
129
130
131
132
57
58
59
60
61
62
63
64
65
66
67
68
69
70
126
127
128
129
130
131
132
57
58
59
60
61
62
63
64
65
66
67
68
69
70
124
125
126
127
128
129
57
58
59
60
61
62
63
64
65
66
67
68
69
70
124
125
126
127
128
129
130
131
132
57
58
59
63
64
65
66
67
124
125
126
127
128
129
130
131
132
133
134
63
64
65
66
67
102
103
104
106
107
108
124
125
126
127
128
129
130
131
132
133
134
101
102
103
104
105
106
107
108
125
126
127
128
129
130
131
132
133
134
168
169
170
171
101
102
103
104
105
106
107
108
125
126
127
128
129
130
131
132
133
134
168
169
170
171
172
173
174
100
101
102
103
104
105
106
107
125
126
127
128
129
130
131
132
133
134
164
165
166
167
168
169
170
171
172
173
174
100
101
102
103
104
105
106
107
125
126
127
128
129
130
131
132
133
134
135
164
165
166
167
168
169
170
171
172
173
174
100
101
102
103
125
126
127
128
129
130
131
132
133
134
135
163
164
165
166
167
168
169
170
171
172
173
174
100
101
102
103
126
127
128
129
130
131
132
133
134
135
136
163
164
165
166
167
168
169
170
171
172
173
126
127
128
129
130
131
132
133
134
135
136
162
163
164
165
166
167
168
169
170
171
172
173
134
135
136
162
163
164
165
166
167
168
169
170
171
172
173
162
163
164
165
166
167
168
169
170
171
172
173
162
163
164
165
166
167
168
169
170
171
172
173
174
162
163
164
165
166
167
168
169
170
171
172
173
174
6
7
8
9
162
163
164
165
166
167
168
169
170
171
172
173
174
5
6
7
8
9
160
161
162
163
164
165
166
167
168
169
170
171
172
5
6
7
8
9
10
11
160
161
162
163
164
165
166
167
168
169
170
171
172
284
285
286
5
6
7
8
9
10
11
16
17
18
19
20
21
22
23
24
160
161
162
163
164
165
166
168
169
170
171
172
284
285
286
5
6
7
8
9
10
11
16
17
18
19
20
21
22
23
24
161
162
163
169
170
171
172
284
285
286
322
323
324
5
6
7
8
9
10
11
15
16
17
18
19
20
21
22
23
24
170
171
172
284
285
286
287
321
322
323
324
5
6
7
15
16
17
18
19
20
21
22
23
24
284
285
286
287
317
318
319
320
321
322
323
324
15
16
17
18
19
20
21
22
23
24
285
286
287
317
318
319
320
321
322
323
324
18
19
20
21
22
23
24
317
318
319
320
321
322
323
19
20
21
22
23
317
318
319
320
317
318
319
320
204
205
206
93
94
95
96
97
204
205
206
207
215
216
217
218
92
93
94
95
96
97
98
203
204
205
206
207
214
215
216
217
218
89
90
91
92
93
94
95
96
97
98
203
204
205
206
207
213
214
215
216
217
218
88
89
90
91
92
93
94
95
96
97
98
104
105
106
203
204
205
206
207
213
214
215
216
217
218
219
220
88
89
90
91
92
93
94
95
96
97
103
104
105
106
213
214
215
216
217
218
219
220
88
89
90
91
92
93
94
95
96
97
103
104
105
106
213
214
215
216
217
218
219
220
88
89
90
92
93
94
95
96
103
104
105
106
240
241
242
22
23
24
25
93
94
95
103
104
105
106
238
239
240
241
242
21
22
23
24
25
238
239
240
241
242
243
21
22
23
24
25
238
239
240
241
242
243
21
22
23
238
239
240
241
242
243
10
11
12
13
14
15
111
112
113
202
203
204
236
237
238
239
240
241
242
10
11
12
13
14
15
44
45
46
111
112
113
114
119
120
121
202
203
204
236
237
238
239
240
241
242
243
10
11
12
13
14
15
37
38
39
40
43
44
45
46
47
111
112
113
114
115
116
117
118
119
120
121
202
203
204
205
206
236
237
238
239
240
241
242
243
11
12
13
14
15
16
17
19
20
21
37
38
39
40
43
44
45
46
47
112
113
114
115
116
117
118
119
120
121
202
203
204
205
206
207
208
238
239
240
241
242
243
11
12
13
14
15
16
17
18
19
20
21
37
38
39
40
41
43
44
45
46
47
113
114
115
116
117
118
119
120
121
202
203
204
205
206
207
208
238
239
240
241
242
243
12
13
14
15
16
17
18
19
20
21
34
35
36
37
38
39
40
41
42
43
44
45
119
120
121
202
203
204
205
206
207
208
240
241
242
243
309
310
311
12
13
14
15
16
17
18
19
20
33
34
35
36
37
38
39
40
41
42
43
44
45
202
203
204
205
206
207
208
309
310
311
312
12
13
14
15
16
17
18
19
20
21
22
23
33
34
35
36
37
38
39
40
41
42
43
44
45
202
203
204
205
206
207
308
309
310
311
312
9
10
11
12
13
14
15
16
17
18
19
20
21
22
23
33
34
35
36
37
38
39
40
41
42
43
305
306
307
308
309
310
311
312
9
10
11
12
13
14
15
16
17
18
19
20
21
22
23
37
38
39
40
41
42
43
178
179
180
181
304
305
306
307
308
309
310
311
9
10
11
12
13
14
15
16
17
18
19
20
21
22
23
24
25
26
175
176
177
178
179
180
181
304
305
306
307
308
309
310
311
9
10
11
12
13
14
15
16
17
18
19
20
21
22
23
24
25
26
174
175
176
177
178
179
180
181
301
302
303
304
305
306
307
308
309
310
311
312
9
10
11
12
13
14
15
16
17
18
19
20
21
22
23
24
25
26
173
174
175
176
177
178
179
180
181
300
301
302
303
304
305
306
307
308
309
310
311
312
313
12
13
14
15
16
19
20
21
22
23
24
25
26
173
174
175
176
177
178
179
180
181
300
301
302
303
304
305
306
307
308
309
310
311
312
313
13
14
15
16
19
20
21
22
23
24
25
173
174
175
176
177
178
179
180
181
300
301
302
303
304
305
306
307
308
309
310
311
312
313
19
20
21
22
173
174
175
176
177
178
179
180
181
182
183
301
302
303
304
305
306
307
308
309
310
311
312
313
20
21
22
173
174
175
176
177
178
179
181
182
183
301
302
303
304
305
306
307
308
309
310
311
312