4
5
6
7
8
4
5
6
7
8
101
102
103
4
5
6
7
8
9
101
102
103
104
105
4
5
6
7
8
9
99
100
101
102
103
104
105
4
5
6
7
8
9
97
98
99
100
101
102
103
104
105
106
107
6
7
8
97
98
99
100
101
102
103
104
105
106
107
97
98
99
100
101
102
103
104
105
106
107
98
99
100
101
102
103
104
105
106
107
98
99
100
101
102
103
104
105
99
100
101
102
103
104
126
127
128
147
148
149
150
99
100
101
102
103
104
105
125
126
127
128
129
145
146
147
148
149
150
155
156
157
100
101
102
103
104
105
106
125
126
127
128
129
144
145
146
147
148
149
150
155
156
157
158
159
160
101
102
103
104
105
106
123
124
125
126
127
128
129
144
145
146
147
148
149
150
155
156
157
158
159
160
207
208
209
103
104
105
106
122
123
124
125
126
127
128
129
143
144
145
146
147
148
156
157
158
159
160
207
208
209
104
105
106
120
121
122
123
124
125
126
127
128
129
143
144
145
146
147
148
156
157
158
207
208
209
117
118
119
120
121
122
123
124
125
126
127
128
129
143
144
145
146
205
206
207
208
209
210
117
118
119
120
121
122
123
124
125
126
127
128
129
144
145
146
194
195
196
197
204
205
206
207
208
209
210
117
118
119
120
121
122
123
124
125
126
127
128
129
144
145
146
194
195
196
197
203
204
205
206
207
208
209
210
118
119
120
121
122
123
124
125
126
127
128
129
194
195
196
197
203
204
205
206
207
208
209
210
119
120
121
122
123
124
125
126
195
196
197
203
204
205
206
207
208
209
210
119
120
121
122
123
124
125
195
196
197
204
205
206
207
208
209
119
120
121
122
123
124
125
204
205
206
207
208
209
119
120
121
123
124
125
204
205
206
207
208
209
248
249
250
247
248
249
250
245
246
247
248
249
250
251
323
324
325
326
327
245
246
247
248
249
250
251
322
323
324
325
326
327
328
245
246
247
248
249
250
251
322
323
324
325
326
327
328
246
247
248
249
250
322
323
324
325
326
327
328
247
248
249
250
324
325
326
73
74
75
247
248
249
250
71
72
73
74
75
76
77
247
248
249
250
70
71
72
73
74
75
76
77
248
249
250
69
70
71
72
73
74
75
76
77
69
70
71
72
73
74
75
76
69
70
71
72
73
74
75
126
127
128
129
130
70
71
72
73
74
75
116
117
118
119
123
124
125
126
127
128
129
130
116
117
118
119
120
121
122
123
124
125
126
127
128
129
130
131
116
117
118
119
120
121
122
123
124
125
126
127
128
129
130
131
233
234
235
112
113
114
115
116
117
118
119
120
121
122
123
124
125
126
127
128
129
130
131
229
230
231
232
233
234
235
298
299
300
301
103
104
105
106
107
108
109
110
111
112
113
114
115
116
117
118
119
120
121
122
123
124
125
126
127
128
129
130
131
221
222
223
224
225
229
230
231
232
233
234
235
298
299
300
301
302
303
304
103
104
105
106
107
108
109
110
111
112
113
114
115
116
117
118
119
120
121
122
123
124
125
126
127
128
129
130
131
221
222
223
224
225
229
230
231
232
233
234
235
298
299
300
301
302
303
304
17
18
19
88
89
90
103
104
105
106
107
108
109
110
111
112
113
114
115
116
117
118
119
120
121
122
123
124
125
126
127
128
129
219
220
221
222
223
224
225
230
231
232
233
234
235
280
281
282
283
299
300
301
302
303
304
17
18
19
20
84
85
86
87
88
89
90
94
95
96
104
105
106
107
108
109
110
111
112
113
114
115
116
117
118
119
120
121
122
123
124
125
126
127
128
129
130
219
220
221
222
223
224
230
231
232
233
234
280
281
282
283
300
301
302
303
304
305
9
10
11
16
17
18
19
20
84
85
86
87
88
89
90
94
95
96
97
104
105
106
107
108
109
110
111
112
113
114
115
116
117
118
119
120
121
122
123
124
125
126
127
128
129
130
217
218
219
220
221
222
223
224
230
231
232
233
234
280
281
282
283
299
300
301
302
303
304
305
306
9
10
11
13
14
15
16
17
18
19
20
84
85
86
87
88
89
90
91
92
94
95
96
97
108
109
110
111
112
113
114
115
116
117
118
119
120
121
122
123
124
125
126
127
128
129
130
217
218
219
220
221
222
223
224
225
231
232
233
281
282
283
299
300
301
302
303
304
305
306
307
308
309
9
10
11
12
13
14
15
16
17
18
19
84
85
86
87
88
89
90
91
92
93
94
95
96
97
108
109
110
111
112
113
114
115
116
117
118
119
120
121
122
123
124
125
126
127
128
129
130
215
216
217
218
219
220
221
222
223
224
225
226
299
300
301
302
303
304
305
306
307
308
309
8
9
10
11
12
13
14
15
16
17
18
19
83
84
85
86
87
88
89
90
91
92
93
94
95
96
97
109
110
111
112
113
114
115
116
117
118
119
120
121
122
123
124
125
126
127
128
129
215
216
217
218
219
220
221
222
223
224
225
226
299
300
301
302
303
304
305
306
307
308
309
321
322
323
324
8
9
10
11
12
13
14
15
16
17
18
19
83
84
85
86
87
88
89
90
91
92
93
94
95
96
97
109
110
111
112
113
114
115
116
117
123
124
125
126
215
216
217
218
219
220
221
222
223
224
225
226
300
301
302
303
304
305
306
307
308
321
322
323
324
325
7
8
9
10
11
12
13
14
15
16
17
18
19
83
84
85
86
87
88
89
90
91
92
93
94
95
96
97
113
114
115
116
217
218
219
220
221
222
223
224
225
226
300
301
302
303
304
305
306
307
321
322
323
324
325
7
8
9
10
11
12
13
14
15
16
17
18
83
84
85
86
87
88
89
90
91
92
93
94
95
96
161
162
163
220
221
222
223
224
225
226
301
302
303
304
305
306
322
323
324
325
326
7
8
9
10
11
12
13
14
15
16
17
84
85
86
87
88
89
90
91
160
161
162
163
164
220
221
222
223
224
225
226
237
238
239
298
299
300
301
302
303
304
305
306
321
322
323
324
325
326
327
328
329
8
9
10
11
12
13
14
15
16
17
86
87
88
89
90
91
92
160
161
162
163
164
220
221
222
223
235
236
237
238
239
294
295
296
297
298
299
300
301
302
303
304
305
306
307
318
319
320
321
322
323
324
325
326
327
328
329
11
12
13
14
15
16
17
86
87
88
89
90
91
92
93
157
158
159
160
161
162
163
164
165
220
221
222
223
235
236
237
238
239
240
241
294
295
296
297
298
299
300
301
302
303
304
305
306
307
317
318
319
320
321
322
323
324
325
326
327
328
329
11
12
13
14
15
16
17
86
87
88
89
90
91
92
93
157
158
159
160
161
162
163
164
165
167
168
169
170
171
172
221
222
223
235
236
237
238
239
240
241
294
295
296
297
298
299
300
301
304
305
306
307
317
318
319
320
321
322
323
324
325
326
327
328
13
14
15
16
86
87
88
89
90
91
92
93
123
124
125
157
158
159
160
161
162
163
164
165
166
167
168
169
170
171
172
173
233
234
235
236
237
238
239
240
241
295
296
297
298
299
300
301
302
303
304
305
306
307
316
317
318
319
320
321
322
323
324
325
326
327
89
90
91
92
123
124
125
126
128
129
130
158
159
160
161
162
163
164
165
166
167
168
169
170
171
172
173
174
175
233
234
235
236
237
238
239
240
241
264
265
266
267
268
296
297
298
299
300
301
302
303
304
316
317
318
319
320
321
322
323
324
325
326
327
89
90
91
92
123
124
125
126
127
128
129
130
131
160
161
162
163
164
165
166
167
168
169
170
171
172
173
174
175
233
234
235
236
237
238
239
240
241
264
265
266
267
268
269
296
297
298
299
300
301
302
303
304
316
317
318
320
321
322
323
324
325
326
327
123
124
125
126
127
128
129
130
131
162
163
164
165
166
167
168
169
170
171
172
173
174
175
234
235
236
237
238
239
240
264
265
266
267
268
269
270
271
296
297
298
299
319
320
321
322
323
324
325
326
327
54
55
56
123
124
125
126
127
128
129
130
131
162
163
164
165
166
167
168
169
170
171
172
173
174
175
176
177
235
236
237
238
239
240
265
266
267
268
269
270
271
296
297
298
319
320
321
322
323
324
325
326
327
54
55
56
57
58
123
124
125
126
127
128
129
130
131
162
163
164
165
166
167
168
169
170
171
172
173
174
175
176
177
181
182
183
184
236
237
238
239
266
267
268
269
270
271
272
319
320
321
322
323
324
325
326
327
54
55
56
57
58
59
60
61
123
124
125
126
127
128
129
130
131
162
163
164
165
166
167
168
169
170
171
172
173
174
175
176
177
181
182
183
184
236
237
238
239
266
267
268
269
270
271
272
319
320
321
322
323
324
325
326
327
51
52
53
54
55
56
57
58
59
60
61
62
162
163
164
165
166
167
168
169
170
171
172
173
181
182
183
184
185
266
267
268
269
270
271
272
273
319
320
321
322
323
324
325
326
327
51
52
53
54
55
56
57
58
59
60
61
62
162
163
164
165
166
167
168
169
170
181
182
183
184
185
265
266
267
268
269
270
271
272
273
319
320
321
322
323
324
325
326
327
51
52
53
54
55
56
57
58
59
60
61
62
146
147
148
151
152
153
165
166
167
168
169
173
174
175
181
182
183
184
185
189
190
191
265
266
267
268
269
270
271
272
273
320
321
322
323
324
325
326
51
52
53
54
55
56
57
58
59
60
61
62
63
145
146
147
148
151
152
153
166
167
168
171
172
173
174
175
181
182
183
184
189
190
191
265
266
267
268
269
270
271
272
273
51
52
53
54
55
56
57
58
59
60
61
62
63
144
145
146
147
148
149
150
151
152
153
165
166
167
168
169
171
172
173
174
175
176
177
178
179
181
182
183
184
188
189
190
191
192
267
268
269
270
271
272
49
50
51
52
53
54
55
56
57
58
59
60
61
62
63
64
65
66
144
145
146
147
148
149
150
151
152
153
154
165
166
167
168
169
170
171
172
173
174
175
176
177
178
179
188
189
190
191
192
267
268
269
270
49
50
51
52
53
54
55
56
58
59
60
61
62
63
64
65
66
67
144
145
146
147
148
149
150
151
152
153
154
155
164
165
166
167
168
169
170
171
172
173
174
175
176
177
178
179
180
181
188
189
190
191
192
195
196
197
198
199
267
268
269
327
328
329
49
50
51
52
53
54
55
56
57
58
59
60
62
63
64
65
66
67
144
145
146
147
148
149
150
151
152
153
154
155
163
164
165
166
167
168
169
170
171
172
173
174
175
176
177
178
179
180
181
189
190
191
192
193
194
195
196
197
198
199
267
268
269
324
325
326
327
328
329
50
51
52
53
54
55
56
57
58
59
60
62
63
64
65
66
67
144
145
146
147
148
149
150
151
152
153
154
155
162
163
164
165
166
167
168
169
170
171
172
173
174
175
176
177
178
179
180
181
192
193
194
195
196
197
198
199
324
325
326
327
328
329
53
54
55
56
57
58
59
60
62
63
64
65
66
143
144
145
146
147
148
149
152
153
154
155
162
163
164
165
166
167
168
169
170
171
172
173
174
175
176
177
178
179
180
181
192
193
194
195
196
197
198
324
325
326
327
53
54
55
56
57
62
63
64
65
66
142
143
144
145
146
147
162
163
164
165
166
167
168
169
170
171
172
173
174
175
176
177
178
179
180
192
193
194
195
196
197
198
325
326
327
53
54
55
56
57
62
63
64
142
143
144
145
146
147
162
163
164
168
169
170
171
172
173
174
175
176
177
178
179
180
192
193
194
195
196
197
198
53
54
55
56
57
142
143
144
168
169
170
171
172
173
174
175
176
177
192
193
194
195
196
197
198
199
53
54
55
56
168
169
170
171
172
173
174
175
192
193
194
195
196
197
198
199
170
171
172
173
174
175
193
194
195
196
197
198
199
171
172
173
174
194
195
196
197
198
199
150
151
152
309
310
311
312
146
147
148
149
150
151
152
309
310
311
312
146
147
148
149
150
151
152
307
308
309
310
311
312
144
145
146
147
148
149
150
151
152
307
308
309
310
311
312
144
145
146
147
148
149
150
151
152
307
308
309
310
311
312
144
145
146
147
148
149
150
151
152
153
307
308
309
310
311
312
30
31
32
33
34
144
145
146
147
148
149
150
151
152
153
154
155
156
28
29
30
31
32
33
34
143
144
145
146
147
148
149
150
151
152
153
154
155
156
247
248
249
253
254
255
256
257
258
259
27
28
29
30
31
32
33
34
143
144
145
146
147
148
149
150
151
152
153
154
155
156
247
248
249
250
251
252
253
254
255
256
257
258
259
25
26
27
28
29
30
31
32
33
143
144
145
146
147
148
149
150
151
152
153
154
155
156
247
248
249
250
251
252
253
254
255
256
257
258
259
25
26
27
28
29
30
31
32
33
34
35
143
144
145
146
147
148
149
150
151
152
153
154
247
248
249
250
251
252
253
254
255
256
257
258
259
260
25
26
27
28
29
30
31
32
33
34
35
36
37
57
58
59
143
144
145
146
147
148
149
150
151
152
153
154
248
249
250
251
252
253
254
255
256
257
258
259
260
261
25
26
27
28
29
30
31
32
33
34
35
36
37
52
53
54
55
57
58
59
60
146
147
148
149
150
151
152
153
154
248
249
250
251
252
253
254
255
256
257
258
259
260
261
25
26
27
28
29
30
31
32
33
34
35
36
37
52
53
54
55
57
58
59
60
149
150
151
152
153
252
253
254
255
256
257
258
259
260
261
25
26
27
28
29
30
31
32
33
34
35
36
37
51
52
53
54
55
56
57
58
59
60
61
62
149
150
151
152
241
242
243
244
245
253
254
255
256
257
258
259
260
28
29
30
31
32
33
34
35
36
37
38
51
52
53
54
55
56
57
58
59
60
61
62
187
188
189
190
191
192
193
194
239
240
241
242
243
244
245
246
253
254
255
256
257
258
259
29
30
31
32
33
34
35
36
37
38
51
52
53
54
55
56
57
58
59
60
61
62
186
187
188
189
190
191
192
193
194
238
239
240
241
242
243
244
245
246
253
254
255
29
30
31
32
33
34
35
36
37
38
51
52
53
54
55
56
57
58
59
60
61
62
179
180
181
182
185
186
187
188
189
190
191
192
193
194
238
239
240
241
242
243
244
245
246
3
4
5
29
30
31
32
33
51
52
53
54
55
56
57
58
59
60
61
62
179
180
181
182
183
185
186
187
188
189
190
191
192
193
194
195
238
239
240
241
242
243
244
245
246
3
4
5
6
7
8
29
30
31
32
33
51
52
53
54
55
56
57
58
59
60
61
179
180
181
182
183
185
186
187
188
189
190
191
192
193
194
195
196
197
238
239
240
241
242
243
244
245
246
3
4
5
6
7
8
9
29
30
31
32
52
53
54
55
56
57
58
59
60
61
62
179
180
181
182
183
184
185
187
188
189
190
191
192
193
194
195
196
197
238
239
240
241
242
243
244
245
246
247
3
4
5
6
7
8
9
10
11
29
30
31
32
52
53
54
55
57
58
59
60
61
62
138
139
140
178
179
180
181
182
183
184
185
186
187
188
189
190
191
192
193
194
195
196
197
238
239
240
241
242
243
244
245
246
247
2
3
4
5
6
7
8
9
10
11
12
52
53
54
55
57
58
59
60
61
62
137
138
139
140
178
179
180
181
182
183
184
185
186
187
188
189
190
191
192
193
194
195
196
238
239
240
241
242
243
244
245
246
247
1
2
3
4
5
6
7
8
9
10
11
12
13
53
54
55
57
58
59
137
138
139
140
178
179
180
181
182
183
184
185
186
187
188
189
190
191
192
193
194
195
238
239
240
241
242
243
244
245
246
323
324
325
1
2
3
4
5
6
7
8
9
10
11
12
13
108
109
110
137
138
139
140
179
180
181
182
183
184
185
186
188
189
190
191
192
193
194
195
196
239
240
241
242
243
244
245
246
322
323
324
325
326
1
2
3
4
5
6
7
8
9
10
11
12
13
103
104
105
106
107
108
109
110
137
138
139
140
179
180
181
182
183
184
185
188
189
190
191
192
193
194
195
196
239
240
241
242
243
244
322
323
324
325
326
327
3
4
5
6
7
8
9
10
11
12
103
104
105
106
107
108
109
110
135
136
137
138
139
140
180
181
182
183
184
185
190
191
192
193
194
195
196
242
243
244
322
323
324
325
326
327
0
1
2
3
4
5
6
7
8
9
10
11
12
103
104
105
106
107
108
109
134
135
136
137
138
139
140
180
181
182
183
184
186
187
188
189
190
191
192
193
194
195
196
321
322
323
324
325
326
327
0
1
2
3
4
5
6
7
8
9
10
11
12
13
103
104
105
106
107
108
109
134
135
136
137
138
139
140
181
182
183
184
185
186
187
188
189
190
191
192
193
194
195
196
321
322
323
324
325
326
327
0
1
2
3
4
5
6
7
8
9
10
11
12
13
105
106
107
108
109
110
111
134
135
136
137
138
139
140
185
186
187
188
189
190
191
192
193
194
195
196
321
322
323
324
325
326
0
1
2
3
4
5
6
7
8
9
10
11
12
13
105
106
107
108
109
110
111
137
138
139
140
185
186
187
188
189
190
191
192
193
194
195
196
322
323
324
325
326
0
1
2
3
4
5
6
7
105
106
107
108
109
110
111
112
138
139
140
185
186
187
188
189
190
191
192
193
194
195
0
1
2
3
5
6
7
105
106
107
108
109
110
111
112
185
186
187
188
189
190
191
192
193
194
195
0
1
2
35
36
37
38
39
106
107
108
109
110
111
112
188
189
190
191
192
193
194
195
34
35
36
37
38
39
40
41
106
107
108
109
110
188
189
190
191
192
34
35
36
37
38
39
40
41
42
106
107
108
109
189
190
191
34
35
36
37
38
39
40
41
42
33
34
35
36
37
38
39
40
41
42
33
34
35
36
38
39
40
19
20
21
33
34
35
241
242
243
19
20
21
22
23
24
25
240
241
242
243
18
19
20
21
22
23
24
25
240
241
242
243
244
17
18
19
20
21
22
23
24
25
240
241
242
243
244
17
18
19
20
21
22
23
24
240
241
242
243
244
17
18
19
20
21
22
23
24
240
241
242
243
17
18
19
20
21
22
23
24
16
17
18
19
20
21
22
23
24
13
14
15
16
17
18
19
20
21
22
23
24
239
240
241
13
14
15
16
17
18
19
20
21
22
23
237
238
239
240
241
244
245
246
247
13
14
15
16
17
18
19
20
21
22
237
238
239
240
241
242
243
244
245
246
247
13
14
15
16
17
18
19
20
21
22
237
238
239
240
241
242
243
244
245
246
247
13
14
15
16
17
18
19
20
21
22
237
238
239
240
241
242
243
244
245
246
13
14
15
16
17
18
19
20
21
22
236
237
238
239
240
241
242
243
244
245
246
12
13
14
15
16
17
18
19
20
21
22
23
24
25
236
237
238
239
240
241
242
243
244
245
246
12
13
14
15
16
17
18
19
20
21
22
23
24
25
236
237
238
239
240
241
242
243
244
245
246
12
13
14
15
16
17
18
19
20
21
22
23
24
25
236
237
238
239
240
241
242
243
244
245
246
11
12
13
14
15
16
17
18
19
20
21
22
23
24
25
239
240
241
10
11
12
13
14
15
16
17
18
19
20
21
22
23
24
25
26
10
11
12
13
14
15
16
17
18
19
20
21
22
23
24
25
26
10
11
12
13
14
15
16
17
18
19
20
21
22
23
24
25
26
13
14
15
16
17
18
19
20
21
22
23
24
25
13
14
15
16
17
18
19
20
21
22
23
16
17
18
19
20
16
17
18
19
125
126
127
125
126
127
121
122
123
124
125
126
127
120
121
122
123
124
125
126
127
117
118
119
120
121
122
123
124
125
126
127
259
260
261
107
108
109
117
118
119
120
121
122
123
124
125
126
127
259
260
261
262
285
286
287
290
291
292
107
108
109
117
118
119
120
121
122
123
124
125
126
127
129
130
131
256
257
258
259
260
261
262
285
286
287
288
289
290
291
292
293
294
107
108
109
110
116
117
118
119
120
121
122
123
124
125
126
127
128
129
130
131
256
257
258
259
260
261
262
263
264
285
286
287
288
289
290
291
292
293
294
107
108
109
110
116
117
118
119
120
121
122
123
124
125
126
127
128
129
130
131
255
256
257
258
259
260
261
262
263
264
285
286
287
288
289
290
291
292
293
294
107
108
109
110
115
116
117
118
119
120
121
122
123
124
125
126
127
128
129
130
255
256
257
258
259
260
261
262
263
264
285
286
287
288
289
290
108
109
110
115
116
117
118
119
120
121
122
123
124
125
126
127
128
129
130
255
256
257
258
259
260
261
262
263
285
286
287
288
289
290
93
94
95
96
114
115
116
117
118
119
120
121
122
123
124
125
126
127
128
129
130
256
257
258
259
260
261
262
285
286
287
288
289
93
94
95
96
114
115
116
117
118
119
120
121
122
123
124
125
126
127
128
129
205
206
207
208
209
259
260
261
262
285
286
287
288
289
93
94
95
96
114
115
116
117
118
119
120
125
126
127
128
129
205
206
207
208
209
210
212
213
214
215
260
261
262
287
288
289
89
90
91
93
94
95
116
117
118
119
205
206
207
208
209
210
211
212
213
214
215
216
287
288
289
86
87
88
89
90
91
92
93
205
206
207
208
209
210
211
212
213
214
215
216
287
288
289
86
87
88
89
90
91
92
93
94
95
96
207
208
209
210
211
212
213
214
215
216
86
87
88
89
90
91
92
93
94
95
96
207
208
209
210
211
212
213
214
215
216
86
87
88
89
90
91
92
93
94
95
96
208
209
210
211
212
213
214
215
216
217
218
89
90
91
92
93
94
95
210
211
212
213
214
215
216
217
218
89
90
91
211
212
213
214
215
216
217
218
211
212
213
214
215
216
217
212
213
214
212
213
214
115
116
117
118
115
116
117
118
316
317
318
115
116
117
118
311
312
313
314
315
316
317
318
319
320
112
113
114
115
116
117
118
275
276
277
310
311
312
313
314
315
316
317
318
319
320
325
326
327
112
113
114
115
116
117
118
119
274
275
276
277
278
279
310
311
312
313
314
315
316
317
318
319
320
321
322
323
325
326
327
329
330
331
112
113
114
115
116
117
118
119
274
275
276
277
278
279
310
311
312
313
314
315
316
317
318
319
320
321
322
323
324
325
326
327
328
329
330
331
113
114
115
116
117
118
119
120
121
146
147
148
149
181
182
183
185
186
187
188
274
275
276
277
278
279
311
312
313
314
315
316
317
318
319
320
321
322
323
324
325
326
327
328
329
330
331
112
113
114
115
116
117
118
119
120
121
122
123
124
125
126
146
147
148
149
180
181
182
183
184
185
186
187
188
189
190
191
192
274
275
276
277
278
279
312
313
314
315
316
317
318
319
320
321
322
323
324
325
326
327
328
329
330
331
112
113
114
115
116
117
118
119
120
121
122
123
124
125
126
146
147
148
149
179
180
181
182
183
184
185
186
187
188
189
190
191
192
275
276
277
278
279
313
314
315
316
317
318
319
320
321
322
323
324
325
326
327
328
329
330
111
112
113
114
115
116
117
118
119
120
121
122
123
124
125
126
146
147
148
149
179
180
181
182
183
184
185
186
187
188
189
190
191
192
275
276
277
278
279
314
315
316
317
318
319
320
321
322
323
324
325
326
327
328
329
330
111
112
113
114
115
116
117
118
119
120
121
122
123
124
125
179
180
181
182
183
184
185
186
187
188
189
190
191
192
275
276
277
278
279
318
319
320
321
322
323
324
325
326
327
328
329
330
111
112
113
114
115
116
117
118
119
120
121
122
123
124
125
180
181
182
183
184
185
186
187
188
189
190
191
275
276
277
278
279
317
318
319
320
321
322
323
324
325
326
327
328
329
330
331
332
112
113
114
123
124
125
180
181
182
183
184
185
186
187
188
189
190
191
277
278
279
315
316
317
318
319
320
321
322
323
324
325
326
327
328
329
330
331
332
333
112
113
114
180
181
182
183
184
187
188
189
190
191
315
316
317
318
319
320
321
322
323
324
325
326
327
328
329
330
331
332
333
187
188
189
314
315
316
317
318
319
320
321
322
323
324
325
326
327
328
329
330
331
332
333
313
314
315
316
317
318
319
320
321
322
323
324
325
326
327
328
329
330
331
332
333
25
26
27
313
314
315
316
317
318
319
320
321
323
324
325
326
327
328
330
331
332
333
22
23
24
25
26
27
28
313
314
315
316
317
318
319
320
321
323
324
325
326
327
330
331
332
333
22
23
24
25
26
27
28
319
320
321
323
324
325
326
327
330
331
332
333
22
23
24
25
26
27
28
323
324
325
326
332
333
22
23
24
25
26
27
19
20
21
22
23
24
25
26
27
29
30
31
101
102
103
104
14
15
16
19
20
21
22
23
24
25
26
27
28
29
30
31
101
102
103
104
106
107
108
14
15
16
19
20
21
22
23
24
25
26
27
28
29
30
31
101
102
103
104
105
106
107
108
109
14
15
16
17
18
21
22
23
24
25
26
27
28
29
30
31
101
102
103
104
105
106
107
108
109
16
17
18
19
20
21
22
23
24
25
26
27
28
101
102
103
104
105
106
107
108
109
16
17
18
19
20
21
22
23
24
25
26
27
101
102
103
104
105
106
107
108
109
16
17
18
19
20
21
22
23
24
25
26
27
28
101
102
103
104
105
106
107
108
16
17
18
19
20
21
22
23
24
25
26
27
28
29
104
105
106
107
17
18
19
20
21
22
23
24
25
26
27
28
29
147
148
149
153
154
155
156
17
18
19
20
21
22
23
24
25
26
27
28
29
147
148
149
150
153
154
155
156
18
19
20
21
22
23
24
25
26
27
28
29
147
148
149
150
153
154
155
156
20
21
22
23
146
147
148
149
150
151
153
154
155
143
144
145
146
147
148
149
150
151
143
144
145
146
147
148
149
150
151
143
144
145
146
147
148
149
150
151
143
144
145
146
147
148
149
150
151
259
260
261
262
143
144
145
146
147
148
149
150
151
258
259
260
261
262
263
264
143
144
145
146
147
148
149
150
258
259
260
261
262
263
264
258
259
260
261
262
263
264
77
78
79
256
257
258
259
260
261
262
263
75
76
77
78
79
256
257
258
259
260
261
262
41
42
43
72
73
74
75
76
77
78
79
256
257
258
259
260
261
39
40
41
42
43
72
73
74
75
76
77
78
256
257
258
259
260
37
38
39
40
41
42
43
44
72
73
74
75
76
77
78
79
158
159
160
161
162
163
164
165
37
38
39
40
41
42
43
44
45
72
73
74
75
76
77
78
79
80
158
159
160
161
162
163
164
165
34
35
36
37
38
39
40
41
42
43
44
45
46
72
73
74
75
76
77
78
79
80
157
158
159
160
161
162
163
164
165
34
35
36
37
38
39
40
41
42
43
44
45
46
72
73
74
75
76
77
78
79
80
157
158
159
160
161
162
163
164
165
34
35
36
37
38
39
40
41
42
43
44
45
46
77
78
79
156
157
158
159
160
161
162
163
164
165
201
202
203
34
35
36
37
38
39
40
41
42
43
44
156
157
158
159
160
161
162
163
164
165
201
202
203
36
37
38
39
40
41
42
43
156
157
158
159
160
161
162
163
164
165
201
202
203
204
205
19
20
21
22
23
24
25
26
36
37
38
39
40
41
42
43
159
160
161
162
163
164
165
166
201
202
203
204
205
15
16
17
18
19
20
21
22
23
24
25
26
36
37
38
39
40
41
42
43
159
160
161
162
163
164
165
166
201
202
203
204
205
219
220
221
222
15
16
17
18
19
20
21
22
23
24
25
26
27
28
35
36
37
38
39
40
41
42
43
159
160
161
163
164
165
166
167
218
219
220
221
222
15
16
17
18
19
20
21
22
23
24
25
26
27
28
35
36
37
38
39
40
41
42
163
164
165
166
167
215
216
217
218
219
220
221
222
275
276
277
278
279
280
281
282
283
284
14
15
16
17
18
19
20
21
22
23
24
25
26
27
28
35
36
37
38
39
163
164
165
166
167
215
216
217
218
219
220
221
222
223
275
276
277
278
279
280
281
282
283
284
14
15
16
17
18
19
20
21
22
23
24
25
26
27
36
37
38
39
215
216
217
218
219
220
221
222
223
224
273
274
275
276
277
278
279
280
281
282
283
284
285
286
13
14
15
16
17
18
19
20
21
22
23
24
25
26
36
37
38
215
216
217
218
219
220
221
222
223
224
273
274
275
276
277
278
279
280
281
282
283
284
285
286
12
13
14
15
16
17
18
19
20
21
22
23
24
25
26
215
216
217
218
219
220
221
222
223
224
273
274
275
276
277
278
279
280
281
282
283
284
285
286
287
12
13
14
15
16
17
18
19
20
21
22
23
24
25
26
215
216
217
218
219
220
221
222
223
224
225
275
276
277
278
279
280
281
282
283
284
285
286
287
12
13
14
15
16
17
18
19
20
21
22
23
24
25
26
137
138
139
215
216
217
218
219
220
221
222
223
224
225
275
276
277
278
279
280
281
282
283
284
285
286
287
11
12
13
14
15
16
17
18
19
20
21
22
23
24
25
26
102
103
104
137
138
139
141
142
143
215
216
217
218
219
220
221
222
223
224
225
275
276
277
278
279
280
281
282
283
284
285
286
11
12
13
14
15
16
17
18
19
20
21
22
23
24
25
26
101
102
103
104
105
137
138
139
140
141
142
143
144
145
216
217
218
219
220
221
222
223
224
275
276
277
278
279
280
281
282
283
284
285
286
11
12
13
14
15
16
17
18
19
20
21
22
23
24
99
100
101
102
103
104
105
106
137
138
139
140
141
142
143
144
145
216
217
218
219
220
221
222
223
224
270
271
272
273
275
276
277
278
279
280
281
282
283
284
285
10
11
12
13
14
15
16
17
18
19
20
21
22
23
41
42
43
44
45
46
99
100
101
102
103
104
105
106
107
139
140
141
142
143
144
145
216
217
218
219
220
221
222
223
224
270
271
272
273
277
278
279
280
281
282
283
284
10
11
12
13
14
15
16
17
18
19
20
21
22
23
41
42
43
44
45
46
99
100
101
102
103
104
105
106
107
139
140
141
142
143
144
145
149
150
151
216
217
218
219
220
221
222
223
224
270
271
272
273
277
278
279
280
281
282
283
284
10
11
12
13
14
15
16
17
18
19
20
21
22
23
41
42
43
44
45
46
99
100
101
102
103
104
105
106
107
140
141
142
149
150
151
216
217
218
219
220
221
222
223
270
271
272
278
279
280
10
11
12
13
14
15
16
17
18
19
20
21
22
43
44
45
99
100
101
102
103
104
105
149
150
151
152
216
217
218
219
220
221
222
223
9
10
11
12
13
14
15
16
17
18
19
20
21
22
101
102
103
104
105
149
150
151
152
216
217
218
219
220
221
9
10
11
12
13
14
15
16
17
18
19
20
21
22
148
149
150
151
152
216
217
218
219
220
221
231
232
233
9
10
11
12
13
14
15
16
17
18
148
149
150
151
214
215
216
217
218
219
220
221
230
231
232
233
14
15
16
17
18
148
149
150
214
215
216
217
218
219
220
229
230
231
232
233
16
17
18
214
215
216
217
218
219
220
229
230
231
232
233
215
216
217
218
219
220
229
230
231
232
233
216
217
218
277
278
279
275
276
277
278
279
275
276
277
278
279
275
276
277
278
279
209
210
211
212
215
216
217
276
277
278
208
209
210
211
212
213
214
215
216
217
218
208
209
210
211
212
213
214
215
216
217
218
208
209
210
211
212
213
214
215
216
217
218
219
226
227
228
212
213
214
215
216
217
218
219
226
227
228
229
35
36
37
149
150
151
212
213
214
215
216
217
218
219
226
227
228
229
34
35
36
37
148
149
150
151
213
214
215
216
217
218
219
226
227
228
229
261
262
263
264
34
35
36
37
148
149
150
151
213
214
215
216
217
218
219
220
221
261
262
263
264
265
266
32
33
34
35
36
37
38
39
148
149
150
151
152
153
154
213
214
215
216
217
218
219
220
221
261
262
263
264
265
266
30
31
32
33
34
35
36
37
38
39
147
148
149
150
151
152
153
154
214
215
216
217
218
219
220
221
263
264
265
266
30
31
32
33
34
35
36
37
38
39
146
147
148
149
150
151
152
153
154
214
215
216
217
218
219
220
221
30
31
32
33
34
35
36
37
38
39
146
147
148
149
150
151
152
153
154
215
216
217
218
219
220
221
222
223
30
31
32
33
34
35
36
37
38
39
146
147
148
149
150
151
152
215
216
217
218
219
220
221
222
223
30
31
32
33
34
35
36
37
38
39
40
146
147
148
149
150
151
152
153
154
217
218
219
220
221
222
223
31
32
33
34
35
36
37
38
39
40
146
147
148
149
150
151
152
153
154
217
218
219
220
221
222
32
33
34
35
36
37
38
39
40
146
147
148
149
150
151
152
153
154
155
156
213
214
215
219
220
221
222
30
31
32
33
34
35
36
37
146
147
148
149
150
151
152
153
154
155
156
212
213
214
215
29
30
31
32
33
34
35
36
135
136
137
145
146
147
148
149
150
151
152
153
154
155
156
212
213
214
215
29
30
31
32
33
34
35
36
134
135
136
137
138
139
145
146
147
148
149
150
151
152
153
154
155
156
212
213
214
250
251
252
29
30
31
32
33
34
35
129
130
131
132
133
134
135
136
137
138
139
145
146
147
148
149
150
151
152
153
154
155
156
157
212
213
214
245
246
247
248
249
250
251
252
30
31
32
33
34
129
130
131
132
133
134
135
136
137
138
139
140
145
146
147
148
149
150
151
152
153
154
155
156
157
245
246
247
248
249
250
251
252
30
31
32
33
34
129
130
131
132
133
134
135
136
137
138
139
140
141
146
147
148
149
150
151
152
153
154
155
156
157
158
245
246
247
248
249
250
127
128
129
131
132
133
134
135
136
137
138
139
140
141
148
149
150
151
152
153
154
155
156
157
158
245
246
247
248
249
250
127
128
129
130
131
132
133
134
135
136
137
138
139
140
141
148
149
150
151
152
153
154
155
156
157
158
245
246
247
248
249
250
127
128
129
130
131
132
133
134
135
136
137
138
139
140
151
152
153
154
155
156
157
245
246
247
248
249
250
128
129
130
131
132
133
134
135
136
137
138
139
153
154
155
156
212
213
214
245
246
247
248
249
250
128
129
130
131
132
133
134
135
136
137
138
153
154
155
156
206
207
208
210
211
212
213
214
246
247
248
249
127
128
129
130
131
132
133
134
135
136
137
138
139
154
155
156
205
206
207
208
210
211
212
213
214
215
216
217
127
128
129
130
131
132
133
134
135
136
137
138
139
204
205
206
207
208
210
211
212
213
214
215
216
217
127
128
129
130
131
132
133
134
135
136
137
138
139
203
204
205
206
207
208
209
210
211
212
213
214
215
216
217
218
262
263
264
127
128
129
130
131
132
133
134
135
136
137
138
201
202
203
204
205
206
207
208
209
210
211
212
213
214
215
216
217
218
219
220
221
262
263
264
265
129
130
131
132
133
134
135
136
137
138
139
140
201
202
203
204
205
206
207
208
209
210
211
212
213
214
215
216
217
218
219
220
221
262
263
264
265
266
267
130
131
132
133
134
135
136
137
138
139
140
201
202
203
204
205
206
207
208
209
210
211
212
213
214
215
216
217
218
219
220
221
262
263
264
265
266
267
132
133
134
135
136
137
138
139
140
203
204
205
206
207
208
209
210
211
212
213
214
215
216
217
218
219
220
262
263
264
265
266
267
51
52
53
54
132
133
134
135
136
137
138
139
204
205
206
208
209
210
211
212
213
214
215
216
217
218
219
220
262
263
264
265
266
267
49
50
51
52
53
54
76
77
78
79
80
81
82
83
131
132
133
134
135
137
138
139
208
209
210
211
212
213
214
215
217
218
219
263
264
265
266
267
49
50
51
52
53
54
76
77
78
79
80
81
82
83
131
132
133
134
208
209
210
211
212
213
48
49
50
51
52
53
54
55
76
77
78
79
80
81
82
83
131
132
133
134
48
49
50
51
52
53
54
55
75
76
77
78
79
80
81
82
83
47
48
49
50
51
52
53
54
55
74
75
76
77
78
79
80
81
82
83
134
135
136
47
48
49
50
51
52
53
54
55
74
75
76
77
78
79
80
81
82
83
133
134
135
136
179
180
181
182
47
48
49
50
51
73
74
75
76
77
78
79
80
81
82
83
84
133
134
135
136
177
178
179
180
181
182
183
48
49
50
73
74
75
76
77
78
79
80
81
82
83
84
126
127
128
133
134
135
136
137
138
172
173
174
175
176
177
178
179
180
181
182
183
73
74
75
76
77
78
79
80
81
82
83
84
126
127
128
129
130
131
134
135
136
137
138
172
173
174
175
176
177
178
179
180
181
182
183
73
74
75
76
77
78
79
126
127
128
129
130
131
132
134
135
136
137
138
139
172
173
174
175
176
177
178
179
180
181
182
183
73
74
75
76
77
126
127
128
129
130
131
132
133
134
135
136
137
138
139
174
175
176
177
178
179
180
181
182
126
127
128
129
130
131
132
133
134
135
136
137
138
139
140
141
174
175
176
177
178
179
180
181
128
129
130
131
132
133
134
135
136
137
138
139
140
141
173
174
175
176
177
178
179
180
181
129
130
131
132
133
134
135
136
137
138
139
140
141
173
174
175
176
177
178
179
180
128
129
130
131
132
133
134
135
136
137
138
139
140
173
174
175
177
178
179
111
112
113
128
129
130
131
132
133
134
135
136
137
138
139
140
108
109
110
111
112
113
128
129
130
132
133
134
135
136
137
108
109
110
111
112
113
21
22
23
107
108
109
110
111
112
19
20
21
22
23
107
108
109
110
17
18
19
20
21
22
23
107
108
109
110
224
225
226
17
18
19
20
21
22
23
24
224
225
226
227
14
15
16
17
18
19
20
21
22
23
24
25
224
225
226
227
228
14
15
16
17
18
19
20
21
22
23
24
25
157
158
159
225
226
227
228
229
14
15
16
17
18
19
20
21
22
23
24
25
157
158
159
160
225
226
227
228
229
13
14
15
16
17
18
19
20
21
22
23
157
158
159
160
226
227
228
229
12
13
14
15
16
17
18
19
20
21
22
23
157
158
159
160
226
227
228
229
12
13
14
15
16
17
18
19
20
21
22
157
158
159
12
13
14
15
16
17
18
19
20
21
22
12
13
14
15
16
17
18
19
20
21
22
162
163
164
12
13
14
15
16
17
18
19
20
21
22
23
161
162
163
164
165
166
257
258
259
260
261
262
263
264
265
12
13
14
15
16
17
18
19
20
21
22
23
24
25
161
162
163
164
165
166
257
258
259
260
261
262
263
264
265
266
289
290
291
292
293
12
13
14
15
16
17
18
21
22
23
24
25
161
162
163
164
165
166
257
258
259
260
261
262
263
264
265
266
285
286
287
288
289
290
291
292
293
12
13
14
15
16
21
22
23
24
25
163
164
165
210
211
212
229
230
231
256
257
258
259
260
261
262
263
264
265
266
285
286
287
288
289
290
291
292
293
294
210
211
212
213
229
230
231
256
257
258
259
260
261
262
263
264
265
266
267
285
286
287
288
289
290
291
292
293
294
295
296
297
210
211
212
213
228
229
230
231
250
251
252
253
254
256
257
258
259
260
261
262
263
264
265
266
267
285
286
287
288
289
290
291
292
293
294
295
296
297
298
299
208
209
210
211
212
213
228
229
230
231
250
251
252
253
254
255
256
257
258
259
260
261
262
263
264
265
266
267
268
269
270
285
286
287
288
289
290
291
292
293
294
295
296
297
298
299
300
65
66
67
208
209
210
211
212
213
228
229
230
250
251
252
253
254
255
256
257
258
259
260
261
262
263
264
265
266
267
268
269
270
272
273
274
287
288
289
290
291
292
294
295
296
297
298
299
300
65
66
67
208
209
210
211
212
213
251
252
253
254
255
256
257
258
259
260
261
262
263
264
265
266
267
268
269
270
271
272
273
274
287
288
289
290
291
292
294
295
296
297
298
299
300
26
27
28
29
30
65
66
67
68
208
209
210
254
255
256
257
258
259
260
261
262
263
264
265
266
267
268
269
270
271
272
273
274
275
288
289
290
291
295
296
297
298
299
0
1
3
4
5
26
27
28
29
30
64
65
66
67
68
254
255
256
257
258
259
260
261
262
263
264
265
266
267
268
269
270
271
272
273
274
275
288
289
290
295
296
297
298
299
0
1
2
3
4
5
26
27
28
29
30
64
65
66
67
68
254
255
256
257
258
259
260
261
262
263
264
265
266
267
268
269
270
271
272
273
274
275
276
277
295
296
297
0
1
2
3
4
5
26
27
28
29
30
64
65
66
67
68
255
256
257
258
259
260
261
262
263
264
265
266
267
268
269
270
271
272
273
274
275
276
277
278
0
1
2
3
4
5
28
29
30
255
256
257
258
259
260
261
262
263
264
265
266
267
268
269
270
271
272
273
274
275
276
277
278
2
3
4
259
260
261
262
263
264
265
266
267
268
269
270
271
272
273
274
275
276
277
278
261
262
263
264
265
266
267
268
269
270
271
272
273
274
275
276
277
278
261
262
263
264
265
266
267
268
269
270
271
272
273
274
275
276
277
278
261
262
263
264
265
266
267
268
269
270
271
272
273
261
262
263
264
265
266
267
268
269
270
271
272
273