287
288
289
287
288
289
290
287
288
289
290
291
287
288
289
290
291
292
286
287
288
289
290
291
292
293
294
295
286
287
288
289
290
291
292
293
294
295
296
286
287
288
289
290
291
293
294
295
296
297
287
288
289
290
291
294
295
296
297
181
182
183
184
295
296
297
178
179
180
181
182
183
184
185
178
179
180
181
182
183
184
185
17
18
19
20
21
22
178
179
180
181
182
183
184
185
16
17
18
19
20
21
22
48
49
50
51
179
180
181
182
183
184
185
16
17
18
19
20
21
22
47
48
49
50
51
81
82
83
178
179
180
181
182
183
184
185
16
17
18
19
20
47
48
49
50
51
78
79
80
81
82
83
178
179
180
181
182
183
184
185
17
18
19
20
47
48
49
50
51
77
78
79
80
81
82
83
84
177
178
179
180
181
182
183
17
18
19
20
49
50
51
77
78
79
80
81
82
83
84
86
87
88
89
90
91
177
178
179
180
181
74
75
76
77
78
79
80
81
82
83
84
85
86
87
88
89
90
91
177
178
179
180
181
74
75
76
77
78
79
80
81
82
83
84
85
86
87
88
89
90
91
92
177
178
179
180
181
277
278
279
280
281
299
300
301
302
71
72
73
74
75
76
77
78
79
80
81
82
83
84
85
86
87
88
89
90
91
92
177
178
179
180
181
202
203
204
205
273
274
275
276
277
278
279
280
281
299
300
301
302
303
71
72
73
74
75
76
77
78
79
80
81
82
83
84
85
86
87
88
89
90
91
92
179
180
181
202
203
204
205
206
228
229
230
273
274
275
276
277
278
279
280
281
297
298
299
300
301
302
303
71
72
73
74
75
76
77
78
79
80
81
82
83
84
85
86
87
88
89
90
91
92
93
202
203
204
205
206
228
229
230
231
232
273
274
275
276
277
278
279
280
297
298
299
300
301
302
303
70
71
72
73
74
75
76
77
78
79
80
81
82
83
84
85
86
87
88
89
90
91
92
93
202
203
204
205
206
226
227
228
229
230
231
232
233
273
274
275
276
277
278
279
297
298
299
300
301
302
303
304
70
71
72
73
74
75
76
77
78
79
80
81
82
83
84
85
86
87
88
89
90
91
92
93
204
205
206
225
226
227
228
229
230
231
232
233
234
273
274
275
276
277
278
297
298
299
300
301
302
303
304
70
71
72
73
74
75
76
77
78
79
80
81
82
83
84
85
86
87
91
92
93
225
226
227
228
229
230
231
232
233
234
297
298
299
300
301
302
303
304
72
73
74
75
76
77
78
79
80
81
82
83
84
85
86
87
225
226
227
228
229
230
231
232
233
234
235
297
298
299
300
301
302
303
304
73
74
75
76
77
78
79
80
81
82
83
84
85
86
87
88
89
229
230
231
232
233
234
235
298
299
300
301
302
303
304
74
75
76
77
78
79
80
81
82
83
84
85
86
87
88
89
229
230
231
232
233
234
235
301
302
303
304
74
75
76
77
78
79
80
81
82
83
84
85
86
87
88
89
90
175
176
177
178
179
229
230
231
232
76
77
78
79
80
81
82
83
84
85
86
87
88
89
90
170
171
172
173
174
175
176
177
178
179
229
230
231
232
76
77
78
79
80
81
82
83
84
85
86
87
88
89
90
170
171
172
173
174
175
176
177
178
179
230
231
232
233
234
76
77
78
79
80
81
82
83
84
85
86
87
88
89
90
167
168
169
170
171
172
173
174
175
176
177
178
179
231
232
233
234
76
77
78
79
80
81
82
83
84
85
86
87
88
89
90
91
92
167
168
169
170
171
172
173
174
175
176
177
178
179
205
206
207
208
231
232
233
234
297
298
299
78
79
80
81
82
83
84
85
86
87
88
89
90
91
92
167
168
169
170
171
172
173
175
176
177
178
179
204
205
206
207
208
209
297
298
299
300
301
302
303
79
80
81
82
84
85
86
87
88
89
90
91
92
169
170
171
172
203
204
205
206
207
208
209
297
298
299
300
301
302
303
305
306
307
84
85
86
87
88
89
90
91
92
169
170
171
172
201
202
203
204
205
206
207
208
209
210
295
296
297
298
299
300
301
302
303
304
305
306
307
84
85
86
87
88
89
90
91
92
170
171
172
201
202
203
204
205
206
207
208
209
210
211
212
213
214
295
296
297
298
299
300
301
302
303
304
305
306
307
308
84
85
86
87
88
89
90
91
92
197
198
199
200
201
202
203
204
205
206
207
208
209
210
211
212
213
214
215
295
296
297
298
299
300
301
302
303
304
305
306
307
308
85
86
87
88
89
90
91
182
183
184
185
197
198
199
200
201
202
203
204
205
206
207
208
209
210
211
212
213
214
215
297
298
299
300
301
302
303
304
305
306
307
308
85
86
87
88
89
90
91
180
181
182
183
184
185
197
198
199
200
201
202
203
204
205
206
207
208
209
210
211
212
213
214
215
297
298
299
300
301
302
303
304
305
87
88
89
90
91
180
181
182
183
184
185
196
197
198
199
200
201
202
203
204
205
206
207
208
209
210
211
212
213
297
298
299
300
301
302
303
304
305
87
88
89
90
91
180
181
182
183
184
185
186
187
188
189
196
197
198
199
200
201
202
203
204
205
206
207
208
209
210
211
212
213
268
269
270
271
297
298
299
300
301
302
303
304
305
180
181
182
183
184
185
186
187
188
189
196
197
198
203
204
205
208
209
210
211
266
267
268
269
270
271
275
276
277
297
298
299
300
301
302
303
304
305
182
183
184
185
186
187
188
189
208
209
210
266
267
268
269
270
271
272
274
275
276
277
297
298
299
300
302
303
304
305
182
183
184
185
186
187
188
189
265
266
267
268
269
270
271
272
273
274
275
276
277
179
180
181
182
183
184
185
186
187
188
189
264
265
266
267
268
269
270
271
272
273
274
275
276
277
179
180
181
182
183
184
185
186
187
188
189
262
263
264
265
266
267
268
269
270
271
272
273
274
275
276
277
179
180
181
182
183
187
188
189
221
222
223
224
225
262
263
264
265
266
267
268
269
270
271
272
273
274
275
179
180
181
182
183
221
222
223
224
225
262
263
264
265
266
267
268
269
270
271
272
273
274
275
180
181
182
183
221
222
223
224
225
226
227
229
230
231
263
264
265
266
267
268
269
270
271
272
273
274
275
181
182
183
223
224
225
226
227
228
229
230
231
263
264
265
266
267
268
269
270
271
272
273
274
195
196
197
198
199
223
224
225
226
227
228
229
230
231
243
244
245
263
264
265
266
267
268
269
270
271
272
273
274
122
123
124
125
175
176
177
194
195
196
197
198
199
223
224
225
226
227
228
229
230
231
243
244
245
246
247
263
264
265
266
267
268
269
270
271
272
273
274
122
123
124
125
173
174
175
176
177
194
195
196
197
198
199
223
224
225
226
227
228
229
230
231
243
244
245
246
247
263
264
265
266
267
268
269
270
271
122
123
124
125
173
174
175
176
177
194
195
196
223
224
225
226
227
228
229
230
231
243
244
245
246
247
122
123
124
173
174
175
176
223
224
225
226
227
228
229
230
231
242
243
244
245
246
226
227
228
229
230
231
242
243
244
245
188
189
190
229
230
231
242
243
244
186
187
188
189
190
185
186
187
188
189
190
185
186
187
188
189
190
185
186
187
188
189
190
191
192
193
13
14
15
16
17
18
19
126
127
128
183
184
185
186
187
188
189
190
191
192
193
13
14
15
16
17
18
19
20
21
123
124
125
126
127
128
183
184
185
186
187
188
189
190
191
192
193
11
12
13
14
15
16
17
18
19
20
21
41
42
43
44
45
46
122
123
124
125
126
127
128
183
184
185
186
187
188
189
190
191
192
193
11
12
13
14
15
16
17
18
19
20
21
28
29
30
31
32
40
41
42
43
44
45
46
47
48
119
120
121
122
123
124
125
126
127
128
129
130
185
186
187
188
189
190
191
192
193
11
12
13
14
15
16
17
18
19
20
21
27
28
29
30
31
32
40
41
42
43
44
45
46
47
48
49
50
51
119
120
121
122
123
124
125
126
127
128
129
130
185
186
187
188
189
190
191
192
193
14
15
16
17
18
19
27
28
29
30
31
32
33
40
41
42
43
44
45
46
47
48
49
50
51
119
120
121
122
123
124
125
126
127
128
129
130
186
187
188
189
190
191
192
212
213
214
215
216
217
14
15
16
17
25
26
27
28
29
30
31
32
33
42
43
44
45
46
47
48
49
50
51
120
121
122
123
124
125
126
127
128
129
130
186
187
188
189
212
213
214
215
216
217
218
219
25
26
27
28
29
30
31
32
33
34
35
36
37
38
39
41
42
43
44
45
46
47
48
49
50
120
121
122
123
124
125
126
127
128
129
130
212
213
214
215
216
217
218
219
220
25
26
27
28
29
30
31
32
33
34
35
36
37
38
39
41
42
43
44
45
46
47
48
49
50
122
123
124
125
126
127
128
129
130
212
213
214
215
216
217
218
219
220
25
26
27
28
29
30
31
32
33
34
35
36
37
38
39
41
42
43
44
45
46
47
48
49
50
122
123
124
125
126
127
128
129
130
131
211
212
213
214
215
216
217
218
219
220
25
26
27
28
29
30
31
32
33
34
35
36
37
38
39
43
44
45
47
48
49
123
124
125
126
127
128
129
130
131
211
212
213
214
215
216
217
218
219
220
221
314
315
316
26
27
28
29
30
31
32
33
34
35
36
37
38
39
124
125
126
127
128
129
130
131
211
212
213
214
215
216
217
218
219
220
221
222
314
315
316
317
318
319
26
27
28
29
30
31
32
33
34
35
36
37
38
39
128
129
130
212
213
214
215
216
217
218
219
220
221
222
223
224
314
315
316
317
318
319
26
27
28
29
30
31
32
33
34
35
36
37
38
212
213
214
215
216
217
218
219
220
221
222
223
224
225
313
314
315
316
317
318
319
320
321
322
323
26
27
28
29
30
31
32
33
34
35
36
37
211
212
213
214
215
216
217
218
219
220
221
222
223
224
225
312
313
314
315
316
317
318
320
321
322
323
324
325
26
27
28
29
30
31
32
33
34
62
63
64
211
212
213
214
215
216
217
218
219
220
221
222
223
224
225
309
310
311
312
313
314
315
316
317
318
319
320
321
322
323
324
325
25
26
27
28
29
30
31
32
58
59
60
61
62
63
64
65
211
212
213
214
215
216
217
218
219
220
221
222
223
224
309
310
311
312
313
314
315
316
317
318
319
320
321
322
323
324
325
25
26
27
28
29
30
31
32
57
58
59
60
61
62
63
64
65
66
217
218
219
220
221
222
308
309
310
311
312
313
314
315
316
317
318
319
320
321
322
323
324
24
25
26
27
28
29
30
31
32
33
56
57
58
59
60
61
62
63
64
65
66
308
309
310
311
312
313
314
315
316
317
318
319
320
321
322
323
324
24
25
26
27
28
29
30
31
32
33
34
56
57
58
59
60
61
62
63
64
65
66
308
309
310
311
312
315
316
317
318
319
320
321
322
323
324
24
25
26
27
28
29
30
31
32
33
34
56
57
58
59
60
61
62
63
64
65
66
67
68
309
310
311
312
318
319
320
321
322
323
324
24
25
26
27
28
29
30
31
32
33
34
56
57
58
59
60
61
62
63
64
65
66
67
68
309
310
311
312
320
321
322
323
324
24
25
26
27
28
29
30
31
56
57
58
59
60
61
62
63
64
65
66
67
68
24
25
26
28
29
30
56
57
58
59
60
61
62
63
64
65
66
67
56
57
58
59
60
61
62
63
64
65
66
67
68
69
56
57
58
59
60
61
62
63
64
65
66
67
68
69
51
52
53
54
55
57
58
59
60
61
62
63
64
65
66
67
68
69
51
52
53
54
55
57
58
59
60
61
62
63
64
65
66
169
170
171
51
52
53
54
55
56
57
58
59
60
61
62
63
64
65
66
169
170
171
172
258
259
260
52
53
54
55
56
58
59
60
61
62
169
170
171
172
258
259
260
261
52
53
54
55
56
58
59
60
170
171
172
256
257
258
259
260
261
53
54
55
56
170
171
172
256
257
258
259
260
261
256
257
258
259
260
261
258
259
260
261
258
259
260
261
326
327
328
329
259
260
261
325
326
327
328
329
324
325
326
327
328
329
236
237
238
317
318
319
322
323
324
325
326
327
328
329
38
39
40
41
236
237
238
239
317
318
319
320
321
322
323
324
325
326
327
328
329
330
38
39
40
41
42
43
44
201
202
203
236
237
238
239
240
241
317
318
319
320
321
322
323
324
325
326
327
328
329
330
38
39
40
41
42
43
44
201
202
203
204
236
237
238
239
240
241
318
319
320
321
322
323
324
325
326
327
328
329
330
331
38
39
40
41
42
43
44
201
202
203
204
236
237
238
239
240
241
318
319
320
321
322
323
324
325
326
327
328
329
330
331
40
41
42
43
200
201
202
203
204
205
236
237
238
239
240
241
318
319
320
321
322
323
324
325
326
327
328
329
330
331
332
333
40
41
42
43
59
60
61
200
201
202
203
204
205
208
209
210
237
238
239
240
319
320
321
322
323
324
325
326
327
328
329
330
331
332
333
0
1
2
3
40
41
42
59
60
61
198
199
200
201
202
203
204
205
206
207
208
209
210
211
237
238
239
240
319
320
321
322
323
324
325
326
327
328
329
330
331
332
333
0
1
2
3
4
59
60
61
62
63
126
127
128
129
197
198
199
200
201
202
203
204
205
206
207
208
209
210
211
237
238
239
319
320
321
322
323
324
325
326
327
332
333
0
1
2
3
4
58
59
60
61
62
63
126
127
128
129
130
131
197
198
199
200
201
202
203
204
205
206
207
208
209
210
211
321
322
323
324
325
0
1
2
3
4
58
59
60
61
62
63
126
127
128
129
130
131
135
136
137
197
198
199
200
201
202
203
204
205
206
207
208
209
210
322
323
324
0
1
2
3
4
58
59
60
61
62
63
124
125
126
127
128
129
130
131
132
133
134
135
136
137
165
166
167
197
198
199
200
201
202
203
204
205
206
207
208
209
210
0
1
2
3
4
58
59
60
61
62
63
124
125
126
127
128
129
130
131
132
133
134
135
136
137
165
166
167
198
199
200
201
202
203
204
205
206
207
208
209
210
307
308
309
310
311
312
313
1
2
3
4
58
59
60
61
62
63
124
125
126
127
128
129
130
131
132
133
134
135
136
137
140
141
142
165
166
167
168
198
199
200
201
202
203
204
205
206
207
208
209
210
307
308
309
310
311
312
313
1
2
3
4
58
59
60
61
62
124
125
126
127
128
129
130
131
132
133
134
135
136
137
138
139
140
141
142
165
166
167
168
199
200
201
202
203
204
207
208
209
210
307
308
309
310
311
312
313
59
60
61
62
124
125
126
127
128
129
130
131
132
133
134
135
136
137
138
139
140
141
142
165
166
167
168
199
200
201
202
203
204
206
207
208
209
210
211
307
308
309
310
311
312
313
314
315
59
60
61
124
125
126
127
128
129
130
131
132
133
134
135
136
137
138
139
140
141
165
166
167
168
204
205
206
207
208
209
210
211
307
308
309
310
311
312
313
314
315
128
129
130
131
132
133
134
135
136
137
138
139
140
204
205
206
207
208
209
210
211
305
306
307
308
309
310
311
312
313
314
315
130
131
132
133
134
135
136
137
204
205
206
207
208
209
210
211
305
306
307
308
309
310
311
312
313
314
315
131
132
133
134
135
208
209
210
305
306
307
308
309
310
311
312
313
314
315
131
132
133
134
135
306
307
308
309
310
311
312
313
314
315
133
134
135
307
308
309
310
311
312
313
314
306
307
308
309
310
311
312
313
314
183
184
185
186
187
306
307
308
309
310
311
183
184
185
186
187
306
307
308
309
310
183
184
185
186
187
270
271
272
273
274
306
307
308
309
310
183
184
185
186
270
271
272
273
274
306
307
308
309
310
2
3
4
184
185
186
269
270
271
272
273
274
275
276
306
307
308
309
310
0
1
2
3
4
134
135
136
183
184
185
186
267
268
269
270
271
272
273
274
275
276
0
1
2
3
4
133
134
135
136
182
183
184
185
186
267
268
269
270
271
272
273
274
275
276
0
1
2
3
133
134
135
136
182
183
184
185
186
267
268
269
270
271
272
273
274
275
276
0
1
2
132
133
134
135
136
182
183
184
267
268
269
270
271
272
273
274
275
0
1
2
132
133
134
135
136
268
269
270
271
272
273
274
275
0
1
2
132
133
134
135
268
269
270
271
272
273
274
182
183
184
269
270
271
182
183
184
269
270
271
182
183
184
182
183
184
182
183
184
223
224
225
28
29
30
220
221
222
223
224
225
226
227
27
28
29
30
219
220
221
222
223
224
225
226
227
27
28
29
30
218
219
220
221
222
223
224
225
226
227
258
259
260
25
26
27
28
29
30
31
32
33
34
217
218
219
220
221
222
223
224
225
226
227
258
259
260
25
26
27
28
29
30
31
32
33
34
35
217
218
219
220
221
222
223
224
225
226
227
228
258
259
260
261
262
263
264
265
266
267
268
25
26
27
28
29
30
31
32
33
34
35
217
218
219
220
221
222
223
224
225
226
227
228
259
260
261
262
263
264
265
266
267
268
269
270
26
27
28
29
30
31
32
33
34
35
218
219
220
221
222
223
224
225
226
227
228
259
260
261
262
263
264
265
266
267
268
269
270
26
27
28
29
30
31
32
33
34
218
219
220
221
222
223
224
225
226
227
228
259
260
261
263
264
265
266
267
268
269
270
25
26
27
28
29
30
31
32
223
224
225
263
264
265
266
267
268
269
270
24
25
26
27
28
29
263
264
265
266
267
24
25
26
27
28
29
264
265
266
267
24
25
26
27
28
29
264
265
266
267
95
96
97
98
95
96
97
98
99
95
96
97
98
99
291
292
293
95
96
97
98
99
139
140
141
142
145
146
147
148
291
292
293
294
135
136
137
138
139
140
141
142
145
146
147
148
291
292
293
294
295
135
136
137
138
139
140
141
142
143
144
145
146
147
148
292
293
294
295
135
136
137
138
139
140
141
142
143
144
145
146
147
293
294
295
135
136
137
138
139
140
141
142
143
144
145
146
147
148
135
136
137
138
139
140
141
142
143
144
145
146
147
148
287
288
289
290
137
138
139
140
141
142
143
144
145
146
147
148
286
287
288
289
290
138
139
140
141
142
143
144
146
147
148
284
285
286
287
288
289
290
291
139
140
141
142
284
285
286
287
288
289
290
291
292
293
139
140
141
283
284
285
286
287
288
289
290
291
292
293
151
152
153
283
284
285
286
287
288
289
290
291
292
293
150
151
152
153
283
284
285
286
287
288
289
290
291
292
293
145
146
147
148
149
150
151
152
153
154
284
285
286
287
288
289
290
291
292
293
145
146
147
148
149
150
151
152
153
154
287
288
289
290
291
292
293
294
295
145
146
147
148
149
150
151
152
153
154
282
283
284
286
287
288
289
290
291
292
293
294
295
296
146
147
148
149
150
151
152
153
154
155
282
283
284
285
286
287
288
289
290
291
292
293
294
295
296
146
147
148
149
150
151
152
153
154
155
282
283
284
285
286
287
288
289
290
291
292
293
294
295
296
78
79
80
146
147
148
149
150
151
153
154
155
282
283
284
285
286
287
288
289
290
291
292
293
294
295
76
77
78
79
80
146
147
148
149
150
280
281
282
283
284
285
286
287
288
289
290
291
292
293
294
295
296
76
77
78
79
80
147
148
149
150
280
281
282
283
284
285
286
287
288
289
290
291
292
293
294
295
296
297
298
73
74
75
76
77
78
79
87
88
89
280
281
282
283
284
285
286
287
288
289
290
291
292
293
294
295
296
297
298
73
74
75
76
77
78
79
80
81
82
87
88
89
281
282
283
284
285
286
287
288
289
290
291
292
293
294
295
296
297
298
73
74
75
76
77
78
79
80
81
82
83
87
88
89
90
274
275
276
277
278
279
283
284
285
286
287
288
289
290
291
292
293
294
295
296
297
298
74
75
76
77
78
79
80
81
82
83
87
88
89
90
274
275
276
277
278
279
283
284
285
286
287
288
289
290
291
292
293
294
295
296
297
74
75
76
77
78
79
80
81
82
83
87
88
89
90
274
275
276
277
278
279
285
286
287
288
289
290
292
293
294
295
296
297
74
75
76
77
78
79
80
81
82
83
274
275
276
277
278
279
280
286
287
288
289
290
291
292
293
294
295
296
297
76
77
78
79
80
81
82
83
273
274
275
276
277
278
279
280
281
287
288
289
290
291
294
295
296
37
38
39
40
41
42
76
77
78
79
80
81
272
273
274
275
276
277
278
279
280
281
289
290
291
37
38
39
40
41
42
43
76
77
78
79
80
272
273
274
275
276
277
278
279
280
281
37
38
39
40
41
42
43
237
238
239
272
273
274
275
276
277
278
279
280
281
37
38
39
40
41
42
43
236
237
238
239
240
241
254
255
256
257
258
259
277
278
279
280
38
39
40
41
42
236
237
238
239
240
241
253
254
255
256
257
258
259
260
277
278
279
280
38
39
40
138
139
140
141
236
237
238
239
240
241
253
254
255
256
257
258
259
260
261
138
139
140
141
253
254
255
256
257
258
259
260
261
262
263
278
279
280
281
282
138
139
140
141
142
143
193
194
195
253
254
255
256
257
258
259
260
261
262
263
278
279
280
281
282
283
284
285
139
140
141
142
143
193
194
195
253
254
255
256
257
258
259
260
261
262
263
278
279
280
281
282
283
284
285
286
296
297
298
139
140
141
142
143
144
193
194
195
196
253
254
255
256
257
258
259
260
261
262
263
278
279
280
281
282
283
284
285
286
294
295
296
297
298
139
140
141
142
143
144
193
194
195
196
253
254
255
256
257
258
259
260
261
262
263
275
276
277
278
279
280
281
282
283
284
285
286
294
295
296
297
298
299
300
139
140
141
142
143
144
192
193
194
195
196
254
255
256
257
258
259
260
261
262
274
275
276
277
278
279
280
281
282
283
284
285
286
293
294
295
296
297
298
299
300
140
141
142
143
190
191
192
193
194
195
196
197
254
255
256
257
258
259
260
261
262
263
264
274
275
276
277
278
279
280
281
282
283
284
285
286
293
294
295
296
297
298
299
300
308
309
310
311
312
313
190
191
192
193
194
195
196
197
254
255
256
257
258
259
260
261
262
263
264
274
275
276
277
278
279
280
281
282
283
284
293
294
295
296
297
298
299
300
308
309
310
311
312
313
36
37
38
188
189
190
191
192
193
194
195
196
197
253
254
255
256
257
258
259
260
261
262
263
264
277
278
279
280
281
282
283
294
295
296
297
298
299
300
301
302
308
309
310
311
312
313
314
315
316
35
36
37
38
188
189
190
191
192
193
194
195
196
197
252
253
254
255
256
257
258
259
260
261
262
263
278
279
280
281
282
283
284
294
295
296
297
298
299
300
301
302
309
310
311
312
313
314
315
316
6
7
8
9
35
36
37
38
39
40
41
42
43
187
188
189
190
191
192
193
194
195
196
197
198
250
251
252
253
254
255
256
257
261
262
263
278
279
280
281
282
283
284
294
295
296
297
298
299
300
301
302
309
310
311
312
313
314
315
316
5
6
7
8
9
10
34
35
36
37
38
39
40
41
42
43
44
187
188
189
190
191
192
193
194
195
196
197
198
249
250
251
252
253
254
255
256
257
258
259
260
261
262
263
278
279
280
281
282
283
284
294
295
296
297
298
299
300
301
310
311
312
313
314
315
5
6
7
8
9
10
34
35
36
37
38
39
40
41
42
43
44
187
188
189
190
191
192
193
194
195
196
197
198
249
250
251
252
253
254
255
256
257
258
259
260
280
281
282
283
284
294
295
296
297
298
299
300
311
312
313
5
6
7
8
9
10
11
34
35
36
37
38
39
40
41
42
43
44
187
188
189
190
191
193
194
195
196
197
198
249
250
251
252
253
254
255
256
257
258
259
260
296
297
298
299
310
311
312
313
5
6
7
8
9
10
11
34
35
36
37
38
39
40
41
42
43
189
190
191
196
197
198
203
204
205
206
249
250
251
252
253
254
255
256
257
258
259
297
298
299
306
307
308
309
310
311
312
313
6
7
8
9
10
11
35
36
37
38
39
40
41
42
43
47
48
49
50
51
189
190
191
203
204
205
206
250
251
252
253
254
255
256
257
258
259
306
307
308
309
310
311
312
313
314
315
6
7
8
9
10
11
35
36
37
38
39
40
41
42
47
48
49
50
51
202
203
204
205
206
250
251
252
253
254
255
256
257
258
259
306
307
308
309
310
311
312
313
314
315
9
10
11
35
36
37
38
39
47
48
49
50
51
52
53
202
203
204
205
251
252
253
254
255
256
257
258
259
306
307
308
309
310
311
312
313
314
315
35
36
37
47
48
49
50
51
52
53
54
202
203
204
205
248
249
250
251
252
253
254
255
256
257
258
309
310
311
312
313
314
315
47
48
49
50
51
52
53
54
248
249
250
251
252
253
254
255
256
257
309
310
311
312
313
314
315
48
49
50
51
52
53
54
55
248
249
250
251
252
253
254
255
256
257
310
311
312
48
49
50
51
52
53
54
55
56
57
252
253
254
255
47
48
49
50
51
52
53
54
55
56
57
253
254
255
46
47
48
49
50
51
52
53
54
55
56
57
46
47
48
49
50
51
52
53
54
55
56
46
47
48
49
50
51
52
53
54
55
47
48
49
50
51
52
53
54
55
47
48
49
50
51
52
53
46
47
48
49
50
51
52
53
46
47
48
49
50
51
52
46
47
48
261
262
263
261
262
263
260
261
262
263
264
260
261
262
263
264
260
261
262
263
264
260
261
262
263
157
158
159
160
161
156
157
158
159
160
161
96
97
98
100
101
102
103
156
157
158
159
160
161
162
163
92
93
94
95
96
97
98
99
100
101
102
103
156
157
158
159
160
161
162
163
90
91
92
93
94
95
96
97
98
99
100
101
102
103
157
158
159
160
161
162
163
90
91
92
93
94
95
96
97
98
99
100
101
102
157
158
159
160
161
162
163
90
91
92
93
94
95
96
97
98
99
100
101
102
103
104
156
157
158
159
160
271
272
273
64
65
66
90
91
92
93
94
95
96
97
98
99
100
101
102
103
104
156
157
158
159
160
271
272
273
274
275
276
61
62
63
64
65
66
90
91
92
93
94
95
96
97
98
99
100
101
102
103
104
156
157
158
159
160
270
271
272
273
274
275
276
61
62
63
64
65
66
90
91
92
93
94
95
96
97
98
99
100
101
102
156
157
158
159
160
270
271
272
273
274
275
276
61
62
63
64
65
92
93
94
95
96
97
98
99
100
101
102
158
159
160
268
269
270
271
272
273
274
275
276
277
60
61
62
63
64
65
92
93
94
95
96
97
98
99
100
101
102
212
213
214
215
267
268
269
270
271
272
273
274
275
276
277
60
61
62
63
92
93
94
95
96
210
211
212
213
214
215
265
266
267
268
269
270
271
272
273
274
275
276
277
57
58
59
60
61
62
63
210
211
212
213
214
215
216
245
246
247
265
266
267
268
269
270
271
272
273
274
275
276
57
58
59
60
61
62
63
210
211
212
213
214
215
216
217
245
246
247
248
249
250
265
266
267
268
269
270
271
272
273
274
275
276
277
57
58
59
60
61
62
210
211
212
213
214
215
216
217
245
246
247
248
249
250
251
266
267
268
269
270
271
272
273
274
275
276
277
58
59
60
61
62
211
212
213
214
215
216
217
246
247
248
249
250
251
267
268
269
270
271
272
273
274
275
276
277
59
60
61
62
211
212
213
214
215
246
247
248
249
250
251
267
268
269
270
271
272
273
274
275
276
294
295
296
213
214
215
246
247
248
249
250
268
269
270
271
272
273
274
293
294
295
296
297
298
299
248
249
250
268
269
270
271
272
273
274
293
294
295
296
297
298
299
268
269
270
271
272
273
274
275
276
293
294
295
296
297
298
299
271
272
273
274
275
276
293
294
295
296
297
298
299
271
272
273
274
275
276
293
294
295
296
273
274
275
276
273
274
275
20
21
22
20
21
22
23
24
25
20
21
22
23
24
25
21
22
23
24
25
22
23
24
25
315
316
317
314
315
316
317
314
315
316
317
318
314
315
316
317
318
314
315
316
317
318
319
312
313
314
315
316
317
318
319
312
313
314
315
316
317
318
319
312
313
314
315
316
317
318
319
313
314
315
316
317
314
315
316
91
92
93
91
92
93
91
92
93
88
89
90
91
92
93
94
95
103
104
105
106
107
108
109
224
225
226
86
87
88
89
90
91
93
94
95
96
103
104
105
106
107
108
109
145
146
147
149
150
151
152
153
219
220
221
222
223
224
225
226
310
311
312
86
87
88
89
90
91
92
93
94
95
96
97
98
99
101
102
103
104
105
106
107
108
109
143
144
145
146
147
148
149
150
151
152
153
154
219
220
221
222
223
224
225
226
310
311
312
313
86
87
88
89
90
91
92
93
94
95
96
97
98
99
101
102
103
104
105
106
107
108
143
144
145
146
147
148
149
150
151
152
153
154
155
156
219
220
221
222
223
224
225
226
289
290
291
310
311
312
313
325
326
327
88
89
90
91
92
93
94
95
96
97
98
99
101
102
103
104
105
106
107
108
143
144
145
146
147
148
149
150
151
152
153
154
155
156
157
158
159
160
161
219
220
221
222
223
224
225
226
227
228
229
230
289
290
291
292
310
311
312
313
325
326
327
328
329
88
89
90
91
92
93
94
95
96
97
98
101
102
103
104
105
106
107
145
146
147
148
149
150
151
152
153
154
155
156
157
158
159
160
161
219
220
221
222
223
224
225
226
227
228
229
230
231
232
233
237
238
239
289
290
291
292
325
326
327
328
329
330
331
332
15
16
17
88
89
90
91
92
93
94
95
96
104
105
106
107
144
145
146
147
148
149
150
151
152
153
154
155
156
157
158
159
160
161
219
220
221
222
223
224
225
226
227
228
229
230
231
232
233
234
237
238
239
289
290
291
292
324
325
326
327
328
329
330
331
332
333
13
14
15
16
17
88
89
90
91
92
94
95
96
104
105
106
144
145
146
147
148
149
150
151
152
153
154
155
156
157
158
159
160
161
162
163
219
220
221
222
223
224
225
226
227
228
229
230
231
232
233
234
235
236
237
238
239
289
290
291
324
325
326
327
328
329
330
331
332
333
13
14
15
16
17
88
89
90
91
92
144
145
146
147
148
149
150
151
152
153
154
158
159
160
161
162
163
220
221
222
223
224
225
226
227
228
229
230
231
232
233
234
235
236
237
238
239
261
262
263
264
265
323
324
325
326
327
328
329
330
331
332
333
13
14
15
16
148
149
150
151
152
153
154
158
159
160
161
162
163
220
221
222
223
224
225
226
227
228
229
230
231
232
233
234
235
236
237
238
239
260
261
262
263
264
265
266
267
320
321
322
323
324
325
326
327
328
329
330
331
332
333
12
13
14
15
16
17
18
19
20
21
22
23
148
149
150
151
152
153
158
159
160
161
162
163
164
221
222
223
224
225
226
227
228
229
230
231
232
233
234
235
236
237
238
239
260
261
262
263
264
265
266
267
320
321
322
323
324
325
326
327
328
329
330
331
332
333
12
13
14
15
16
17
18
19
20
21
22
23
151
152
153
159
160
161
162
163
164
199
200
201
202
203
221
222
223
224
225
226
227
228
229
230
231
232
233
234
235
236
237
260
261
262
263
264
265
266
267
275
276
277
278
279
280
283
284
285
320
321
322
323
324
325
326
327
328
329
330
331
332
333
12
13
14
15
16
17
18
19
20
21
22
23
159
160
161
162
163
164
199
200
201
202
203
205
206
207
221
222
223
224
225
226
227
228
229
230
231
232
233
234
235
236
237
260
261
262
263
264
265
266
267
275
276
277
278
279
280
281
282
283
284
285
286
287
288
289
321
322
323
324
325
326
327
328
329
330
331
332
333
12
13
14
15
16
17
18
19
20
21
162
163
164
199
200
201
202
203
205
206
207
224
225
226
227
228
229
230
231
232
233
234
235
236
237
260
261
262
263
264
265
266
267
275
276
277
278
279
280
281
282
283
284
285
286
287
288
289
290
322
323
324
325
326
327
328
329
330
331
332
333
13
14
15
16
17
18
19
20
21
199
200
201
202
203
204
205
206
207
208
209
227
228
229
230
231
232
233
234
235
236
237
260
261
262
263
264
265
266
267
275
276
277
278
279
280
281
282
283
284
285
286
287
288
289
290
322
323
324
325
326
327
328
329
330
331
332
333
200
201
202
203
204
205
206
207
208
209
210
211
229
230
231
232
233
234
235
236
237
260
261
262
263
264
265
266
267
274
275
276
277
278
279
280
281
282
283
284
285
286
287
288
289
290
323
324
325
326
327
328
329
330
331
332
200
201
202
203
204
205
206
207
208
209
210
211
229
230
231
233
234
235
236
240
241
242
243
262
263
264
265
266
273
274
275
276
277
278
279
280
281
282
283
284
285
286
287
288
323
324
325
326
328
329
330
331
201
202
203
204
205
206
207
208
209
210
211
232
233
234
235
236
237
238
239
240
241
242
243
273
274
275
276
277
278
279
280
281
282
283
284
285
286
328
329
330
331
201
202
203
204
205
206
207
208
209
210
211
226
227
228
232
233
234
235
236
237
238
239
240
241
242
243
273
274
275
276
277
278
279
280
281
282
283
284
285
286
287
288
289
201
202
203
204
205
206
207
208
209
210
211
226
227
228
229
231
232
233
234
235
236
237
238
239
240
241
242
274
275
276
277
278
279
280
281
282
283
284
285
286
287
288
289
120
121
122
203
204
205
206
209
210
211
225
226
227
228
229
231
232
233
234
235
236
237
238
239
240
241
242
243
274
275
276
277
278
279
280
281
282
283
284
285
286
287
288
289
26
27
28
29
30
31
120
121
122
123
124
125
203
204
205
224
225
226
227
228
229
230
231
232
233
234
235
236
237
238
239
240
241
242
243
274
275
276
277
278
279
280
281
282
283
284
285
286
287
288
26
27
28
29
30
31
120
121
122
123
124
125
126
127
224
225
226
227
228
229
230
231
232
233
234
235
236
237
238
239
240
241
242
243
274
275
276
277
278
279
280
281
282
283
284
285
286
287
288
22
23
24
25
26
27
28
29
30
31
121
122
123
124
125
126
127
224
225
226
227
228
229
230
231
232
233
234
235
236
237
238
239
240
241
242
243
274
275
276
277
278
279
280
281
282
283
284
285
286
287
320
321
322
22
23
24
25
26
27
28
29
121
122
123
124
125
126
127
225
226
227
228
229
230
231
232
233
234
235
236
237
238
239
240
241
242
243
244
274
275
276
277
278
279
280
281
282
283
284
285
286
287
319
320
321
322
22
23
24
25
26
27
28
121
122
123
124
125
126
225
226
227
228
229
230
231
232
233
234
235
236
237
238
239
240
241
242
243
244
277
278
279
280
281
282
283
284
285
286
319
320
321
322
23
24
25
26
27
28
29
30
31
225
226
227
228
229
230
231
232
233
234
235
236
237
238
239
240
241
242
243
244
277
278
279
280
281
282
283
284
285
319
320
321
22
23
24
25
26
27
28
29
30
31
228
229
230
231
232
233
234
235
236
237
238
240
241
242
243
277
278
279
280
281
282
283
284
318
319
320
321
322
323
22
23
24
25
26
27
28
29
30
31
227
228
229
230
231
232
233
234
235
236
237
238
277
278
279
280
281
282
283
284
318
319
320
321
322
323
22
23
24
25
26
27
28
29
30
217
218
219
220
221
222
223
227
228
229
230
231
232
233
234
235
236
237
277
278
279
280
281
282
283
284
318
319
320
321
322
323
22
23
24
25
26
27
28
29
217
218
219
220
221
222
223
225
226
227
228
229
230
231
232
233
234
235
236
237
238
280
281
282
283
284
319
320
321
322
323
22
23
24
25
26
159
160
161
162
216
217
218
219
220
221
222
223
224
225
226
227
228
231
232
233
234
235
236
237
238
280
281
282
283
320
321
322
323
23
24
25
26
159
160
161
162
163
216
217
218
219
220
221
222
223
224
225
226
227
228
229
232
233
234
235
236
237
238
280
281
282
283
23
24
25
159
160
161
162
163
216
217
218
219
220
221
222
223
224
225
226
227
228
229
232
233
234
235
236
237
238
239
280
281
282
159
160
161
162
163
164
165
166
204
205
206
207
208
209
210
211
217
218
219
220
221
222
223
224
225
226
227
228
229
232
233
234
235
236
237
238
239
259
260
261
159
160
161
162
163
164
165
166
202
203
204
205
206
207
208
209
210
211
212
219
220
221
222
223
224
225
226
227
228
234
235
236
237
238
239
259
260
261
262
263
264
265
159
160
161
162
163
164
165
166
167
202
203
204
205
206
207
208
209
210
211
212
219
220
221
222
223
224
225
226
227
234
235
236
259
260
261
262
263
264
265
159
160
161
162
163
164
165
166
167
168
202
203
204
205
206
207
208
209
210
211
212
213
214
219
220
221
222
223
224
225
226
227
259
260
261
262
263
264
265
159
160
161
162
163
164
165
166
167
168
201
202
203
204
205
206
207
208
209
210
211
212
213
214
215
219
220
221
223
224
225
226
227
260
261
262
263
264
265
160
161
162
163
164
165
166
167
168
200
201
202
203
204
205
206
207
208
209
210
211
212
213
214
215
216
223
224
225
160
161
162
163
164
165
166
167
168
169
170
199
200
201
202
203
204
205
206
207
208
209
210
211
212
213
214
215
216
161
162
163
164
165
166
167
168
169
170
198
199
200
201
202
203
204
205
206
207
208
209
210
211
212
213
214
215
216
297
298
299
161
162
163
164
165
166
167
168
169
170
198
199
200
201
202
203
204
207
208
209
210
211
212
213
214
297
298
299
300
161
162
163
164
165
166
167
168
169
170
171
198
199
200
207
208
209
210
211
212
296
297
298
299
300
301
96
97
98
102
103
104
105
161
162
163
164
165
166
167
168
169
170
171
208
209
210
211
295
296
297
298
299
300
301
96
97
98
99
102
103
104
105
106
107
161
162
163
165
166
167
169
170
171
293
294
295
296
297
298
299
300
301
302
303
304
96
97
98
99
100
101
102
103
104
105
106
107
112
113
114
293
294
295
296
297
298
299
300
301
302
303
304
305
96
97
98
99
100
101
102
103
104
105
106
107
108
109
110
111
112
113
114
292
293
294
295
296
297
298
299
300
301
302
303
304
305
306
307
96
97
98
99
100
101
102
103
104
105
106
107
108
109
110
111
112
113
114
292
293
294
295
296
297
298
299
300
301
302
303
304
305
306
307
98
99
100
101
102
103
104
105
106
107
108
109
110
111
112
113
291
292
293
294
295
296
297
298
299
300
301
302
303
304
305
306
307
308
99
100
101
102
103
104
105
106
107
108
109
110
111
291
292
293
294
295
296
297
298
299
300
301
302
303
304
305
306
307
308
99
100
101
102
103
104
105
106
291
292
293
294
295
296
297
300
301
302
303
304
305
306
307
308