109
26
28
29
72
110
111
26
27
30
72
73
237
27
29
57
58
74
106
236
282
283
26
28
63
106
107
124
235
283
57
60
62
123
230
231
232
233
234
25
230
231
122
233
234
123
124
171
329
121
122
144
172
327
328
14
25
26
144
230
252
253
304
12
13
17
18
25
114
136
145
172
230
254
278
304
16
18
26
51
52
64
115
137
212
213
229
277
301
302
305
306
13
14
24
26
63
65
137
214
282
283
305
12
13
24
52
87
113
138
277
282
283
17
24
62
64
72
87
88
129
132
276
277
12
13
19
21
22
63
64
72
73
129
130
178
252
253
276
277
300
301
12
128
129
139
140
254
277
10
12
20
64
130
139
144
175
176
276
299
21
129
131
142
144
210
254
255
275
276
277
8
12
13
61
63
121
130
132
138
139
144
209
256
12
39
51
62
138
140
141
143
212
256
257
279
38
39
50
61
120
121
122
137
141
207
257
11
26
49
119
120
121
122
123
186
187
26
27
48
121
189
268
189
282
64
65
118
269
271
283
316
64
142
249
284
289
63
82
83
84
117
119
142
143
185
288
315
325
63
65
83
119
185
186
187
230
249
250
254
289
316
325
13
14
249
250
325
12
85
86
229
231
254
258
324
325
15
63
118
119
120
221
256
324
325
14
15
41
61
62
63
65
67
68
88
89
107
117
119
241
325
12
15
16
17
32
42
44
60
61
62
85
86
117
198
199
220
297
11
38
41
42
43
44
61
62
64
87
109
110
111
119
151
198
199
200
217
219
222
242
295
296
9
12
20
32
34
39
44
111
112
120
143
150
151
167
242
296
331
332
17
18
20
32
62
79
85
110
112
121
143
194
223
332
8
18
19
62
79
121
123
143
145
147
148
165
192
193
332
7
16
37
79
144
146
147
165
166
192
333
16
17
18
67
121
122
144
145
148
191
193
18
38
39
46
66
68
120
194
19
39
47
193
194
195
196
19
22
46
48
49
162
196
21
22
45
47
161
163
194
19
154
155
162
244
298
15
16
154
161
162
207
245
294
298
18
126
127
199
200
207
208
210
244
296
19
179
183
200
209
128
185
248
249
181
199
205
247
291
292
309
310
311
180
183
199
204
205
237
292
310
311
25
197
204
207
239
310
26
40
74
83
197
238
27
37
39
40
62
73
74
75
82
83
203
276
61
63
64
74
84
127
128
198
204
275
276
281
286
38
125
127
135
136
203
258
260
285
287
304
318
322
38
39
78
82
85
96
97
135
140
217
258
259
283
286
306
319
323
36
38
55
56
86
100
102
140
218
276
284
286
287
305
319
325
35
36
53
55
78
85
99
139
200
202
277
286
288
307
315
316
14
35
37
54
58
79
141
201
216
278
290
291
306
313
5
37
141
143
190
195
275
276
312
5
6
12
13
22
26
29
38
39
191
193
2
3
5
20
22
26
32
36
95
190
191
26
27
31
55
94
30
93
187
191
192
262
289
26
55
56
113
141
143
186
187
194
263
288
25
28
48
49
50
57
59
139
141
142
261
263
298
51
59
108
109
112
113
141
159
160
162
202
262
286
287
297
314
54
56
109
140
142
160
163
198
294
312
313
56
109
141
198
199
202
245
295
330
108
148
202
203
247
111
147
198
217
247
248
331
332
110
146
147
150
155
218
235
247
268
300
331
148
153
154
218
234
259
273
303
305
333
35
36
45
145
147
149
219
233
247
248
249
260
270
274
295
301
302
303
330
35
45
145
234
261
271
290
291
294
300
303
330
43
44
46
118
120
150
168
220
235
248
261
290
292
293
299
303
43
99
104
106
121
145
166
188
245
246
262
296
105
106
146
150
151
165
166
167
245
262
100
105
166
188
246
247
100
105
182
188
306
92
106
107
141
181
182
305
307
322
78
101
102
107
140
141
183
305
321
322
36
81
82
94
103
306
307
321
322
15
33
34
35
36
37
38
80
82
95
98
168
307
16
36
60
61
63
82
84
97
127
128
168
169
307
318
319
19
35
36
60
63
64
83
167
168
169
182
18
33
127
128
132
165
166
184
277
305
65
66
125
128
148
166
182
183
184
186
189
277
288
289
64
65
131
183
187
210
276
81
130
131
149
179
182
209
210
211
264
288
55
82
117
150
178
180
181
186
187
209
210
212
265
1
56
83
84
114
116
118
129
132
265
267
268
0
88
210
212
0
56
89
130
280
281
56
226
228
251
253
279
312
313
314
88
89
130
131
228
251
252
270
311
313
58
88
129
130
174
229
256
311
313
58
86
87
254
256
270
271
272
44
86
87
154
173
174
225
237
257
282
154
174
176
201
225
226
234
235
236
238
257
259
283
284
325
43
86
227
260
321
323
40
43
156
163
177
178
198
201
226
322
323
127
128
163
176
177
178
179
180
198
200
225
237
252
259
13
39
40
98
127
128
164
177
180
214
236
251
253
260
275
10
12
40
51
96
127
213
235
252
274
276
311
51
52
99
101
125
214
236
311
312
13
38
39
54
81
84
85
99
184
236
237
10
11
13
51
79
80
84
85
101
183
270
271
276
288
9
10
11
13
14
79
82
98
175
176
184
191
198
270
276
287
288
297
299
14
27
82
87
99
178
195
196
198
270
271
275
276
287
291
296
13
28
91
176
189
264
267
289
290
27
91
176
188
190
266
276
290
303
27
80
101
175
234
266
301
304
79
93
101
102
229
233
301
78
90
102
160
206
207
210
231
287
288
302
89
153
154
155
161
162
208
209
230
231
265
266
287
303
16
66
67
79
156
162
207
265
286
288
302
20
23
24
67
68
88
141
231
266
288
18
24
88
142
224
288
69
142
171
224
226
233
317
67
149
172
173
225
227
291
321
3
4
148
149
225
292
315
316
320
3
46
170
293
319
4
169
321
328
330
4
43
45
46
52
92
93
163
247
320
321
322
331
43
48
51
52
94
247
277
331
42
43
51
57
58
120
161
203
215
246
249
271
273
275
277
278
18
56
57
58
116
117
119
162
202
213
215
216
217
272
274
276
278
279
18
53
64
66
117
158
161
201
202
213
216
217
228
22
82
83
158
162
163
213
228
229
230
270
20
24
25
26
63
67
69
157
161
162
164
268
308
321
24
25
69
83
85
162
182
268
306
309
312
320
70
163
182
183
184
185
220
273
306
307
310
50
126
183
184
186
221
273
297
298
305
306
307
317
318
125
126
185
220
221
246
271
297
298
309
50
62
67
105
107
125
220
221
247
274
316
317
318
9
51
52
105
106
124
217
231
245
246
248
329
331
8
9
10
61
67
70
219
234
245
275
303
329
330
55
63
66
67
68
126
161
232
274
301
302
304
56
73
125
156
157
223
224
232
250
275
301
56
62
71
72
156
157
158
159
221
222
231
232
236
250
19
20
21
27
55
56
62
70
71
130
133
158
159
231
232
233
237
251
33
53
63
70
132
133
140
231
300
20
26
27
28
30
33
34
52
71
132
135
141
171
236
238
299
300
26
28
140
141
142
171
172
182
299
300
27
126
140
169
172
178
179
181
186
187
299
301
31
32
33
118
125
127
138
139
140
168
169
170
180
186
34
118
119
140
309
312
116
160
161
241
264
311
119
159
161
218
264
310
174
200
201
217
219
239
265
1
174
201
238
252
1
175
193
253
254
1
2
101
102
194
225
226
255
0
1
86
101
103
152
194
223
255
275
276
302
303
86
88
102
154
200
223
225
238
241
244
255
277
301
302
85
202
203
218
223
240
241
245
284
301
302
303
102
154
155
203
217
226
245
246
283
286
287
299
300
302
85
142
143
154
202
203
218
282
300
311
312
313
142
195
204
216
217
14
155
196
197
216
217
298
300
55
156
299
332
13
14
218
331
15
17
54
57
332
0
1
2
16
17
58
216
226
229
301
18
19
227
300
18
19
203
204
227
230
231
299
85
204
205
232
23
110
112
202
203
231
232
310
311
23
85
112
203
226
232
296
309
312
22
33
72
86
109
179
226
233
259
260
296
310
312
32
70
71
109
169
170
178
180
232
259
297
310
313
21
56
57
71
72
180
227
232
233
234
235
242
243
244
261
262
314
33
55
57
70
72
171
174
175
226
232
233
242
32
34
173
179
180
206
207
233
234
235
241
280
282
283
35
36
177
201
202
206
243
280
36
53
86
178
203
284
289
317
53
61
85
175
283
287
288
316
318
38
54
122
139
285
290
292
293
37
63
65
87
123
139
262
289
293
329
330
13
14
15
16
46
47
49
62
63
88
119
120
122
140
258
262
330
17
18
118
131
132
149
150
165
290
149
164
165
196
260
261
17
132
137
150
164
165
195
221
222
241
63
64
65
136
138
153
197
220
222
241
130
151
195
213
221
241
270
37
129
151
152
153
169
194
213
245
246
252
35
38
153
167
169
184
211
244
246
247
253
254
271
144
153
154
185
186
188
243
245
253
258
268
270
271
272
274
285
286
316
39
68
79
80
129
130
143
144
155
187
256
258
272
273
284
293
316
317
40
66
79
80
128
130
144
184
185
187
188
189
288
29
49
65
129
133
150
183
186
293
317
28
131
132
134
148
174
175
187
200
201
28
47
118
120
132
152
153
197
198
199
290
291
48
119
152
153
154
172
200
30
49
75
155
157
166
173
200
281
289
302
28
75
94
95
158
165
171
172
173
175
223
282
301
303
27
75
76
93
96
164
173
223
281
300
301
13
14
74
76
92
93
94
96
98
170
171
220
223
300
302
13
97
162
163
164
165
170
172
221
279
281
301
17
18
83
91
97
98
169
170
226
228
230
278
281
282
283
18
20
76
84
99
106
126
193
228
282
292
75
76
97
107
128
130
138
193
224
293
19
20
26
55
86
87
103
105
126
139
141
151
179
195
281
282
2
3
4
5
27
52
53
86
87
105
140
141
142
152
153
178
180
193
195
196
222
250
252
294
3
5
19
21
24
25
26
44
81
85
86
102
103
104
128
142
148
153
177
179
181
192
195
250
252
293
330
6
22
37
44
45
81
82
87
103
126
129
143
182
216
217
292
332
333
35
37
127
135
149
152
215
6
31
33
37
128
148
214
215
5
38
84
124
126
127
133
134
215
216
331
3
8
51
62
84
86
94
119
120
123
126
127
128
132
133
134
142
287
331
5
7
48
50
62
64
84
85
96
97
120
125
127
128
132
140
141
285
288
290
332
7
34
35
36
61
63
84
87
96
125
247
5
33
61
82
126
186
247
6
82
152
212
246
288
11
105
187
210
212
289
307
98
102
148
151
187
288
308
8
10
101
104
148
149
150
203
288
289
95
96
102
106
147
148
150
203
306
95
105
107
204
294
302
305
306
97
98
100
152
157
158
159
205
276
277
303
304
38
97
99
148
151
152
159
160
204
274
276
277
278
295
39
97
100
112
151
157
205
274
275
294
295
296
299
300
39
40
96
115
116
145
149
150
156
162
269
38
95
114
145
150
157
258
268
299
300
37
39
88
117
159
200
225
258
270
294
297
298
299
22
24
25
40
89
91
116
145
153
158
159
162
164
170
171
197
222
223
257
259
293
294
319
21
22
23
26
38
39
104
105
107
153
156
163
164
165
169
170
197
198
199
19
20
21
104
105
108
153
161
162
163
196
200
201
203
249
320
332
31
104
114
148
153
168
249
321
331
333
49
107
112
113
148
162
168
184
203
248
249
330
333
32
33
49
50
108
144
148
154
167
184
185
249
328
65
66
149
162
248
315
65
145
146
148
149
154
163
246
256
315
87
154
189
245
255
256
315
329
330
64
87
89
147
187
316
317
329
332
88
188
250
251
316
318
329
331
30
65
66
147
249
259
263
264
318
29
30
31
65
66
146
252
260
262
263
318
330
332
31
117
147
251
263
310
331
32
108
116
140
142
174
278
299
300
301
309
310
330
65
107
115
117
175
176
178
274
300
2
4
30
65
108
140
144
145
170
171
175
177
179
274
275
277
1
30
64
65
109
138
141
219
276
0
140
141
142
171
217
219
226
273
274
39
64
173
222
224
275
286
305
309
313
314
38
60
144
145
223
224
286
305
308
311
38
59
62
222
224
225
287
306
310
311
312
63
112
224
225
257
258
287
307
64
114
224
225
258
259
114
115
183
264
265
306
92
115
183
203
204
264
267
268
86
87
91
92
114
173
174
205
255
267
304
306
86
90
167
168
173
184
252
254
263
300
302
303
305
112
170
173
176
183
187
252
253
254
300
99
112
157
182
186
193
194
244
250
98
100
111
156
157
245
100
120
125
126
127
128
156
157
195
235
255
39
99
119
120
121
122
124
126
129
156
195
234
235
247
252
253
40
41
118
121
194
209
210
212
214
234
248
252
35
118
119
120
162
163
164
195
209
212
213
251
32
34
118
120
141
213
9
164
210
254
255
9
10
139
140
253
258
259
252
254
255
256
257
258
253
254
256
257
258
67
254
256
303
68
205
239
240
255
304
67
203
204
216
240
246
259
262
303
215
216
239
240
247
260
263
271
245
261
271
246
273
274
3
4
245
246
272
273
4
46
173
224
225
273
47
103
104
105
174
225
270
47
48
54
55
56
103
175
271
272
6
58
104
324
6
59
67
68
101
103
179
325
6
10
34
35
70
100
101
144
180
186
204
324
330
8
34
96
99
100
145
178
180
186
189
204
323
330
331
48
50
51
98
109
135
169
178
180
188
206
328
329
333
4
49
60
62
95
98
108
109
134
135
145
168
178
180
250
329
3
4
61
95
99
134
136
167
168
169
249
264
49
55
58
61
63
146
161
170
225
229
250
258
260
4
48
49
54
55
76
135
145
160
161
226
229
248
259
265
276
277
49
54
77
135
206
227
248
263
264
275
49
55
123
155
206
233
234
247
263
35
57
79
122
134
183
185
207
231
246
80
123
124
154
157
181
183
184
185
186
247
37
315
40
184
248
270
272
317
35
40
41
118
185
271
313
314
315
40
63
117
161
313
41
63
66
77
78
80
118
159
160
183
185
39
64
66
67
68
90
117
282
39
44
63
67
68
90
100
186
39
40
43
45
60
62
64
66
87
99
100
103
104
173
186
281
282
45
67
81
88
89
94
95
101
185
281
42
81
82
87
89
90
92
94
95
158
174
175
184
211
282
60
61
80
81
83
87
91
92
93
159
174
209
212
214
60
61
81
88
92
95
97
126
157
158
201
202
203
216
62
71
87
95
127
129
203
229
308
31
67
69
129
227
229
230
308
186
187
228
260
261
309
310
30
70
71
126
186
258
307
28
31
70
116
126
186
306
93
115
154
187
284
94
105
107
114
125
153
189
282
285
93
154
157
158
216
282
316
104
155
158
215
255
256
315
324
85
86
106
154
155
157
216
255
315
45
84
86
104
105
107
141
155
215
324
325
65
105
106
108
228
46
47
64
66
141
186
187
228
229
305
45
46
64
65
140
141
177
178
179
186
301
37
46
65
66
301
304
311
312
314
2
39
40
46
177
301
302
303
2
42
147
211
273
299
300
43
46
72
145
147
149
211
213
234
237
272
277
299
300
3
11
71
143
146
212
233
235
272
276
298
300
6
11
71
72
174
175
252
254
255
272
273
276
277
288
297
298
4
8
11
12
14
15
48
88
89
173
174
226
253
262
263
272
273
286
300
14
25
38
49
88
224
225
252
253
261
276
286
25
36
39
73
89
102
165
174
286
287
288
25
49
50
72
103
138
141
165
287
288
297
25
98
103
137
166
288
296
51
74
98
99
104
137
140
165
166
223
296
22
23
50
100
102
103
104
139
165
172
174
222
223
10
11
13
21
99
101
139
142
173
174
228
242
243
308
310
312
9
11
12
13
148
150
151
194
195
308
311
312
319
189
190
194
229
230
243
308
309
316
318
191
232
318