5
6
8
10
130
131
319
320
7
10
23
24
25
27
113
130
131
132
133
237
243
262
270
271
319
326
327
328
5
6
24
28
29
114
130
134
209
210
224
225
237
238
240
242
263
273
9
18
23
30
31
132
133
209
226
227
240
263
273
274
326
327
13
16
23
27
28
112
154
208
209
226
241
262
264
265
273
328
329
6
7
14
15
16
17
27
28
30
129
131
148
263
264
265
20
25
27
30
47
48
112
130
144
146
154
185
188
235
266
276
317
319
22
29
49
95
96
106
111
128
153
154
187
225
227
235
236
255
258
266
277
316
318
20
29
96
107
158
186
223
226
256
276
21
95
97
122
136
138
160
161
164
182
234
242
286
20
36
37
95
96
106
135
137
161
163
241
242
287
20
38
90
107
122
137
138
160
162
179
181
182
184
248
286
287
294
295
296
12
90
104
137
139
179
226
227
249
297
316
13
14
65
104
123
181
226
227
249
271
272
297
298
317
318
5
6
10
11
12
14
17
64
66
90
122
227
271
6
15
17
38
65
119
120
196
234
235
237
272
6
7
16
18
40
51
119
149
195
196
235
263
264
5
6
19
40
41
51
53
88
118
148
149
235
238
264
265
266
267
274
317
50
66
88
117
215
234
235
238
264
266
276
317
66
117
121
122
123
148
199
215
216
267
268
269
275
276
314
317
318
14
66
67
69
77
86
117
140
197
213
268
269
274
313
315
49
76
77
141
142
189
190
197
212
269
275
328
330
15
24
49
50
53
147
148
149
191
195
196
199
201
202
209
211
248
276
277
278
315
326
328
23
56
81
145
146
148
149
188
196
201
203
209
210
212
247
277
280
15
24
25
55
81
82
118
121
148
200
207
237
248
277
278
284
285
287
14
15
24
25
53
54
85
86
87
117
197
199
208
236
248
249
288
15
86
87
88
115
116
117
118
119
122
127
207
236
247
248
250
283
285
291
292
86
102
103
127
128
159
207
284
285
291
102
128
159
160
188
19
21
55
56
73
74
77
119
127
189
190
227
228
282
324
325
326
19
21
23
41
56
73
74
75
77
79
89
90
117
118
128
161
162
169
171
173
174
182
189
227
281
325
21
22
24
42
43
75
88
89
111
118
119
160
163
173
174
175
179
183
189
221
23
26
27
41
110
112
129
163
168
180
220
221
23
24
25
112
113
164
165
191
220
6
7
8
23
24
27
41
44
130
145
170
221
222
301
5
41
42
76
77
108
130
160
173
221
256
301
5
6
41
77
78
95
107
108
143
144
159
168
171
255
256
301
6
95
131
158
160
168
183
258
301
106
130
166
167
168
169
181
93
96
169
182
226
328
225
329
71
72
138
140
148
10
70
109
110
111
137
138
139
145
149
155
156
164
165
168
224
324
329
10
16
58
62
79
108
138
141
142
145
146
156
167
223
323
324
325
9
15
48
59
61
108
142
147
148
149
156
315
324
325
16
60
79
147
149
314
47
80
148
157
158
195
313
325
46
80
148
149
157
158
195
196
326
327
73
74
157
158
174
176
197
215
217
10
71
74
76
87
175
176
214
217
11
12
19
20
62
64
66
86
20
21
61
65
67
92
19
21
86
87
93
189
206
220
86
89
90
94
116
190
206
213
216
220
257
258
259
5
16
81
90
188
205
213
214
219
256
258
260
16
82
90
116
117
194
205
261
6
7
32
75
83
193
194
227
228
229
306
5
6
14
15
29
30
32
77
78
102
228
229
310
7
14
23
26
27
31
33
78
147
149
150
202
277
278
308
310
13
18
24
26
27
28
29
77
103
148
202
277
278
292
7
17
102
145
146
203
218
278
293
28
30
83
104
147
217
219
262
278
284
292
303
9
17
28
29
82
87
132
147
219
227
228
277
278
285
303
11
12
82
83
86
89
90
104
130
147
182
217
226
227
228
262
280
281
282
289
306
17
18
19
28
29
83
84
85
89
91
101
103
127
129
148
182
218
260
262
282
291
304
305
9
28
29
81
103
127
128
139
181
331
332
8
9
10
79
83
86
95
128
138
140
170
193
291
304
330
331
8
9
27
66
82
83
95
128
129
183
194
257
259
65
69
93
172
182
193
194
252
259
272
65
67
70
90
171
207
208
245
252
260
271
302
70
71
72
92
93
208
209
245
251
252
253
255
301
23
24
70
72
208
211
224
233
246
253
254
271
301
303
322
24
69
225
233
234
253
321
322
105
234
252
24
27
28
29
71
103
104
224
294
320
23
28
29
30
70
89
90
108
230
232
240
242
254
256
295
319
320
28
29
88
107
229
230
231
241
242
243
253
254
255
262
263
296
28
107
179
181
182
229
247
253
262
263
310
311
106
107
166
180
181
247
269
270
297
310
6
26
141
166
167
180
181
185
186
246
247
252
269
278
296
298
299
302
311
3
25
26
89
98
100
104
112
113
134
166
167
168
184
185
209
210
301
312
314
5
88
99
100
112
139
166
181
185
209
249
279
1
2
7
33
45
134
135
136
139
159
209
248
279
311
2
3
34
88
91
92
155
246
3
41
42
44
111
136
137
138
141
154
158
185
248
310
312
10
12
32
34
41
43
85
86
92
94
95
98
111
124
125
171
184
186
313
320
1
9
32
33
62
64
86
94
99
156
171
172
244
245
283
318
321
0
1
7
32
62
85
99
109
112
127
157
159
173
243
245
328
31
54
62
65
80
87
88
98
113
157
160
243
244
282
285
324
330
3
53
86
87
115
157
158
160
283
287
288
330
333
5
80
81
88
272
286
323
330
331
332
6
54
80
82
272
286
322
323
331
332
333
55
206
272
299
330
31
33
42
44
115
203
299
300
331
33
49
114
115
204
19
21
45
49
114
20
45
49
117
283
80
81
82
96
97
98
234
249
283
284
285
21
33
37
81
82
97
100
130
233
235
236
251
285
34
36
99
152
236
251
8
11
17
98
130
238
12
16
39
97
129
152
153
177
178
236
9
10
39
40
56
57
177
178
16
56
100
128
151
177
231
232
281
308
309
57
128
144
145
178
179
220
223
224
233
273
275
276
277
279
10
55
56
98
129
145
149
178
223
232
273
274
275
311
332
55
114
116
143
144
222
310
330
332
333
10
55
98
115
116
231
309
329
333
11
19
20
27
120
141
173
174
330
21
56
57
71
72
120
121
173
242
243
329
28
29
30
31
70
121
165
166
167
173
242
28
29
120
145
166
173
242
329
113
144
146
30
166
328
31
32
33
34
63
112
175
225
274
32
43
63
111
113
114
115
171
174
175
223
225
226
229
317
44
58
65
116
117
172
174
183
184
185
222
273
274
320
321
12
13
37
43
44
45
46
58
67
111
172
173
175
176
184
185
231
232
273
317
318
321
13
38
44
57
59
60
67
68
131
175
181
184
221
222
264
36
57
69
86
87
89
131
176
222
223
240
241
242
267
323
9
10
11
14
15
35
57
59
60
82
88
133
134
176
185
253
266
316
317
322
323
9
10
15
55
57
58
82
148
185
186
255
256
315
10
56
58
80
96
147
175
198
199
239
264
267
317
9
57
58
79
80
81
97
112
131
174
176
197
198
199
236
237
239
256
257
264
268
316
58
83
98
112
130
131
148
238
257
320
130
236
256
258
315
321
57
95
97
98
99
109
110
148
149
252
316
318
31
97
119
121
191
254
256
317
28
29
30
122
192
255
256
318
17
18
30
70
77
100
102
110
157
193
17
50
52
69
70
77
78
79
85
86
101
110
111
119
154
156
158
50
51
77
78
86
117
121
158
18
50
51
77
78
103
159
19
114
158
202
12
18
53
113
114
203
204
205
12
13
53
64
66
67
68
113
168
169
54
65
169
205
206
285
318
319
53
203
204
205
210
286
319
324
11
12
51
52
53
54
65
204
209
211
260
323
12
13
51
52
94
95
97
159
209
259
260
261
283
286
323
324
95
96
97
109
209
284
285
95
109
110
159
208
94
95
96
98
110
225
4
7
15
47
95
96
97
157
226
5
23
24
47
48
85
94
200
201
220
264
286
287
288
4
14
16
23
84
105
202
216
217
218
224
263
274
286
291
292
295
5
83
105
108
182
183
217
264
275
291
303
108
182
185
253
293
303
304
317
318
83
107
128
185
206
212
253
254
274
288
289
292
296
297
298
318
326
127
129
183
209
210
253
272
288
298
327
11
77
79
128
154
184
185
186
202
208
271
292
294
295
297
303
328
8
10
78
127
129
153
154
170
183
201
251
291
292
294
295
304
327
52
183
203
291
304
50
51
52
127
154
170
171
304
49
51
172
304
305
231
306
105
114
166
232
309
84
160
167
245
268
308
309
310
331
56
83
105
106
114
115
161
166
230
243
247
269
330
43
44
81
82
103
131
167
205
229
230
243
244
246
247
248
267
279
280
42
43
58
73
82
103
130
132
161
166
205
230
245
278
279
331
332
42
43
56
57
59
72
73
82
104
130
133
134
138
162
163
223
224
245
276
277
279
333
58
71
73
130
133
138
205
206
207
223
13
42
72
73
137
200
206
13
35
74
161
162
200
203
204
207
282
283
319
12
35
36
74
160
162
163
165
201
202
206
281
284
285
319
320
74
122
136
163
166
285
306
317
326
32
34
73
89
90
121
122
132
137
138
162
307
327
74
122
123
137
138
170
307
328
23
72
73
91
133
148
168
200
23
32
33
69
71
73
148
168
169
200
201
221
22
31
32
33
39
68
93
131
148
150
168
219
220
37
127
129
132
167
223
36
37
128
129
130
131
58
288
324
21
53
57
199
287
20
57
198
199
200
288
323
22
55
196
199
200
289
325
327
328
18
65
158
182
200
26
65
130
156
182
185
195
272
276
278
330
331
5
26
64
181
185
270
271
275
278
285
286
331
5
24
25
26
113
129
156
158
173
174
185
194
268
278
291
4
5
25
26
114
115
127
157
159
175
177
179
284
285
309
65
123
124
126
128
156
159
177
179
283
293
306
308
310
311
313
36
63
65
118
119
120
121
123
127
158
159
171
172
174
175
179
213
292
294
310
311
312
37
42
56
66
118
119
172
214
228
229
230
311
35
43
55
57
71
156
175
42
43
107
116
158
159
205
216
41
53
71
83
105
157
194
217
299
325
326
6
42
53
54
69
84
97
98
101
105
106
193
206
208
253
299
300
49
50
52
53
54
83
95
98
99
103
105
194
207
209
217
247
248
249
250
251
252
327
7
50
55
103
156
157
193
217
327
7
49
55
99
100
155
157
192
58
61
102
105
330
47
60
100
101
105
205
330
34
46
60
101
103
104
106
107
203
205
206
207
263
331
34
46
59
103
107
124
125
126
205
252
253
288
33
64
204
219
221
253
264
287
288
289
299
36
64
65
67
103
109
205
219
220
222
242
253
261
262
265
266
285
290
300
102
103
113
221
242
261
264
285
300
112
113
142
174
176
265
285
302
114
140
174
175
177
227
242
264
266
269
270
40
139
140
163
176
228
229
269
284
301
302
323
38
140
163
164
229
284
299
302
322
325
41
108
139
141
147
229
285
304
325
40
42
79
94
102
140
142
147
181
228
229
230
281
302
323
80
95
102
107
145
148
173
175
180
183
227
247
249
282
8
64
65
68
94
102
138
145
171
174
182
248
259
260
280
281
7
65
67
69
81
109
148
170
183
201
260
10
11
65
68
69
107
108
148
250
104
201
213
250
297
28
106
202
203
212
213
300
328
28
29
92
112
113
299
301
302
328
329
23
29
35
36
58
59
68
79
87
113
122
203
300
302
326
328
23
35
36
58
59
63
67
68
70
79
86
88
91
114
122
303
304
33
61
80
88
89
169
231
232
233
25
26
35
37
60
113
115
120
168
221
26
114
167
233
114
115
165
186
188
222
223
231
326
30
83
84
116
166
185
186
188
230
325
326
327
29
61
82
232
234
324
325
28
52
60
168
169
231
233
318
28
29
51
52
61
63
170
180
275
319
28
30
61
62
63
179
275
276
277
294
301
302
319
63
180
214
277
278
293
302
61
181
293
85
181
182
213
214
293
301
86
110
111
112
129
149
181
206
207
212
214
215
34
35
85
107
108
109
127
148
150
164
182
205
213
214
215
300
34
68
69
105
108
112
113
124
126
213
215
16
36
65
67
69
109
129
130
162
163
164
166
212
230
17
67
110
163
201
206
207
211
230
231
274
17
65
67
99
203
223
275
27
61
65
103
155
157
162
184
204
223
224
274
26
27
63
66
101
122
157
183
203
206
223
62
63
115
122
124
125
157
182
185
186
195
196
321
322
62
66
115
123
153
170
171
172
184
196
197
319
321
84
86
114
149
152
153
154
185
275
276
320
322
48
82
83
84
150
153
174
183
196
274
275
48
82
84
155
175
176
182
276
49
81
154
175
293
294
50
172
261
293
49
50
235
262
320
45
50
85
87
174
183
234
236
238
261
318
329
332
44
47
86
87
147
148
176
181
182
189
236
238
318
329
331
44
48
89
148
180
183
189
190
329
43
52
180
181
188
189
190
191
258
261
262
268
317
329
51
53
188
189
195
257
260
262
3
47
113
114
125
178
188
203
204
261
267
268
1
3
4
48
49
113
115
124
159
160
178
194
202
203
266
47
123
142
159
198
199
270
5
30
34
35
47
141
155
156
159
194
195
199
201
234
6
30
36
37
127
142
154
155
159
235
236
283
312
313
22
23
30
38
66
126
152
154
195
236
244
248
272
273
274
283
284
313
21
30
31
65
67
96
97
98
126
153
156
244
247
272
273
314
15
16
30
32
39
98
99
128
129
152
195
242
243
247
313
7
15
30
127
128
161
274
7
8
128
129
164
129
161
162
166
274
37
39
163
166
274
324
6
38
102
134
164
273
323
324
84
134
273
323
4
5
6
32
34
101
102
135
176
261
272
5
7
30
33
34
35
65
84
124
139
143
150
151
176
177
255
262
63
75
103
123
125
140
141
142
152
177
199
250
251
255
256
261
263
313
314
29
31
63
86
141
142
143
151
172
173
176
177
203
204
250
283
315
10
20
75
76
78
83
84
85
127
142
201
204
227
230
264
6
7
19
82
127
172
213
227
283
284
8
18
85
127
128
171
213
214
228
239
240
287
7
8
17
85
213
240
285
286
296
303
322
323
17
179
182
199
201
202
240
284
294
295
303
323
32
181
200
201
209
230
294
322
14
15
30
84
85
88
98
99
102
113
281
302
303
325
7
8
29
31
84
86
88
104
209
210
231
233
236
267
280
295
324
13
14
15
17
83
84
97
102
104
105
113
231
232
234
237
267
268
278
281
284
296
1
3
6
18
82
98
103
115
212
230
234
235
236
266
267
294
300
0
1
7
61
62
113
114
115
117
211
212
237
250
251
256
280
286
299
55
102
113
115
119
189
191
247
248
249
256
257
284
286
287
301
55
59
60
63
97
102
116
153
189
190
211
247
249
280
298
28
54
64
97
98
100
188
210
283
288
289
322
53
102
155
156
209
210
247
319
321
322
30
99
207
247
320
321
30
101
208
236
238
239
248
319
320
101
154
224
295
322
107
131
155
222
224
236
257
258
291
292
293
294
103
105
107
130
131
155
156
157
158
161
221
222
236
257
258
81
82
103
131
134
156
157
258
281
282
81
82
135
154
155
156
159
233
245
283
85
86
106
134
136
154
155
156
159
160
161
173
202
204
232
244
245
29
30
87
107
135
138
162
175
203
220
286
299
28
50
161
175
176
206
219
220
223
233
285
287
295
298
299
49
51
85
109
116
167
175
222
270
286
298
50
51
84
109
180
221
222
268
270
271
296
82
117
119
163
166
167
183
217
220
267
268
270
271
285
81
82
118
119
164
179
184
217
220
266
26
81
83
117
134
136
164
165
178
185
218
27
82
107
108
134
136
166
218
219
26
106
107
132
238
164
238
239
154
164
191
238
239
279
307
135
155
163
164
166
168
192
194
212
213
261
262
278
308
128
135
156
165
194
199
212
261
262
280
281
305
128
134
160
161
162
166
193
194
199
200
280
283
306
308
128
155
167
194
200
221
280
284
307
42
108
109
132
153
155
156
161
162
219
220
283
41
42
69
108
155
156
221
280
66
69
151
222
278
279
291
67
69
223
280
291
75
151
191
192
193
222
61
70
75
111
112
114
192
203
204
205
251
291
59
60
73
74
114
151
254
62
73
75
107
108
151
186
251
253
286
287
61
62
74
75
108
185
187
246
247
251
253
254
288
320
331
56
76
219
220
246
249
252
294
319
320
15
56
57
62
64
221
222
235
250
263
265
332
333
15
63
64
87
220
222
234
245
262
263
264
295
22
66
86
87
143
219
237
244
264
290
297
330
331
15
20
21
64
144
233
235
238
289
290
291
331
3
86
87
99
103
144
223
237
238
1
2
3
4
87
88
99
100
103
120
121
224
238
282
285
292
293
101
121
167
168
169
223
283
284
289
292
3
89
92
119
120
168
169
285
290
90
91
92
122
123
183
249
269
15
44
91
122
182
184
218
219
247
249
269
288
290
291
314
45
123
124
218
249
254
255
270
288
290
317
15
47
121
217
218
248
253
255
256
288
289
299
316
318
328
15
217
218
250
254
255
256
299
300
302
306
316
327
13
29
107
157
206
218
250
251
304
305
321
322
324
325
326
3
106
107
155
218
220
248
305
324
1
2
3
31
32
66
155
158
207
225
226
233
234
235
249
307
322
2
65
135
136
158
159
168
225
227
228
234
272
317
321
68
137
139
167
168
208
272
273
284
315
316
317
320
67
282
283
285
316
318