128
325
328
36
326
327
328
35
128
129
238
259
260
326
327
33
35
38
128
261
37
129
150
159
190
231
232
233
236
325
151
159
161
187
230
231
232
4
24
87
151
158
160
161
162
189
233
234
235
236
4
5
72
86
236
272
273
274
6
22
71
85
134
237
272
278
24
71
134
135
140
238
278
140
172
173
174
176
239
78
106
107
109
139
280
331
106
281
295
296
73
78
175
248
255
296
302
330
331
115
116
173
174
177
200
248
256
296
297
298
303
304
330
73
74
78
114
174
199
200
209
246
255
330
74
113
114
174
175
208
212
213
282
283
297
212
281
282
300
173
175
206
214
281
211
213
266
281
301
5
173
263
264
279
298
301
4
17
18
111
112
113
223
224
267
272
299
15
16
23
61
62
63
113
222
240
272
296
301
5
14
18
23
61
201
241
300
5
24
25
64
241
273
275
24
198
203
240
322
3
31
32
104
200
201
205
270
271
321
24
29
30
88
89
90
103
178
199
204
205
218
261
262
306
307
309
310
25
89
103
171
177
217
230
231
261
305
310
321
323
26
87
101
170
172
176
207
209
232
233
234
247
313
85
86
87
91
171
185
186
201
216
232
235
249
310
311
312
82
85
90
91
92
185
186
201
202
216
228
251
310
82
86
89
107
186
187
201
215
227
311
312
80
106
187
224
225
226
227
244
311
79
80
82
84
107
186
188
201
228
242
253
82
108
187
200
239
241
243
254
188
189
254
288
292
283
284
288
290
291
292
190
282
283
284
6
118
188
283
284
285
289
4
125
284
307
308
4
40
86
88
118
120
121
122
123
281
290
291
303
307
40
89
120
122
255
280
302
305
306
31
40
121
156
254
255
257
280
303
31
41
121
122
157
255
259
301
303
304
32
96
97
256
281
301
305
23
31
95
98
100
155
157
174
263
282
303
304
322
22
263
265
267
320
15
16
17
23
97
170
172
186
187
264
311
313
321
15
16
88
90
170
186
199
249
250
251
313
321
65
67
88
172
198
222
251
257
259
313
194
197
239
248
277
278
25
26
63
65
158
194
221
256
258
278
279
312
26
62
63
66
194
223
238
258
263
279
280
312
313
62
145
153
156
195
222
223
278
298
299
35
154
155
224
226
239
263
267
298
19
35
49
83
84
144
146
153
183
197
199
225
227
240
249
265
296
17
18
48
49
83
144
180
196
226
246
248
249
260
261
287
17
35
74
75
76
145
181
182
199
229
247
285
286
294
302
76
200
202
203
226
228
287
292
296
307
76
78
184
185
186
225
226
295
304
306
55
78
218
249
285
296
305
54
57
58
60
61
79
121
149
218
219
220
247
297
302
29
55
61
119
120
121
122
127
149
150
220
244
247
248
31
82
118
123
127
216
217
243
245
246
247
322
77
78
82
83
120
127
188
245
246
247
321
323
324
30
76
116
128
189
213
214
237
320
322
212
236
247
253
269
321
17
18
51
131
132
134
188
212
213
233
234
236
254
322
17
48
49
51
132
133
189
234
269
323
48
52
189
252
256
270
47
51
79
110
251
270
107
108
109
160
187
48
49
81
106
158
159
49
80
186
209
210
47
61
122
123
209
217
59
60
61
116
123
127
128
209
216
217
270
271
294
60
74
76
77
78
115
214
216
272
294
74
79
110
114
127
292
37
111
112
164
165
166
284
318
319
36
78
80
81
108
111
134
164
283
317
37
107
110
135
285
318
136
137
229
231
135
137
229
234
56
59
134
138
232
233
57
58
102
105
135
136
138
235
104
105
106
124
235
236
238
258
106
109
110
237
248
249
250
251
252
255
268
309
107
108
109
125
252
255
256
267
270
308
309
317
318
319
320
125
237
238
254
255
267
273
310
316
318
62
63
64
80
86
125
233
236
237
255
271
66
70
76
81
82
83
86
87
88
224
225
232
239
270
298
24
64
69
71
82
83
84
86
87
88
136
137
225
235
256
298
304
25
27
28
62
63
64
65
68
69
70
71
72
74
75
81
85
87
88
136
224
235
237
272
273
298
299
303
22
62
63
68
69
70
73
136
235
297
318
25
28
30
53
54
61
68
69
151
234
235
302
303
314
315
318
321
24
55
68
85
117
155
234
303
317
318
319
53
55
83
85
116
117
152
153
166
168
235
236
244
303
319
52
53
61
84
95
165
185
244
303
304
46
61
83
95
114
115
184
304
306
5
46
48
51
52
82
95
182
184
185
242
244
4
60
82
137
140
243
244
299
331
3
5
60
83
136
137
138
284
298
299
300
308
333
137
191
241
282
297
309
315
333
6
8
109
111
130
187
189
191
219
281
311
46
49
50
109
110
128
185
189
217
252
280
313
315
1
3
48
127
131
217
251
253
0
5
28
29
47
123
125
133
135
136
138
29
116
124
125
126
133
138
139
234
236
6
115
237
238
305
109
113
237
305
7
101
102
109
112
145
147
235
306
312
314
38
91
92
109
145
224
225
266
38
67
90
91
104
153
224
266
268
303
305
308
309
313
15
65
67
104
153
227
235
238
14
32
34
39
101
102
103
104
107
108
110
152
236
310
311
312
32
34
40
65
152
201
235
266
268
311
15
33
44
80
201
202
205
265
33
43
45
46
48
65
80
205
206
271
16
20
43
45
47
49
62
64
65
79
82
191
263
273
274
281
286
314
46
61
62
82
197
198
281
286
289
315
316
19
20
42
189
190
198
243
253
280
282
286
291
309
314
52
82
83
170
180
182
189
197
243
244
253
256
279
291
308
310
313
315
316
52
66
69
80
81
149
171
175
181
244
245
253
254
280
281
282
283
291
292
313
315
316
15
50
65
67
68
79
80
149
171
174
253
280
282
291
316
15
16
17
18
148
149
175
262
281
283
314
322
10
15
17
147
171
177
181
182
183
262
278
287
316
321
17
70
73
93
142
143
148
173
182
246
254
255
256
262
263
288
320
321
11
17
18
26
74
92
143
153
175
178
200
232
242
244
262
263
288
12
25
26
72
74
140
141
142
152
175
200
201
232
233
243
263
288
289
74
90
91
140
141
178
201
203
219
243
244
310
311
141
145
153
154
179
214
216
241
244
256
310
7
8
146
154
202
217
218
241
251
254
255
257
259
292
294
311
312
314
7
8
123
200
249
250
251
252
254
255
257
291
294
295
5
7
45
122
148
149
202
255
258
259
6
7
17
47
122
148
153
168
169
203
248
249
253
258
318
16
18
51
52
153
154
168
226
254
318
47
48
53
225
248
253
255
315
17
115
190
225
249
255
315
317
17
83
84
189
190
225
226
254
257
265
50
84
113
190
191
222
228
264
266
289
310
51
55
57
109
114
115
192
222
223
229
263
265
288
311
312
53
54
110
113
143
230
249
253
254
286
287
53
109
143
144
176
177
248
250
255
287
311
327
23
56
70
72
145
155
176
249
250
251
253
254
255
256
257
311
326
3
23
24
55
69
71
255
16
17
23
72
152
153
154
193
285
311
312
323
324
5
16
23
24
110
152
193
194
195
200
286
287
5
6
24
35
109
110
196
199
200
272
22
44
111
184
185
190
198
202
216
271
272
326
328
31
33
151
152
184
189
200
215
271
327
330
25
27
43
112
151
152
153
200
216
299
302
27
30
38
39
46
113
114
150
152
183
185
189
200
217
299
300
29
38
39
45
46
110
113
114
172
185
187
297
298
299
312
22
28
45
46
76
79
111
114
132
147
187
21
23
29
67
72
73
76
78
109
117
133
134
135
148
174
187
244
246
247
254
277
314
315
71
72
73
78
79
93
108
116
117
135
147
148
166
175
178
246
254
276
277
315
3
4
6
64
65
71
72
77
78
116
147
148
178
179
203
255
313
56
59
65
66
70
71
78
92
95
96
168
204
205
277
58
77
97
166
169
188
191
194
205
278
7
8
57
77
78
94
95
96
98
189
190
192
193
203
205
231
4
7
8
56
189
204
258
5
194
196
233
234
309
310
6
57
88
193
233
257
311
86
217
258
259
5
6
86
87
88
258
142
216
219
220
257
316
141
144
193
195
216
219
221
257
285
316
317
321
9
10
49
51
52
126
127
128
129
194
219
220
222
286
287
318
320
321
322
10
49
51
52
53
127
192
258
264
286
320
321
45
50
51
128
202
204
217
261
262
287
294
295
323
9
13
42
44
52
129
148
149
202
203
204
237
263
293
294
298
13
18
148
203
204
205
215
236
237
239
296
297
17
18
177
214
232
13
18
36
176
215
235
256
297
298
15
36
37
40
41
100
178
234
255
258
297
13
14
38
43
44
45
46
234
253
256
262
40
45
46
85
86
88
99
260
51
52
86
88
100
33
50
51
52
156
157
241
242
312
33
51
156
242
262
263
264
32
33
34
50
52
57
58
155
156
253
313
34
50
57
58
59
60
106
110
146
251
253
315
2
16
55
56
58
106
108
120
126
146
155
252
3
16
17
106
110
119
120
126
204
0
2
17
87
106
109
110
146
147
202
203
87
106
127
203
205
87
206
143
283
284
68
72
73
143
222
232
234
285
74
115
117
118
134
150
213
214
215
222
233
245
278
280
286
70
112
114
133
144
150
154
171
214
215
217
222
245
246
281
282
283
111
113
115
133
149
151
152
170
189
216
222
256
277
281
282
313
114
171
188
189
190
256
276
327
256
313
315
326
327
105
255
127
187
271
314
327
68
69
105
106
128
222
223
68
69
106
108
109
111
128
141
171
189
222
223
272
313
35
105
107
127
128
140
222
269
270
2
4
38
66
107
113
141
173
177
179
187
188
221
281
283
2
36
112
113
174
177
178
186
222
270
271
281
282
283
284
291
1
2
74
109
114
143
179
180
216
222
271
1
9
74
75
178
214
215
279
291
292
13
74
75
176
177
273
279
9
10
12
132
176
191
273
292
10
47
107
131
134
175
259
260
285
291
300
302
325
14
48
100
105
106
133
188
189
284
300
318
323
325
45
46
100
101
134
173
187
258
286
317
324
8
41
48
61
62
64
152
153
187
188
284
299
300
314
316
43
49
62
151
179
188
189
263
264
315
316
317
9
63
129
178
262
269
270
271
8
128
129
131
178
328
42
43
128
129
139
140
142
178
269
311
41
42
43
129
130
159
178
179
180
309
310
326
327
129
141
156
180
182
274
327
128
130
140
154
155
157
176
182
273
52
59
154
155
156
176
274
303
51
60
141
154
155
276
281
304
317
318
50
60
120
140
141
142
153
155
273
281
282
304
317
118
119
120
161
186
273
304
55
115
116
118
159
171
179
185
1
3
14
54
56
115
160
171
180
183
184
189
190
191
278
280
1
3
13
51
52
54
55
56
62
180
190
191
194
196
197
258
259
278
280
13
56
61
62
63
80
81
172
203
204
258
264
279
4
41
42
54
56
81
83
102
128
172
173
175
196
203
264
278
314
2
82
101
129
130
131
156
157
174
264
265
312
316
0
44
99
105
106
108
111
157
158
177
297
298
27
103
106
107
108
109
110
111
159
241
297
298
101
107
108
109
110
158
160
178
241
299
29
46
101
103
157
162
163
176
240
301
302
31
44
46
76
101
104
105
106
176
177
178
187
240
303
30
31
43
44
45
75
103
107
146
152
163
165
179
183
186
203
204
205
239
30
75
76
82
106
145
151
238
277
47
84
151
185
277
282
7
8
48
83
147
157
6
81
132
146
158
272
279
280
292
5
7
8
244
271
281
295
106
134
135
159
160
243
244
272
294
105
121
123
128
134
135
225
106
107
119
122
126
158
180
182
225
234
236
257
258
35
119
125
127
128
129
135
141
179
181
194
199
200
227
233
234
256
257
293
295
296
34
35
98
99
107
127
128
133
157
179
195
234
259
292
34
35
100
101
106
123
125
133
139
195
200
201
202
233
14
15
32
35
104
121
122
128
129
134
194
195
202
235
304
15
33
34
36
122
133
137
166
303
33
134
136
164
165
204
304
85
137
201
204
240
12
13
71
84
85
118
135
167
169
203
204
239
240
11
14
86
114
117
125
126
127
138
166
169
203
72
83
84
91
116
125
126
134
138
140
327
328
1
69
71
72
87
90
123
124
136
0
70
80
85
89
90
125
126
226
328
0
72
80
103
104
105
223
224
284
79
107
150
223
224
225
281
282
302
308
325
326
106
107
115
116
117
118
134
148
150
156
214
224
225
239
281
282
300
301
302
309
108
117
135
142
155
156
213
240
283
298
305
308
328
329
33
52
58
118
142
144
158
213
240
304
305
8
32
53
57
133
151
158
159
233
239
304
305
306
6
8
53
56
57
133
134
135
136
137
152
153
230
231
304
305
306
8
31
80
153
154
238
304
58
82
133
229
305
58
79
189
287
60
187
286
287
330
187
277
329
330
101
102
128
185
188
221
276
277
17
47
103
128
185
193
195
220
274
331
19
20
47
48
70
72
128
196
219
238
275
331
21
47
49
70
140
192
193
237
318
122
140
142
192
238
317
318
118
120
122
141
154
240
44
117
118
120
240
43
153
215
43
151
153
197
198
212
213
214
216
0
47
50
116
119
197
198
199
212
215
0
46
47
116
118
119
198
288
318
1
46
47
49
201
288
301
317
318
0
118
284
288
300
301
318
56
87
107
115
185
186
233
282
284
59
115
185
234
274
275
276
281
58
59
85
107
114
123
124
192
273
87
122
123
124
187
231
232
271
272
89
106
112
122
123
192
200
201
237
238
273
57
90
105
107
111
121
122
181
191
201
233
237
58
89
90
121
182
183
202
238
239
259
19
25
59
89
90
182
183
238
260
18
88
182
193
194
195
258
259
23
24
25
45
56
88
137
195
258
297
18
19
20
21
22
24
44
45
57
58
136
138
165
195
196
267
297
18
19
164
165
267
268
296
20
22
103
104
166
169
267
268
21
102
104
116
167
215
324
65
101
105
113
164
166
173
175
176
177
213
215
287
323
63
64
73
85
100
105
106
114
116
172
173
175
176
201
214
215
287
288
322
14
65
73
87
106
114
115
147
172
174
175
176
194
200
212
214
287
295
65
66
74
87
104
106
115
171
193
194
213
215
293
294
295
323
13
148
168
170
199
215
216
1
2
13
83
84
145
147
169
188
190
198
200
215
256
258
310
2
3
10
83
148
165
169
170
188
189
191
256
257
258
296
298
311
324
327
4
51
147
148
165
166
204
257
259
296
309
322
323
324
325
329
10
147
149
203
206
257
258
295
309
310
322
323
325
328
9
51
53
95
97
147
167
207
208
11
51
52
54
95
166
167
166
167
10
53
92
93
165
203
8
11
92
155
205
4
10
11
133
134
136
155
158
202
245
2
3
4
134
157
165
201
202
203
204
246
62
64
96
100
164
165
189
204
245
269
3
63
64
65
96
100
158
190
193
204
271
2
54
63
64
97
151
189
254
255
270
271
272
324
326
327
47
52
88
89
98
99
150
153
188
193
195
239
254
271
324
327
48
50
86
100
192
231
238
240
326
195
231
232
253
270
311
312
325
65
225
239
276
281
310
64
70
150
224
228
240
274
275
276
282
306
308
63
64
71
72
149
223
224
225
230
234
237
240
273
277
283
306
307
319
323
63
70
142
145
148
154
223
230
232
235
241
268
274
275
276
279
316
317
323
324
142
222
225
231
238
239
243
268
283
315
332
142
143
155
181
182
239
242
268
269
282
332
333
155
181
183
240
268
6
50
91
95
182
183
238
13
50
75
89
90
92
94
252
8
12
14
49
51
55
72
89
92
94
225
226
228
229
250
252
280
281
302
6
13
31
46
54
56
73
92
94
173
174
225
226
251
280
282
6
32
43
53
56
57
92
93
174
225
303
311
7
8
44
45
47
55
73
252
302
309
34
46
47
92
223
224
308
309
310
43
51
53
92
93
94
223
224
303
309
326
327
329
330
164
210
224
326
327
55
64
115
116
165
212
213
301
302
303
328
329
57
63
115
116
117
163
212
301
302
303
304
63
66
68
109
110
116
207
65
107
110
207
208
303