317
57
58
61
63
77
79
80
158
203
204
272
273
318
57
62
76
79
81
151
153
157
158
206
208
263
264
271
317
318
18
62
153
154
158
207
279
280
15
17
18
152
153
154
263
279
299
301
302
310
311
16
151
193
299
309
310
17
149
151
152
153
154
186
194
246
247
249
274
307
129
130
151
184
192
246
248
258
273
276
307
329
333
13
14
131
181
182
192
193
225
245
246
256
276
300
327
328
329
330
332
14
55
58
181
191
193
223
258
267
276
299
300
327
57
59
85
94
223
257
269
330
57
120
248
268
275
327
22
23
84
95
120
122
145
201
213
214
248
255
306
318
24
85
95
96
118
121
145
146
202
203
213
214
249
267
269
306
317
318
86
89
90
94
143
145
192
211
267
268
306
308
1
9
10
89
93
96
101
144
191
212
242
307
326
327
2
13
87
90
92
102
103
145
194
205
206
241
242
300
301
313
314
319
326
328
0
1
11
13
14
16
17
90
102
103
146
147
206
303
313
317
328
1
5
17
18
102
109
147
293
303
304
318
0
111
135
136
148
149
294
318
3
45
59
111
137
144
145
146
148
180
181
295
296
317
0
42
44
45
59
136
137
179
181
189
281
320
40
42
45
125
145
174
179
187
207
208
209
294
295
41
44
45
57
58
59
61
124
144
170
186
187
283
295
319
61
106
111
112
123
124
125
172
173
284
53
110
111
284
24
51
54
82
104
111
112
284
26
28
50
81
102
103
104
111
113
247
285
26
82
105
167
224
249
250
266
267
280
26
61
62
81
101
104
106
168
224
225
249
251
268
280
281
283
4
25
26
27
62
63
96
97
98
100
170
223
226
248
250
281
1
3
5
39
63
99
221
222
224
228
229
250
251
324
228
260
323
37
41
199
260
322
331
332
28
30
61
173
199
260
323
324
325
330
331
332
41
42
174
197
199
259
260
261
322
28
57
58
59
173
174
198
288
328
14
22
196
201
275
289
316
21
23
56
91
150
244
273
277
279
286
289
313
318
0
2
3
12
14
22
91
124
149
243
279
286
289
313
318
12
15
56
93
123
144
147
150
241
242
244
246
276
290
7
8
13
14
16
45
122
141
236
241
242
243
247
265
290
291
311
312
317
318
7
45
46
95
141
142
158
159
237
242
243
246
247
248
277
290
291
313
81
95
159
161
185
243
265
9
80
103
161
184
185
187
188
189
190
238
241
242
243
264
8
99
101
102
103
185
186
244
264
266
82
101
103
160
161
183
19
58
81
83
110
184
209
313
319
15
18
60
83
158
310
312
14
15
16
19
34
60
111
157
173
174
185
190
211
311
318
13
18
34
35
99
112
156
172
190
274
317
35
36
171
173
190
213
320
101
171
195
213
272
276
277
321
16
100
195
196
234
235
276
16
30
39
64
65
151
152
154
194
197
235
274
292
320
321
16
29
39
41
53
54
55
64
95
151
152
194
195
196
197
273
289
290
291
292
29
39
89
93
94
120
122
194
197
260
261
262
264
265
288
54
89
93
120
122
195
224
242
263
286
118
120
121
206
207
224
225
31
84
88
93
119
206
214
225
244
288
29
33
69
72
86
131
243
244
245
317
70
71
85
112
113
130
164
214
317
70
107
113
114
152
153
164
241
281
317
106
129
153
164
211
212
213
259
260
261
281
49
107
109
114
128
129
178
210
214
260
278
280
283
49
51
102
110
115
117
122
127
130
179
270
271
50
100
101
102
106
108
122
123
126
127
129
167
272
49
50
101
106
154
167
168
180
214
41
43
44
50
106
154
155
168
169
190
200
325
42
44
79
80
120
144
191
201
216
45
79
190
200
214
215
326
328
61
116
117
119
142
214
215
325
327
329
31
34
62
63
117
142
143
190
325
33
169
189
191
260
306
307
328
33
64
131
168
190
196
197
204
261
297
304
308
5
7
64
71
132
168
198
203
261
262
263
295
296
329
2
5
7
9
131
167
180
205
214
216
256
260
261
262
264
295
328
1
4
7
72
74
181
214
256
259
260
261
15
73
130
182
216
257
264
33
72
182
218
261
13
15
16
55
103
132
194
217
263
16
31
56
104
193
194
195
259
324
329
31
54
55
70
71
73
104
195
218
260
325
326
328
33
54
55
74
102
125
195
277
279
295
325
329
33
35
36
48
105
125
260
261
278
295
296
330
32
48
105
125
126
176
261
262
279
282
283
296
315
49
93
104
146
148
160
167
168
178
260
281
284
295
316
95
105
124
145
161
165
168
170
178
280
283
316
317
318
319
324
146
147
162
166
279
285
96
163
179
323
329
66
162
187
322
330
67
104
188
200
201
202
203
210
244
245
264
330
68
102
104
202
209
211
244
263
45
46
102
104
141
187
210
260
262
263
287
290
46
103
140
141
149
186
287
289
290
86
118
149
150
286
289
290
313
314
46
78
79
80
85
118
140
141
149
287
314
84
111
112
117
139
140
142
287
288
112
124
285
286
123
124
240
241
284
285
286
186
187
204
205
238
242
285
286
322
325
168
187
273
274
275
285
287
289
320
324
169
202
227
275
277
320
321
322
323
325
145
146
166
167
168
189
227
228
325
90
141
143
144
145
166
167
227
266
294
318
25
93
141
143
144
146
166
207
208
209
248
266
267
293
26
92
93
208
209
245
246
266
267
292
295
298
299
300
319
320
321
26
27
28
94
95
209
246
247
265
267
26
28
154
155
209
245
246
264
265
54
55
154
155
246
262
264
326
53
56
125
245
262
43
44
126
328
36
44
45
46
124
126
193
195
209
262
326
37
105
126
191
192
196
208
210
260
262
263
320
327
19
37
104
128
129
194
195
209
263
315
319
321
18
19
131
263
269
283
318
104
130
143
262
269
282
317
16
32
33
59
60
61
63
141
164
166
195
269
283
318
319
320
32
33
61
62
64
140
165
172
195
319
33
61
126
127
140
172
173
18
47
49
126
145
147
164
172
196
17
18
19
21
45
141
144
145
155
163
173
174
256
283
284
19
20
21
43
47
48
144
157
164
225
226
284
20
156
159
164
190
192
256
54
189
228
255
322
54
65
66
109
110
191
227
321
323
50
64
65
66
91
92
93
251
252
23
49
50
54
92
107
190
227
244
251
252
323
23
62
110
111
243
61
111
191
242
250
321
324
325
9
23
24
25
110
159
162
169
170
246
325
326
8
10
11
22
24
25
168
245
246
272
20
45
46
161
162
164
245
246
247
249
251
252
270
274
311
312
326
327
22
46
163
232
246
267
271
325
327
328
21
22
23
31
175
178
232
266
267
306
308
312
317
326
328
20
31
164
174
175
176
177
178
232
307
309
310
312
313
327
328
33
38
39
65
163
232
246
254
255
303
310
313
314
315
65
164
231
234
247
248
254
255
304
314
316
40
64
78
93
163
183
186
231
234
235
236
303
313
76
77
92
93
183
185
186
230
256
94
182
188
204
246
249
326
327
73
75
188
205
235
238
247
248
328
47
49
74
77
78
235
236
288
46
49
88
203
235
255
256
287
89
118
120
130
236
255
257
90
121
130
132
240
254
286
85
86
181
236
238
86
90
176
183
238
258
67
177
183
222
237
238
247
315
42
66
168
175
176
182
183
218
222
223
246
247
257
258
259
260
298
313
314
42
65
175
184
215
255
258
259
297
298
310
67
155
167
190
215
216
221
223
235
243
259
295
312
316
41
69
161
166
168
189
215
236
292
308
312
315
66
68
156
220
222
233
243
293
296
297
298
311
314
315
4
68
116
147
161
162
174
175
176
189
190
207
243
276
277
278
2
3
5
34
35
111
115
117
147
155
161
162
163
176
187
188
202
220
233
276
277
278
280
281
314
315
316
4
35
46
67
108
111
112
157
162
204
205
206
277
280
315
36
44
46
148
161
168
232
109
169
170
170
229
230
273
44
45
52
168
271
272
273
274
304
44
52
269
271
272
305
306
44
53
269
272
273
304
28
42
102
107
127
257
258
29
43
103
105
128
259
29
30
180
181
29
82
85
128
181
82
83
84
166
167
281
81
166
246
283
289
87
88
122
167
168
169
247
282
284
287
288
289
87
122
166
167
168
185
186
231
232
233
245
268
270
37
38
47
86
169
185
195
231
246
269
35
38
45
46
47
80
81
124
138
139
168
186
197
225
226
321
330
37
43
81
123
138
165
167
194
195
225
227
243
330
74
140
195
227
243
244
322
332
72
225
245
298
299
73
297
299
305
312
320
5
6
72
230
299
303
311
312
320
4
5
6
73
123
124
230
300
303
312
319
125
231
303
305
2
121
123
174
175
220
304
319
2
125
172
173
219
288
320
321
3
24
26
27
28
139
168
200
220
280
286
287
318
319
1
85
116
138
139
140
170
188
189
190
198
200
254
280
282
285
84
85
117
126
140
170
171
175
180
205
237
238
254
255
256
257
262
284
307
117
128
130
175
176
177
205
206
239
256
259
260
308
128
129
150
168
182
205
255
259
260
60
73
74
101
144
145
147
151
182
183
236
306
307
60
75
96
99
101
149
169
170
207
235
305
307
308
74
97
100
103
106
107
147
150
164
165
170
326
56
58
74
75
95
106
107
165
234
306
325
326
57
76
95
96
97
106
125
172
287
290
324
58
75
95
96
97
103
109
110
236
237
289
305
323
95
109
110
125
126
288
60
68
69
96
103
200
201
230
247
249
250
68
103
110
112
201
207
208
228
229
4
5
201
206
208
250
4
201
208
269
270
275
284
287
77
78
207
270
274
275
284
285
308
312
315
78
171
230
307
308
314
76
77
172
201
202
231
240
316
78
190
201
202
231
239
309
314
315
171
172
188
231
239
313
314
319
45
46
65
80
186
187
313
317
46
61
64
66
189
205
221
252
255
317
318
62
64
206
221
254
255
64
105
106
107
203
228
253
254
256
257
263
1
3
106
203
221
229
259
4
76
109
190
222
223
225
229
232
255
261
311
313
317
3
106
190
191
222
232
312
316
331
332
53
75
76
105
106
191
223
232
312
317
331
2
21
53
54
55
76
104
106
192
218
220
221
281
282
285
312
315
331
16
18
21
39
53
54
55
56
72
74
106
193
279
281
282
284
330
17
19
38
40
69
70
71
105
136
138
139
154
156
264
280
5
6
20
22
37
70
71
75
106
107
136
155
214
215
265
4
26
40
70
71
75
151
169
170
205
208
215
265
271
272
273
25
69
71
72
123
151
172
208
241
38
39
71
72
122
149
206
256
25
39
113
122
123
240
256
322
25
39
114
115
116
124
126
204
238
257
259
263
321
324
38
123
238
324
86
123
133
134
171
256
258
261
282
294
71
73
75
86
135
172
174
213
255
263
284
285
292
293
72
73
74
87
125
133
134
212
213
214
133
211
214
215
288
65
76
77
78
193
314
67
78
195
198
199
213
287
314
315
10
45
130
194
197
198
270
286
9
20
43
67
68
129
131
269
11
12
19
21
37
38
44
59
100
130
183
207
269
36
48
57
58
102
182
183
207
15
17
18
56
102
207
17
18
49
56
59
102
206
207
208
223
292
49
136
153
221
224
286
18
19
49
69
70
136
152
153
224
258
259
285
286
288
289
290
291
69
135
137
154
223
257
259
285
17
20
22
38
39
43
45
47
50
82
83
84
85
134
135
137
153
193
201
202
257
258
271
287
17
19
20
21
22
44
46
82
106
152
194
202
203
270
288
41
44
106
191
193
194
266
268
22
80
105
121
130
131
188
189
192
193
236
237
266
77
78
104
120
131
236
267
77
102
119
135
177
178
237
29
86
118
120
7
29
30
34
54
55
87
117
136
177
262
263
5
6
34
35
36
53
54
88
136
154
205
206
263
4
33
34
35
37
87
89
123
137
154
202
203
249
319
28
34
35
36
53
54
55
57
123
124
136
155
202
247
264
294
295
317
27
29
35
36
51
52
193
194
247
265
294
316
8
37
88
166
167
168
171
194
195
8
9
21
27
39
40
53
86
88
89
97
169
171
179
181
182
240
294
319
8
40
58
59
87
166
167
171
172
295
314
320
8
12
13
14
19
55
57
98
133
166
167
168
172
181
182
239
270
312
313
319
7
8
9
11
17
36
42
48
65
67
68
98
133
182
184
189
239
271
272
312
317
5
14
17
31
34
35
36
46
47
57
64
67
132
135
164
181
184
190
202
209
317
327
328
6
11
13
36
47
48
64
90
91
135
136
181
182
183
191
201
202
210
253
327
8
33
37
92
108
136
183
191
201
209
251
252
326
9
48
62
66
67
68
69
108
109
298
327
328
49
65
68
109
110
299
326
327
46
270
300
327
329
330
48
49
74
76
153
154
161
162
269
301
326
327
330
48
49
72
73
76
153
154
231
268
303
49
74
113
160
211
212
223
232
302
47
50
113
213
214
224
230
233
301
47
48
114
154
155
156
223
95
96
154
156
222
232
299
327
17
93
300
324
326
16
17
31
32
37
301
326
17
21
22
30
32
186
14
20
37
38
89
181
182
186
14
15
18
19
41
89
122
188
206
314
321
14
17
19
20
40
49
88
120
121
132
184
186
189
190
204
206
269
270
314
315
320
321
322
40
41
49
131
188
189
268
319
322
51
52
79
133
185
189
190
315
318
320
321
48
51
119
120
134
156
320
331
332
34
49
53
77
78
80
120
121
122
156
321
322
333
33
35
50
76
121
153
157
158
162
328
153
154
159
161
176
177
298
329
331
46
55
56
130
160
175
177
182
255
295
328
330
45
53
55
56
129
130
161
179
180
181
187
189
296
331
332
45
47
54
57
103
159
161
185
188
224
225
253
329
330
332
32
52
56
102
227
299
330
332
51
52
55
103
159
191
254
255
299
30
31
52
53
54
55
135
137
192
193
219
227
232
329
34
52
66
102
135
161
192
193
218
219
226
234
298
300
33
64
65
66
67
90
102
168
169
170
171
185
186
192
193
225
227
231
272
274
315
316
330
331
38
52
56
65
67
90
91
167
169
171
186
221
260
263
274
316
319
331
37
38
58
62
66
68
91
134
136
157
171
226
227
262
273
318
59
62
63
132
134
157
198
200
227
263
272
317
318
62
64
157
182
184
200
202
272
291
316
321
26
46
63
100
101
186
202
292
316
322
46
57
99
100
102
186
187
290
292
311
314
320
26
28
45
46
57
99
155
246
247
248
258
313
314
323
26
44
46
48
59
155
186
248
258
281
311
312
313
323
42
58
258
282
284
312
313
41
42
61
124
125
153
258
281
283
314
328
333
6
40
124
125
256
257
283
327
329
5
7
149
229
256
283
331
4
7
8
151
230
231
327
329
332
7
166
230
254
322
328
150
165
168
210
322
323
327
328
26
54
103
104
150
151
165
210
211
325
328
329
27
28
55
56
103
104
106
153
210
222
223
324
27
28
104
105
151
152
155
156
162
163
83
96
107
111
141
151
152
162
163
222
224
293
15
25
60
61
111
141
151
153
154
155
158
207
211
213
223
273
293
14
16
21
27
28
61
83
97
98
112
134
135
142
155
157
207
208
211
223
272
273
28
40
82
84
98
99
100
135
156
212
213
295
19
40
87
100
108
193
231
232
19
21
37
39
52
64
65
67
77
78
80
85
87
101
104
106
193
194
217
218
231
20
37
38
39
40
50
51
52
64
65
79
82
103
107
150
218
38
53
108
149
195
196
42
51
150
2
48
51
169
40
47
48
49
169
0
39
40
156
157
168
217
0
1
2
48
94
155
156
169
215
242
310
2
94
156
157
216
240
241
243
298
50
240
241
242
288
297
299
300
312
40
93
142
174
177
287
288
300
311
318
39
42
91
93
144
175
178
180
224
225
287
322
323
92
175
177
223
224
225
262
284
286
298
317
322
143
178
223
224
226
260
261
262
263
264
283
284
285
333
198
261
264
284
315
199
261
314
332
13
81
188
199
200
226
227
286
288
316
330
8
11
79
96
151
177
201
228
322
323
331
332
10
12
14
79
95
96
150
151
175
177
187
188
293
308
309
310
311
322
323
92
95
96
97
98
175
177
186
313
79
92
93
94
96
110
111
176
293
303
304
312
313
9
10
11
80
98
101
109
110
260
292
306
100
260
262
9
27
45
99
100
259
299
27
45
99
101
298
8
10
27
44
100
298