10
53
318
319
10
11
52
53
191
193
320
52
79
116
151
190
194
195
200
223
79
115
116
117
143
150
191
195
202
219
222
34
35
65
75
79
115
116
142
161
194
196
198
199
210
221
261
13
30
33
65
66
74
76
116
138
141
148
149
161
196
199
200
208
261
12
13
30
31
65
80
147
148
160
161
198
200
210
219
262
318
27
139
214
219
253
255
280
317
318
319
320
26
31
56
80
146
149
215
217
218
253
254
255
317
41
42
43
53
55
56
253
254
268
278
28
38
39
53
200
245
248
254
267
269
280
298
299
318
28
42
99
198
200
221
297
298
299
300
319
28
33
34
53
54
55
57
101
201
220
224
237
239
246
247
250
300
16
17
18
27
33
53
100
219
222
224
238
246
250
252
303
304
51
52
78
80
83
100
102
104
221
240
241
250
303
304
305
14
15
16
17
80
82
84
103
221
242
277
289
303
14
17
82
83
103
105
200
260
277
289
303
103
199
258
260
273
289
290
292
14
35
58
154
202
203
204
205
258
278
319
320
321
322
13
44
45
57
153
257
273
274
307
317
320
321
14
23
33
43
44
58
142
306
307
316
317
14
24
25
33
152
273
293
295
316
32
118
141
197
198
294
297
313
316
317
77
78
119
123
143
144
145
161
165
167
196
297
298
312
314
320
321
78
119
120
121
124
143
144
166
191
306
321
331
332
48
121
123
145
163
164
165
189
306
332
48
49
163
164
165
166
191
305
164
163
164
192
201
294
309
0
2
39
84
168
169
191
194
195
201
202
240
253
294
309
1
39
40
81
121
190
194
239
252
294
298
302
309
313
314
315
316
1
3
38
40
78
82
83
169
170
172
191
240
253
296
300
302
306
307
314
0
1
3
38
80
122
161
162
163
169
170
171
238
239
240
241
1
2
4
5
38
39
40
80
121
162
171
198
199
201
318
1
3
5
6
7
37
121
197
202
318
5
7
8
33
36
38
73
122
143
145
163
165
195
264
266
267
317
1
53
75
135
137
140
142
143
162
196
233
264
266
267
315
316
8
31
33
37
38
39
53
54
76
137
140
217
234
315
316
3
4
9
38
39
140
141
218
219
234
286
298
40
88
150
154
155
170
217
286
297
325
18
86
151
153
154
155
169
228
286
296
321
15
16
25
86
111
112
152
154
217
228
229
234
235
285
323
17
28
110
142
143
171
179
232
235
249
252
322
323
21
26
111
232
236
250
283
12
19
110
111
145
178
234
249
282
283
295
9
15
18
23
30
31
222
250
284
296
10
11
15
16
18
23
29
30
31
32
44
178
222
223
296
308
329
24
27
29
30
44
75
77
153
176
177
178
222
250
290
291
293
307
332
42
43
74
76
146
150
177
289
293
306
312
331
29
43
75
145
148
152
223
224
289
304
312
313
332
20
22
23
25
29
72
80
145
149
161
306
307
312
313
22
24
72
81
146
156
289
302
304
140
143
157
162
289
21
27
74
80
159
303
308
309
21
22
28
142
160
175
197
302
309
310
21
26
31
32
33
100
146
174
197
199
200
263
20
32
101
115
116
130
131
139
140
145
169
199
201
262
286
20
27
30
31
32
83
99
115
116
131
140
146
169
172
186
263
31
116
140
168
170
171
173
186
196
261
263
264
287
85
167
170
197
222
225
286
288
85
86
88
172
187
196
197
198
224
225
226
285
286
88
89
90
188
189
88
89
204
205
206
322
84
88
89
205
206
318
85
88
152
153
182
203
273
274
275
284
319
323
324
153
154
183
185
186
202
250
273
274
276
285
317
323
325
38
86
106
119
120
127
152
183
246
247
248
249
273
274
276
277
285
322
326
41
118
121
152
181
246
247
273
284
285
323
17
40
46
47
104
105
106
127
128
142
143
144
181
182
185
207
247
14
16
29
40
41
45
48
102
106
120
126
127
128
179
184
208
29
44
46
47
103
105
121
127
128
140
208
31
43
47
102
104
141
148
26
30
42
46
47
61
63
65
104
106
107
142
145
146
147
148
326
327
328
25
30
31
32
46
58
64
104
140
141
146
250
328
48
59
65
121
125
171
172
218
219
250
251
328
24
85
103
122
124
126
172
217
289
328
329
21
65
66
67
68
69
84
108
120
153
172
173
289
290
316
329
331
21
122
123
130
152
289
315
316
326
327
328
329
330
19
20
23
59
65
82
107
108
121
123
129
130
149
150
318
327
52
59
60
102
316
50
51
52
60
98
103
109
207
208
291
292
300
22
50
52
98
99
100
208
209
291
300
301
306
326
22
78
136
210
231
233
301
307
328
329
21
41
78
81
98
137
308
17
18
19
23
42
78
79
135
234
306
308
311
312
39
50
80
131
132
133
134
142
307
311
19
38
39
40
50
51
132
139
142
188
311
49
133
138
143
190
202
228
230
232
233
137
142
143
227
301
57
58
135
143
190
199
200
210
212
301
302
49
51
53
57
60
61
136
211
242
244
27
52
53
138
149
152
195
235
244
27
52
55
148
151
153
232
235
238
267
299
318
324
28
30
31
137
138
148
196
197
198
233
239
267
300
317
323
325
4
31
50
181
182
238
269
287
288
300
301
317
3
28
50
51
136
149
150
152
181
182
288
289
4
28
119
125
133
135
137
148
150
151
152
288
4
27
120
149
151
152
288
5
6
117
120
121
123
124
148
150
290
291
112
149
150
151
184
200
291
14
16
111
113
119
154
197
198
200
201
291
14
16
94
95
109
110
111
120
153
186
197
198
272
15
16
93
108
109
114
185
186
198
271
328
184
200
270
271
328
46
184
198
221
268
270
327
45
48
62
184
197
220
221
230
246
56
57
59
60
155
185
230
247
328
57
75
155
157
159
185
186
229
244
328
3
57
158
206
244
316
318
319
329
5
14
72
73
157
159
205
207
208
229
245
318
319
320
323
2
4
5
13
14
50
74
160
181
183
184
224
225
320
324
2
12
13
49
51
73
159
224
245
320
323
324
325
326
328
11
13
34
48
49
50
74
175
176
245
246
324
325
326
329
15
17
18
33
34
37
45
74
93
177
227
228
245
246
248
15
16
35
36
46
87
94
95
96
97
98
175
197
199
201
223
225
226
227
281
282
15
16
88
97
98
112
174
200
209
210
221
222
224
230
257
283
51
87
93
95
96
110
113
126
210
222
223
226
255
257
282
283
285
44
45
51
52
53
86
88
112
125
163
208
221
254
283
284
45
72
73
86
87
111
112
115
118
119
127
163
164
176
208
214
215
222
264
277
279
283
0
1
87
112
114
119
121
176
200
201
202
216
233
266
279
280
284
0
70
113
128
173
174
176
178
179
181
199
202
215
264
265
278
281
283
284
286
72
90
122
126
160
180
200
234
236
265
71
72
73
89
90
115
121
126
127
158
204
233
237
285
305
307
70
71
72
121
126
149
157
159
232
233
284
306
307
71
113
149
156
159
235
308
309
72
148
234
252
309
66
113
251
253
298
305
306
65
177
227
298
300
40
43
67
127
138
139
177
228
301
308
321
40
66
69
126
139
142
175
177
218
228
242
321
4
42
67
126
143
176
219
320
125
140
142
143
175
241
320
4
5
91
98
99
140
180
187
189
218
242
315
316
317
28
92
181
185
186
187
188
217
242
320
91
101
180
216
319
323
26
27
91
233
321
323
324
2
3
27
28
92
101
102
172
325
2
3
26
27
103
172
187
188
204
222
234
324
1
4
27
171
176
177
183
187
188
206
207
221
233
234
292
177
202
203
206
218
220
221
235
290
292
25
184
188
203
204
218
220
296
297
103
104
173
182
204
205
206
219
220
296
104
114
115
116
137
171
172
180
190
217
221
267
115
190
207
274
276
297
28
75
117
136
139
189
265
272
276
28
76
117
138
265
278
279
29
30
166
174
176
187
59
75
165
168
174
59
206
22
33
34
46
208
34
35
48
60
206
209
238
24
46
161
197
208
239
240
278
286
287
8
9
10
23
47
161
162
164
198
208
8
22
23
125
126
196
238
280
282
283
288
22
23
96
97
98
99
124
125
126
168
196
237
266
267
270
282
283
285
24
95
96
166
167
173
269
271
272
273
284
285
286
287
6
24
79
81
97
171
269
270
284
285
286
287
288
5
6
7
22
26
81
82
84
87
88
89
136
137
193
198
286
325
26
84
86
87
88
138
171
193
197
294
326
8
41
73
75
76
85
86
110
137
191
290
293
294
324
325
41
75
87
110
111
137
191
195
291
73
111
112
165
195
272
38
39
60
191
266
273
274
275
292
38
39
59
60
61
81
151
166
274
275
37
38
77
151
153
165
188
239
241
253
267
271
2
3
79
107
108
149
150
152
165
190
238
241
252
254
266
267
2
75
80
107
143
166
190
254
300
3
4
113
120
121
122
124
142
302
304
112
113
121
122
141
156
163
168
200
269
271
303
33
34
141
156
157
158
159
163
201
269
271
308
309
310
311
312
33
119
120
157
158
162
163
200
305
308
311
330
3
86
87
120
162
163
174
218
220
258
259
304
310
311
314
315
0
1
35
36
87
122
124
161
174
216
217
219
220
259
305
311
316
330
1
60
86
122
124
172
174
175
216
218
220
282
314
315
5
58
61
64
86
87
89
95
171
176
217
220
260
283
284
314
328
5
58
63
92
116
122
170
172
218
219
282
5
34
94
108
110
115
137
144
171
185
197
208
217
271
307
30
32
33
94
107
116
135
136
141
142
159
160
184
186
197
199
206
208
28
72
111
131
134
135
160
167
172
185
194
195
198
199
207
273
291
293
309
28
33
44
45
46
47
71
117
132
136
138
167
168
172
174
175
194
210
273
290
291
308
28
44
45
46
92
96
117
129
168
194
199
208
209
210
271
40
45
72
88
91
130
171
199
209
39
41
49
70
89
90
95
97
122
169
170
207
221
249
316
317
41
70
83
89
90
98
99
100
123
170
173
221
249
250
315
9
48
49
67
81
90
120
122
223
249
8
9
68
79
80
82
98
99
121
7
17
19
67
68
69
100
124
222
17
18
80
81
117
221
276
321
18
102
117
118
119
275
277
16
79
119
203
205
217
218
219
256
284
285
322
323
17
88
89
91
105
186
204
208
217
219
255
256
274
285
323
324
16
17
89
105
185
189
206
209
230
256
257
15
17
89
181
182
183
186
188
189
200
203
204
230
259
16
17
105
106
107
168
169
179
181
199
203
204
233
256
319
320
28
106
167
169
180
200
231
233
320
28
56
200
258
320
322
164
165
231
258
320
29
58
232
324
29
30
31
40
63
94
95
217
311
28
29
39
40
57
61
62
94
110
215
217
305
311
312
320
30
40
60
61
62
110
111
112
114
121
130
306
314
317
320
41
42
43
45
60
61
62
63
100
110
111
112
120
121
122
125
126
131
225
307
319
41
62
87
88
89
91
100
111
112
121
125
126
130
226
287
73
89
91
122
229
287
289
56
73
88
100
121
226
229
287
306
307
308
40
56
57
74
89
195
225
306
39
40
55
90
193
229
266
305
310
151
152
153
173
174
195
224
226
227
267
36
37
173
174
261
262
271
313
37
84
261
265
270
314
4
13
36
83
213
214
260
262
269
317
318
0
10
11
13
25
27
98
162
240
241
256
261
302
313
315
316
318
2
13
25
26
81
82
99
106
108
163
181
204
216
240
256
259
303
311
312
313
316
25
28
98
107
164
165
180
204
260
312
313
314
315
316
319
100
104
118
119
125
163
164
238
239
257
305
306
308
9
74
104
125
126
177
178
179
182
204
205
304
306
307
308
309
311
9
22
76
77
89
90
111
113
118
119
126
127
179
181
241
305
306
307
309
9
19
20
21
24
78
89
114
180
181
182
193
194
204
218
242
306
21
154
157
168
183
192
193
203
220
243
282
156
157
158
168
169
191
194
280
281
299
330
3
12
95
157
191
220
241
298
329
331
5
12
13
94
95
226
227
240
245
246
276
277
295
302
326
4
119
120
124
209
225
227
246
275
296
324
327
330
5
121
127
202
210
211
227
242
243
244
245
246
295
302
331
122
126
127
201
211
212
241
295
301
303
327
330
99
242
264
302
328
331
202
203
265
266
288
303
325
330
19
99
100
116
129
130
131
203
265
286
288
323
325
330
332
333
20
21
27
114
131
200
202
267
327
331
332
333
26
28
83
84
101
115
131
200
287
328
329
332
6
24
25
26
44
83
101
103
252
24
26
27
44
45
83
140
252
253
288
298
329
333
5
6
14
15
33
89
91
109
112
142
179
180
289
295
297
299
324
330
333
5
8
15
40
41
87
105
108
143
179
224
270
274
275
279
288
299
325
328
329
330
31
33
39
40
89
105
106
112
113
114
275
276
286
287
299
322
323
330
89
90
109
130
190
223
224
272
273
275
280
323
328
91
112
130
199
239
272
274
275
281
321
34
110
129
189
190
191
199
280
320
33
190
240
241
318
32
198
320
32
193
194
240
32
65
193
241
10
13
14
65
95
203
239
8
63
91
93
228
301
303
9
13
48
49
50
88
131
202
203
227
228
229
230
231
300
302
11
49
89
92
112
130
131
136
137
159
160
202
230
231
12
48
89
111
117
129
131
135
137
157
162
227
228
47
111
117
118
122
156
229
44
45
46
111
121
149
158
213
215
228
229
313
49
50
112
120
150
218
313
118
123
149
217
218
223
224
312
103
117
214
215
231
232
241
254
103
104
115
128
129
167
168
214
221
223
231
240
254
318
325
326
328
329
105
106
128
167
213
225
241
247
248
317
318
325
326
168
247
253
255
256
257
278
279
324
325
326
177
182
250
257
260
262
280
40
41
164
166
176
177
180
181
225
243
251
260
261
280
286
322
42
44
167
169
224
227
242
243
244
250
284
285
323
72
73
92
170
223
224
227
242
284
42
87
91
92
169
170
211
212
227
228
242
243
49
71
75
91
210
212
221
223
236
244
286
287
48
86
235
287
48
49
89
91
234
37
43
45
88
90
225
37
38
39
46
47
48
49
86
175
223
224
225
232
251
38
44
45
46
48
235
252
254
25
38
46
48
49
51
110
112
176
181
182
233
252
253
254
255
293
25
26
50
51
109
111
112
126
177
182
194
253
293
294
295
302
319
320
25
111
113
125
126
175
176
193
235
236
237
301
303
318
36
76
77
78
90
92
175
191
192
215
235
236
292
34
37
77
78
91
93
95
96
161
177
216
244
19
21
22
38
92
160
177
217
222
224
36
37
38
76
93
95
159
160
171
218
219
223
237
246
287
38
95
138
145
170
176
214
218
235
236
247
290
80
144
145
172
200
201
213
235
237
246
247
287
288
289
54
77
140
144
171
198
247
272
291
55
56
77
78
142
198
211
213
216
247
274
282
56
95
96
189
190
191
209
210
211
212
213
216
272
277
280
283
53
56
57
94
112
113
189
190
210
211
214
271
277
278
303
307
56
112
114
116
161
179
210
212
235
272
276
277
306
52
54
56
112
114
115
160
161
162
180
237
238
241
242
305
307
310
313
41
161
179
180
242
275
312
30
40
42
53
55
107
135
166
167
310
311
312
313
5
31
32
42
106
135
136
137
138
167
312
6
7
8
32
33
42
52
108
137
175
177
312
318
320
7
9
40
41
106
138
166
176
177
256
317
319
8
9
12
38
40
47
52
53
108
167
177
257
285
313
7
46
47
53
54
55
104
108
170
256
284
285
8
12
13
14
15
45
46
47
120
283
314
317
318
319
11
12
14
15
16
18
40
45
47
171
284
318
12
16
28
38
40
121
170
171
278
11
29
38
54
122
123
171
258
259
260
278
279
308
38
53
54
123
137
139
171
172
260
261
277
280
307
308
27
28
43
52
54
62
117
122
123
139
162
171
227
307
27
30
42
43
55
62
137
163
172
224
276
31
61
63
110
117
118
122
136
144
164
166
223
224
225
230
255
264
265
275
49
50
62
108
110
117
122
144
145
224
229
264
308
317
319
47
63
145
255
256
263
264
308
316
317
318
319
46
61
63
81
144
228
230
256
308
316
319
320
321
322
29
33
34
81
120
144
146
227
228
257
315
316
317
318
320
321
27
34
43
70
80
81
142
143
144
145
234
294
316
320
322
27
30
43
70
72
79
118
120
121
140
146
147
174
175
176
291
293
28
29
31
36
44
71
119
157
161
192
194
235
292
29
34
157
160
235
288
293
195
231
287
288
323
17
31
32
87
158
159
160
209
228
229
322
18
20
29
30
32
85
86
89
198
209
228
229
230
322
323
18
30
31
85
86
87
88
89
197
317
20
31
88
89
197
207
281
91
93
279
280
318
5
91
147
152
193
196
200
235
281
282
283
317
5
7
92
107
109
148
151
152
177
194
196
198
234
282
283
316
8
108
109
110
143
145
146
176
179
196
197
199
200
204
205
206
233
234
236
281
282
317
23
111
142
143
147
169
170
205
235
252
281
317
23
57
169
170
171
206
237
252
282
297
23
32
56
57
80
81
82
170
252
281
296
22
31
32
57
253
283
285
297
24
190
192
238
239
285
286
72
89
95
96
148
152
162
163
191
218
228
229
238
239
284
288
289
296
297
73
74
75
88
90
96
151
152
229
240
290
150
161
219
277
289
159
219
220
295
7
9
218
257
278
279
293
294
7
158
161
258
259
151
152
152
153
261
294
296
327
60
61
64
150
151
259
324
325
62
66
101
196
223
261
298
325
326
11
12
51
53
68
100
101
137
146
195
220
224
15
51
52
66
81
101
102
137
193
219
222
224
300
301
327
9
14
50
51
53
82
136
147
148
208
209
219
299
8
15
51
83
135
136
208
218
83
84
158
159
298
299
300
10
155
156