292
297
291
292
296
299
300
301
288
289
291
292
296
300
301
302
303
290
292
293
296
297
299
300
302
303
107
290
292
297
298
301
302
303
105
106
108
109
110
290
291
293
296
297
298
302
104
106
109
110
111
112
291
292
293
294
297
298
104
105
107
108
109
110
112
113
294
297
298
105
107
108
111
112
113
114
115
295
297
105
107
108
109
111
114
115
295
102
104
106
107
108
115
116
50
101
104
107
108
109
112
114
115
51
102
103
104
108
109
110
116
118
119
48
50
51
102
109
113
115
117
49
52
59
109
110
112
116
48
49
51
52
53
57
58
59
60
61
106
107
108
109
112
113
114
115
118
49
50
53
57
59
61
106
107
110
113
114
115
48
50
51
58
59
60
47
48
51
52
53
54
58
59
62
64
106
107
109
110
47
48
51
52
55
57
58
59
60
61
62
63
105
107
108
110
111
47
51
52
59
109
110
111
46
47
53
107
108
48
49
52
49
50
51
52
53
241
242
244
49
51
54
241
242
243
51
51
52
316
317
318
317
319
275
274
276
274
277
274
275
276
277
274
277
279
275
277
278
273
274
279
275
277
278
279
280
276
279
280
277
279
278
279
279
137
244
245
138
170
238
138
171
238
239
242
244
135
136
137
138
173
177
238
239
240
241
242
243
244
88
89
135
136
173
175
237
239
240
241
242
244
245
88
89
90
135
136
138
139
170
175
176
240
241
242
243
244
69
88
89
135
138
171
172
174
237
239
240
242
243
244
67
68
69
88
170
171
172
173
237
238
239
241
242
67
68
170
172
173
238
239
240
241
242
69
173
237
238
239
240
241
242
238
240
241
103
128
102
103
125
126
128
102
125
126
127
102
103
104
126
128
129
100
101
102
103
104
101
103
104
229
231
79
81
83
104
229
230
78
79
80
81
83
84
104
105
225
227
230
76
78
80
81
82
84
225
226
227
228
75
77
78
79
80
82
85
86
226
228
325
326
327
77
79
80
81
82
85
228
326
327
328
77
78
79
82
83
84
85
227
323
324
325
326
327
328
329
83
84
323
324
79
80
81
83
84
323
79
80
81
83
324
325
79
80
325
326
81
82
331
81
82
328
331
327
330
331
325
326
327
329
330
325
329
331
319
323
326
329
330
332
318
323
324
328
329
330
312
322
324
328
329
41
312
315
316
317
318
320
322
324
326
328
329
41
45
316
318
319
320
322
324
325
326
328
329
330
331
42
45
46
47
314
316
317
323
324
330
331
41
43
45
46
47
314
315
317
318
323
324
325
326
329
330
331
41
42
44
312
315
316
317
321
324
331
43
45
46
316
317
318
320
321
324
325
327
331
332
43
44
45
46
50
51
52
315
316
319
320
323
333
43
45
46
48
53
55
56
58
316
320
322
323
42
47
49
55
56
57
322
47
54
57
58
46
47
58
46
47
54
57
59
57
58
52
54
56
57
58
59
65
178
51
58
179
58
59
63
180
63
178
179
182
183
58
59
63
179
181
182
185
57
58
59
60
64
179
180
181
183
184
185
54
57
58
60
61
63
131
179
180
182
183
55
56
57
59
61
131
132
135
137
138
181
182
54
55
56
57
60
61
128
129
131
132
133
134
135
137
138
139
140
180
55
57
58
60
61
62
127
131
133
136
137
139
56
57
58
60
61
63
127
129
131
135
136
137
138
139
55
56
57
59
60
61
62
126
129
131
132
134
135
137
138
139
37
55
56
58
60
63
124
125
128
130
132
134
135
35
36
39
47
56
57
63
124
125
128
129
130
131
132
133
136
137
35
37
38
56
60
125
126
127
128
129
131
132
133
135
136
137
35
36
37
38
45
59
126
127
128
129
130
131
132
134
135
136
138
34
37
38
39
41
43
44
45
126
127
128
130
131
133
134
135
190
328
34
36
37
38
40
41
42
43
44
127
130
131
132
135
189
190
191
192
328
329
330
331
333
30
35
37
39
40
41
42
43
44
127
128
129
130
133
134
136
187
188
189
190
191
192
325
326
327
328
329
330
332
28
29
30
37
40
41
42
43
44
125
126
131
133
134
136
160
162
188
190
192
193
326
327
329
331
28
29
30
39
40
41
42
43
45
126
133
159
160
185
186
187
188
189
190
326
328
329
332
333
29
40
41
42
43
160
161
162
163
186
187
188
189
193
194
327
328
331
333
30
31
32
33
39
42
43
44
159
160
161
163
185
188
189
193
326
327
328
331
333
31
32
33
34
35
38
39
40
41
45
160
162
163
188
190
325
327
30
35
46
160
163
164
165
166
327
328
329
330
332
333
33
35
155
156
157
159
161
163
164
165
166
329
331
333
35
156
158
159
160
161
162
163
164
326
327
328
330
34
160
161
162
163
165
326
327
328
329
330
331
332
159
161
162
164
165
167
296
297
158
159
160
163
164
165
167
168
294
295
296
297
317
318
320
321
330
136
137
161
162
165
169
184
293
294
295
297
318
322
329
122
135
136
137
138
142
146
162
163
164
165
185
186
291
292
293
297
298
317
319
321
322
323
121
123
135
136
143
145
161
162
163
165
294
295
316
317
323
324
325
121
122
123
134
139
140
141
143
144
145
147
317
321
323
120
121
136
137
138
139
140
141
142
143
144
133
137
138
140
141
133
135
140
142
133
134
135
136
137
138
139
140
141
132
134
135
136
139
136
137
219
226
227
175
177
217
218
219
226
228
169
176
218
136
137
168
170
171
172
173
217
218
220
221
134
135
136
169
172
173
174
175
218
219
220
221
133
134
135
168
170
172
173
174
215
218
140
168
169
170
172
173
174
179
214
215
216
219
306
135
136
137
138
139
140
169
170
172
173
174
178
179
298
299
300
301
304
305
306
307
312
313
136
137
138
139
177
178
180
299
300
301
305
306
307
311
137
138
141
174
178
179
300
301
303
304
306
307
141
173
175
178
301
302
303
304
306
307
308
309
311
312
169
171
173
174
176
177
178
299
300
303
304
305
306
307
308
310
311
168
169
170
171
172
174
177
194
195
299
304
306
308
309
93
170
171
174
176
177
179
193
194
196
298
302
303
304
305
306
307
308
309
310
312
322
92
93
94
172
174
176
177
193
194
294
296
297
301
303
304
306
307
308
309
310
311
321
322
93
94
170
171
175
176
225
293
295
299
301
302
303
305
306
307
308
309
317
320
321
173
174
175
176
225
295
299
301
302
303
304
306
308
309
311
317
318
172
173
223
227
231
296
302
303
304
307
308
310
316
317
318
319
7
9
118
123
124
174
227
228
236
237
238
295
304
305
306
308
310
317
8
10
12
110
119
123
124
125
172
174
227
228
229
230
232
235
236
294
295
301
305
307
311
312
11
109
111
112
116
117
120
123
174
229
230
231
234
235
295
303
304
305
306
307
309
310
311
9
10
12
111
112
113
114
115
117
119
120
122
123
125
126
229
230
232
234
235
236
237
257
262
264
304
305
306
307
308
309
310
312
8
111
113
115
116
117
118
120
123
124
228
232
234
235
236
238
257
258
261
262
264
310
311
312
9
10
11
109
112
113
114
118
119
121
122
123
125
228
234
235
236
237
258
259
260
262
263
264
265
307
308
309
311
312
9
10
11
12
108
109
111
116
119
123
124
126
229
234
235
237
258
259
261
262
264
265
307
308
309
310
9
10
12
109
111
112
113
115
117
121
122
123
124
125
228
259
263
264
265
266
309
310
109
110
111
112
113
114
117
118
119
120
122
234
260
261
262
265
308
309
109
111
112
113
115
116
117
120
121
122
126
260
261
262
264
309
110
112
116
117
118
119
121
122
123
125
260
261
262
263
108
110
112
116
118
120
121
122
123
124
260
261
262
265
110
117
119
124
261
264
109
111
264
112
110
111
111
112
112
109
293
109
110
291
292
293
294
111
291
292
295
293
294
296
287
288
290
291
292
293
295
297
298
287
288
289
290
291
292
293
294
296
297
298
299
286
287
289
290
291
293
297
298
292
296
297
299
193
194
195
193
194
199
190
192
193
198
2
6
189
190
191
192
193
194
197
198
2
6
7
8
189
190
191
192
197
199
200
1
2
3
4
5
6
9
190
191
196
197
200
0
2
3
4
5
6
8
190
191
193
197
198
204
205
1
2
3
5
6
8
192
193
197
198
199
204
0
2
4
5
6
7
8
1
3
4
5
7
8
2
3
4
5
7
8
2
3
6
7
8
9
3
4
8
9
10
4
5
6
7
8
9
6
7
8
4
7
4
3
4
3
5
7
8
2
3
4
5
7
8
9
188
189
190
2
3
5
6
7
8
9
189
190
2
3
4
5
6
7
9
189
190
191
192
2
3
6
7
8
9
188
189
190
2
3
4
5
9
189
240
241
1
2
3
4
5
7
236
238
239
240
5
6
236
237
234
236
237
238
239
240
242
238
239
240
241
174
175
236
237
239
172
175
240
238
240
239
241
200
205
206
238
199
200
205
206
238
199
200
201
203
206
207
197
199
200
201
202
205
206
198
200
201
202
203
207
197
198
201
202
203
204
206
207
208
273
9
10
197
198
200
201
205
206
207
208
273
9
11
14
196
198
199
200
201
272
10
11
13
14
15
199
201
203
204
265
270
271
272
273
276
277
8
10
11
12
13
15
16
196
197
200
204
205
264
265
270
272
273
276
277
278
8
9
11
12
16
194
196
197
198
199
205
206
265
266
268
269
270
272
277
278
8
9
11
12
17
194
196
197
198
199
200
201
261
262
263
264
266
267
268
272
273
276
278
279
280
8
10
194
195
196
198
199
200
261
262
266
268
270
273
277
278
9
11
12
201
261
263
267
269
271
273
276
277
8
11
12
13
14
17
18
264
265
271
273
274
276
11
12
13
16
17
18
19
22
24
264
271
272
273
274
11
18
19
20
21
22
23
24
25
267
271
273
274
11
17
18
20
23
25
26
27
257
265
266
267
273
274
16
25
26
218
255
256
257
258
266
27
219
254
255
256
257
258
259
262
263
264
272
25
26
27
219
251
255
256
257
258
262
263
21
23
26
219
249
250
251
252
254
255
256
258
261
21
22
24
25
217
218
220
247
248
249
250
251
252
253
256
257
259
260
261
25
219
247
248
249
251
255
258
259
260
261
262
263
22
25
26
219
220
248
250
252
256
257
258
260
262
263
17
18
19
20
21
22
23
24
25
248
253
254
255
256
258
259
261
262
263
264
14
16
17
19
21
22
24
26
252
254
255
256
257
258
259
260
261
262
264
15
18
19
20
21
22
23
24
251
252
253
256
258
259
260
261
262
15
17
18
20
21
22
23
24
251
253
255
260
261
262
265
1
16
17
18
19
20
24
249
256
257
258
261
263
264
1
2
17
19
20
21
248
257
262
1
18
19
20
21
22
182
183
17
20
182
183
184
185
186
21
181
182
183
186
18
20
178
183
185
20
177
178
181
182
183
184
185
240
178
180
183
184
185
187
241
242
271
273
274
174
177
178
181
182
183
185
186
239
240
241
242
270
272
273
274
176
177
178
182
183
184
185
239
240
241
242
243
175
176
177
178
180
181
182
183
239
240
174
175
182
183
236
238
240
243
244
174
175
177
178
182
183
187
237
238
241
242
175
176
177
178
183
184
185
236
237
238
242
243
244
68
176
177
178
181
182
185
186
238
240
244
68
69
180
181
182
183
185
186
237
238
239
240
69
70
71
178
179
182
183
184
185
236
237
238
239
240
69
178
179
180
181
182
185
236
237
66
70
179
181
184
186
237
68
69
70
180
181
183
184
187
188
69
179
180
182
185
188
180
181
182
183
185
187
188
190
180
183
187
188
189
188
189
188
191
192
193
194
250
188
190
194
195
251
252
192
193
196
251
252
190
191
197
250
252
189
190
191
195
196
188
192
193
195
189
190
192
197
190
191
172
169
171
172
83
168
169
170
80
81
82
166
169
170
171
172
173
174
176
223
79
80
81
82
83
84
166
167
168
171
172
173
175
176
177
222
224
79
80
81
166
168
171
172
174
179
219
220
222
225
78
79
80
81
175
176
177
178
179
220
221
223
79
80
81
174
175
177
178
223
224
293
15
81
173
179
220
222
224
293
294
322
14
15
221
222
223
224
225
226
237
292
293
294
322
323
14
225
238
239
291
293
323
324
326
15
238
291
292
293
321
323
324
180
286
291
292
293
320
321
322
323
324
178
179
180
287
291
293
294
321
322
323
324
180
281
288
289
293
295
322
324
174
175
178
179
280
287
289
292
293
294
295
296
321
322
325
326
175
287
288
289
290
291
292
293
294
295
296
320
321
326
175
281
282
284
286
288
289
292
293
294
295
296
320
321
175
176
281
282
283
284
286
287
288
293
295
319
174
281
286
287
288
290
291
295
282
283
285
286
287
289
290
295
168
280
281
282
283
284
286
289
290
294
167
168
169
279
280
281
288
289
168
169
166
167
169
170
167
168
169
166
161
162
166
167
168
169
163
162
165
167
170
161
162
163
165
166
167
170
171
158
160
162
165
166
167
168
169
170
160
161
162
164
165
166
168
158
160
161
162
164
165
166
167
168
157
160
161
162
166
167
325
156
166
167
323
324
325
166
324
323
237
237
238
238
239