297
299
300
13
190
204
227
238
300
301
302
323
325
12
191
203
208
237
324
12
13
191
195
207
225
237
323
25
157
160
163
190
192
194
205
210
211
214
225
26
65
71
137
160
191
194
203
205
209
210
211
212
226
228
229
235
27
66
70
71
74
137
155
161
177
178
188
189
203
216
223
227
229
237
257
258
259
63
64
74
75
123
139
153
154
178
189
209
217
228
259
122
151
153
154
167
178
179
188
190
216
221
222
228
234
236
312
13
15
16
63
65
89
122
153
166
167
215
13
16
64
121
130
230
313
12
87
88
89
129
130
131
215
312
69
129
130
131
132
267
313
69
129
131
135
128
265
266
68
69
133
184
186
265
266
315
316
317
68
91
132
176
185
262
265
266
317
27
106
132
177
182
263
264
317
27
28
29
39
40
89
176
263
27
28
37
39
40
87
89
90
107
178
263
264
268
6
7
14
37
38
69
89
108
153
177
178
262
266
268
7
12
14
38
69
87
88
154
177
268
6
69
106
155
177
186
6
7
66
69
176
185
186
310
66
67
185
188
210
309
312
37
166
184
186
188
209
210
211
279
318
319
7
35
167
185
186
189
278
283
311
313
318
8
9
35
83
165
185
284
313
321
322
2
84
85
86
229
265
276
285
2
3
141
228
229
264
265
277
1
136
141
221
265
51
132
134
140
141
221
222
266
267
3
132
135
172
173
220
252
264
279
280
316
317
53
54
88
174
221
244
245
246
253
264
265
280
281
294
295
317
40
52
86
87
89
90
125
126
134
244
247
253
266
281
294
295
26
39
40
127
267
282
283
293
3
26
27
37
39
50
52
209
283
2
4
26
124
125
165
207
208
38
68
81
121
123
125
141
161
162
163
187
2
8
37
39
67
68
69
95
96
122
124
125
126
130
131
132
140
163
164
186
187
8
67
68
81
95
96
97
136
137
141
163
165
224
243
279
281
297
299
300
7
56
58
59
69
74
75
82
83
111
113
136
225
226
227
241
242
243
245
270
271
275
276
278
279
280
12
74
87
88
110
111
139
140
225
241
271
321
13
19
76
77
85
87
110
143
145
224
239
240
242
243
261
262
296
297
298
321
322
13
14
18
19
223
224
225
239
241
244
245
262
297
319
320
19
77
85
134
146
191
192
226
243
263
5
11
131
137
192
230
262
7
8
10
21
135
137
138
231
8
101
127
130
131
231
257
258
259
260
16
17
100
129
130
131
138
139
255
291
292
16
17
63
64
102
130
229
292
63
64
128
129
131
139
293
56
101
110
160
293
56
62
109
110
160
161
186
217
23
24
26
60
61
103
110
217
296
21
22
55
102
185
186
217
280
296
297
21
111
229
280
49
158
159
228
266
267
277
290
48
54
157
159
236
268
269
272
277
278
48
157
228
270
278
279
290
291
54
64
65
73
235
236
239
240
283
56
63
65
73
237
239
284
293
311
55
56
57
60
74
76
284
285
286
309
310
55
271
273
274
275
286
287
30
56
57
58
182
183
271
289
306
32
55
59
123
177
182
269
271
284
305
31
32
49
50
61
124
179
182
185
187
270
306
31
32
47
48
49
51
82
83
122
125
180
182
186
252
271
50
80
81
82
120
122
124
178
181
183
253
254
176
183
185
214
252
255
278
183
184
186
193
215
216
218
256
257
297
145
148
150
168
194
208
212
217
267
270
280
282
298
144
149
151
193
209
212
295
296
9
10
11
143
167
194
207
209
268
283
284
10
11
99
167
210
234
235
270
44
100
269
43
100
101
169
171
204
205
233
42
161
204
205
124
131
133
135
160
26
28
40
125
127
132
133
134
145
162
250
251
27
35
37
41
89
121
127
133
135
142
143
145
182
194
203
246
250
36
42
75
89
90
100
122
123
144
195
198
203
215
36
72
90
99
100
117
118
145
180
181
196
197
203
204
205
214
248
37
73
98
117
118
136
197
204
212
214
325
2
3
72
119
163
186
196
212
245
247
249
324
325
1
2
46
48
51
71
72
73
136
163
164
165
167
168
185
197
233
323
49
50
71
137
164
165
185
196
198
232
47
196
199
233
296
162
196
198
199
297
298
186
187
198
250
251
252
298
162
188
198
238
239
250
252
273
162
163
238
239
250
253
274
313
314
113
114
193
203
14
112
113
163
193
202
254
273
314
13
82
163
185
194
203
274
12
81
82
185
187
203
204
214
292
326
82
166
167
169
186
204
327
13
44
46
167
168
169
213
226
234
290
291
292
293
326
45
117
168
183
224
234
238
287
291
116
117
169
183
184
206
211
224
233
234
238
239
283
287
307
316
118
169
204
205
208
210
212
232
238
243
286
305
306
316
49
50
202
203
211
232
242
284
313
314
315
49
203
231
239
240
281
285
314
325
40
47
153
201
204
269
270
280
314
316
324
46
154
273
275
276
279
281
282
325
42
43
100
154
272
282
283
314
326
3
36
273
282
283
1
35
36
37
98
143
209
210
274
1
2
36
98
142
209
210
273
1
33
48
89
143
271
276
34
35
36
49
50
90
140
141
271
287
36
50
89
138
276
287
35
45
47
51
75
76
137
138
333
46
48
59
69
76
136
137
276
288
300
331
332
57
58
63
68
69
70
77
283
289
301
303
332
28
30
58
62
67
69
284
304
63
270
272
273
284
27
29
112
126
271
272
273
7
9
10
30
99
111
125
126
147
185
268
282
10
11
28
29
111
10
11
27
29
30
101
102
103
112
145
148
187
266
9
29
31
69
99
102
254
266
267
268
67
69
104
142
187
207
252
255
266
267
269
27
102
141
148
149
150
189
208
209
270
67
82
142
197
199
200
66
68
83
84
99
101
111
146
153
154
179
186
200
83
99
101
113
114
146
147
154
155
174
176
177
179
185
188
97
158
159
178
180
185
236
238
262
117
158
160
237
238
263
264
325
115
116
153
156
157
238
264
306
325
326
117
129
154
155
156
165
167
264
305
306
115
153
154
166
262
306
318
82
84
129
130
292
293
318
40
82
83
256
259
292
293
318
41
88
109
110
111
212
256
257
258
260
292
318
319
14
74
83
84
143
148
151
231
232
255
261
12
13
14
39
74
81
82
83
89
113
149
214
232
14
15
36
38
39
82
90
143
148
150
232
254
11
13
14
16
17
39
73
90
91
105
122
123
125
147
216
231
232
299
300
13
14
35
39
102
104
120
123
124
125
142
234
298
38
39
120
143
144
145
146
185
186
187
13
14
37
81
82
119
142
143
184
187
293
294
304
39
82
226
230
292
9
14
81
144
145
208
226
230
231
304
306
315
317
10
197
226
230
231
290
304
311
312
12
58
66
197
198
210
225
226
234
235
271
309
311
313
12
52
66
143
197
210
234
250
270
273
311
57
65
142
143
157
158
159
211
237
248
251
277
278
308
50
52
55
56
67
87
142
159
160
174
175
177
250
276
277
279
308
26
69
78
85
159
172
182
183
184
273
276
308
26
27
70
77
162
173
174
175
179
181
182
205
206
252
273
274
68
78
84
88
162
205
206
235
236
310
70
80
85
161
205
233
235
309
15
18
19
70
85
86
161
162
203
235
255
256
257
263
331
332
17
19
58
84
86
255
264
330
1
3
17
18
57
85
92
93
256
261
264
265
17
30
32
55
56
92
159
261
326
0
17
18
30
267
324
326
0
16
19
82
159
293
305
325
22
69
80
81
159
163
189
257
294
303
304
28
68
104
161
162
234
258
260
293
305
5
22
26
27
68
107
187
189
6
7
21
67
106
159
235
236
242
291
26
235
242
243
288
25
105
107
128
137
138
242
290
127
139
207
208
243
278
280
290
291
23
65
79
101
126
205
278
279
57
64
79
100
126
205
277
32
58
64
101
103
32
59
80
101
167
168
169
170
239
304
32
34
101
154
167
168
169
170
226
227
240
302
8
33
34
171
172
225
239
17
68
69
151
152
171
239
247
304
305
6
16
34
70
83
84
85
111
113
114
151
156
157
236
239
245
246
247
316
5
6
16
18
34
149
156
249
284
303
315
318
4
15
18
19
71
72
140
230
235
237
248
283
286
317
141
225
226
228
285
47
50
92
111
141
142
238
73
91
93
104
111
151
228
237
273
34
36
48
74
91
92
103
104
105
111
112
150
151
236
272
34
35
48
104
112
113
141
142
237
272
324
73
74
91
109
110
111
142
299
300
301
323
87
111
155
156
283
299
301
323
2
57
87
98
99
100
101
142
156
248
249
282
284
300
323
2
4
58
85
99
142
248
279
4
58
59
84
186
281
56
57
58
106
180
185
186
246
282
57
109
178
181
205
321
324
82
108
182
206
208
323
324
82
107
108
119
120
181
183
314
323
75
76
77
81
109
118
120
131
314
323
75
107
109
119
121
131
183
205
310
314
315
74
107
108
110
151
206
270
310
311
315
111
133
150
187
266
305
310
10
11
17
20
36
37
79
150
153
154
188
189
206
267
270
271
305
307
313
8
9
10
11
15
18
19
37
38
78
81
254
255
268
269
271
304
313
315
6
8
15
18
20
34
36
37
183
184
187
216
254
266
303
314
315
316
332
5
17
37
75
184
253
315
330
18
36
37
73
184
186
216
253
255
256
290
325
327
331
332
36
37
38
52
185
187
215
217
290
324
325
328
37
54
74
185
211
214
215
216
262
263
264
292
323
324
53
73
185
188
190
192
193
210
211
213
263
264
73
76
189
190
194
217
262
323
42
45
59
73
113
199
200
205
206
207
238
239
263
318
44
46
59
60
61
76
114
201
249
272
273
317
318
40
44
45
75
76
113
200
237
238
246
247
271
45
74
200
201
238
239
272
319
45
65
77
193
195
199
239
76
165
166
194
258
309
310
311
34
64
165
196
207
259
309
310
311
34
35
62
63
76
91
150
164
197
213
258
312
63
65
90
91
149
151
197
207
208
214
215
260
65
66
97
98
103
108
197
216
217
35
64
77
97
98
107
148
234
254
37
77
79
97
105
106
107
168
235
254
255
300
38
108
109
165
166
168
233
289
312
313
23
25
33
34
96
165
168
169
288
301
25
33
65
102
167
287
288
301
302
303
314
315
64
86
87
101
115
167
209
211
212
311
312
313
62
104
112
114
115
298
300
89
115
300
54
57
91
114
116
243
50
53
54
56
57
90
114
163
164
166
243
17
18
50
52
57
58
59
90
115
162
163
242
244
246
17
18
19
20
49
59
80
82
222
225
244
247
50
81
122
221
223
263
50
60
61
84
119
163
164
220
222
223
263
331
60
85
120
163
201
262
329
199
318
327
328
330
180
183
198
269
318
319
320
321
322
2
95
96
101
111
127
128
130
163
181
269
270
319
1
2
96
100
125
127
129
134
163
213
215
318
319
1
95
99
109
110
130
132
133
134
139
141
163
183
213
214
284
286
316
318
320
1
2
95
108
109
111
132
133
141
177
199
209
264
265
283
286
293
298
299
300
301
302
311
317
318
1
2
132
140
175
176
198
206
207
265
293
298
299
302
303
318
319
320
177
179
194
195
196
197
206
293
298
299
302
310
321
138
147
157
179
181
184
196
207
208
209
281
282
303
310
319
320
9
147
148
183
196
197
236
237
238
253
279
281
320
322
323
7
9
103
105
158
159
195
204
253
280
8
9
102
157
196
197
203
206
208
252
253
254
317
318
329
6
60
62
172
173
197
203
206
256
258
279
310
311
318
327
330
63
196
197
252
278
311
312
65
147
171
172
173
207
276
277
312
319
325
148
172
206
240
276
312
325
326
149
208
239
313
223
234
235
239
240
241
259
322
324
4
5
161
184
234
235
239
240
292
323
3
4
161
162
184
185
187
224
229
230
242
246
258
259
293
314
323
3
130
148
149
161
181
182
183
185
226
229
230
232
241
243
245
258
278
313
315
322
323
332
35
36
37
81
129
147
155
174
176
181
186
240
244
277
278
294
321
332
333
36
83
128
147
154
155
172
239
240
241
277
294
321
83
146
147
173
202
204
271
319
201
271
326
59
74
83
200
201
214
215
272
275
325
326
13
58
59
73
135
139
140
170
213
215
217
271
274
276
15
59
60
76
164
167
168
275
288
289
14
59
60
61
111
137
213
273
288
110
162
164
214
260
261
268
273
290
36
110
166
168
214
215
252
253
260
261
269
271
287
288
65
110
131
133
165
198
200
252
259
260
268
278
289
11
12
34
98
100
101
109
132
139
161
197
252
258
272
274
276
290
292
331
13
31
32
33
65
99
133
134
135
142
161
162
258
269
270
271
272
273
275
291
329
65
67
68
115
136
138
141
142
162
260
328
66
67
68
97
113
134
135
136
139
141
160
161
196
197
260
287
328
330
113
114
141
142
195
196
197
260
285
302
328
329
66
95
144
198
242
243
259
260
267
268
282
283
96
143
195
196
197
240
260
266
267
268
269
282
286
300
302
326
182
262
268
269
280
182
296
325
98
100
180
182
183
269
295
296
324
325
99
101
119
183
187
325
9
10
117
186
7
10
11
88
102
103
117
118
144
184
185
8
10
11
90
91
95
98
102
103
119
142
144
304
90
91
92
93
101
190
191
192
302
90
91
92
95
100
120
123
124
125
165
166
167
303
320
328
44
45
47
94
167
177
300
301
303
45
94
97
176
177
320
330
331
45
95
96
97
98
155
168
169
259
319
46
47
98
154
155
167
168
169
234
259
264
154
167
169
211
214
232
233
234
236
237
257
258
263
320
38
39
40
93
170
213
232
238
8
39
89
93
94
158
263
7
10
89
95
157
256
257
268
269
271
274
275
276
294
10
12
43
89
156
231
232
256
269
274
275
293
294
329
8
12
13
34
35
43
44
45
146
148
149
157
232
295
328
329
8
43
67
207
208
230
302
327
7
36
44
45
68
168
170
177
208
273
274
275
302
45
67
169
178
275
297
301
35
168
178
202
213
273
298
32
33
151
179
201
214
273
32
33
35
151
166
178
185
202
214
215
298
299
305
329
6
33
82
151
164
166
185
186
274
305
329
331
7
81
82
112
114
129
184
186
187
306
329
330
331
10
82
114
126
127
129
161
186
187
192
285
286
8
9
10
11
125
126
129
130
161
184
185
242
243
273
285
286
287
288
8
9
126
127
158
159
160
177
178
185
190
243
274
71
126
128
158
178
189
242
243
271
10
57
58
59
113
157
178
188
269
273
300
10
11
58
71
112
160
271
300
301
7
11
57
91
92
96
106
112
159
269
270
282
301
8
9
59
64
66
70
91
95
98
101
105
112
269
270
281
282
283
284
300
301
12
13
56
58
63
66
71
72
99
100
108
184
279
282
313
12
47
48
66
69
91
108
109
185
186
239
273
280
283
312
11
35
48
50
109
132
188
239
272
275
284
302
309
312
34
51
56
93
133
134
136
137
188
240
243
265
310
312
313
38
51
52
56
94
133
215
242
243
244
265
284
301
308
36
50
93
96
135
183
187
215
244
245
264
284
300
307
309
51
57
94
183
184
267
316
49
52
56
110
182
184
215
221
222
259
278
279
283
297
299
314
315
317
52
53
56
57
58
108
110
220
259
280
285
296
303
305
316
317
90
109
281
283
284
285
286
91
108
145
220
259
281
282
303
318
91
107
137
146
195
196
287
92
105
136
145
195
287
19
95
96
104
138
198
265
288
16
17
19
20
97
104
105
106
196
264
269
19
83
152
153
154
195
199
264
83
85
152
196
199
264
268
87
94
154
195
268
270
271
315
5
75
77
83
87
90
92
94
269
286
313
315
4
19
41
42
74
75
83
89
92
93
94
146
271
284
286
287
289
306
307
19
42
44
73
74
88
270
271
287
307
3
19
45
74
75
148
219
287
307
311
15
59
132
147
219
257
311
312
14
44
59
60
100
129
130
149
220
232
258
306
13
16
62
99
100
119
131
231
232
256
320
16
116
219
220
230
320
321
87
118
120
158
37
38
87
160
171
214
215
232
233
302
49
50
88
110
161
162
215
285
286
301
302
36
49
50
85
86
109
169
215
287
302
108
169
270
271
272
301
302
85
289
301