96
269
272
47
48
68
95
96
270
273
47
69
94
98
100
299
300
99
101
159
160
298
300
304
70
73
85
86
98
99
159
161
301
305
37
71
79
83
85
98
300
305
8
9
36
37
73
81
82
84
85
210
249
260
261
263
302
304
306
319
320
9
37
69
73
74
210
213
215
249
250
260
282
283
304
307
318
319
32
38
39
75
114
209
211
250
262
264
30
113
114
210
260
263
282
303
3
29
114
303
71
76
78
172
274
275
296
301
4
72
77
78
100
102
141
167
272
274
294
1
3
69
77
78
100
142
168
171
269
270
273
274
298
0
2
5
68
70
143
167
172
173
294
295
298
4
5
69
70
75
189
243
244
298
3
4
74
171
190
210
212
242
243
4
74
189
190
212
311
47
51
63
64
145
154
190
211
310
312
6
44
46
51
65
75
107
119
154
155
184
45
50
51
63
73
106
107
118
119
126
127
129
145
170
182
184
185
210
217
293
294
313
61
62
74
116
147
149
169
184
186
218
229
292
11
12
49
60
61
139
141
142
170
211
212
218
219
228
39
49
50
142
175
179
217
231
12
39
41
50
109
176
178
179
232
320
12
13
40
109
190
195
312
319
14
15
16
17
80
81
82
89
90
110
111
173
193
194
196
197
310
318
13
15
83
84
89
174
175
192
195
196
297
298
313
82
174
183
191
222
296
297
298
300
311
312
11
33
35
37
172
183
188
190
220
296
297
301
311
0
1
4
11
15
17
38
183
189
190
205
206
208
209
210
219
310
321
322
0
1
2
16
73
74
98
188
189
206
211
220
227
306
15
97
123
124
125
193
194
219
225
226
283
285
305
319
320
321
74
75
77
97
98
136
183
191
193
194
218
220
283
286
306
33
77
78
124
136
184
190
194
218
282
283
284
76
80
123
126
135
147
149
181
185
282
304
34
75
77
124
127
128
134
148
173
196
34
126
127
128
173
175
215
216
230
290
75
171
214
215
230
231
232
172
230
231
288
289
316
231
317
109
110
249
250
317
320
321
66
102
110
175
317
318
319
325
64
65
103
104
175
251
253
255
317
318
322
324
325
326
7
8
9
18
64
101
103
174
254
262
314
315
327
8
9
18
19
65
221
260
261
317
320
327
217
221
222
90
215
218
268
39
89
166
213
215
220
240
268
269
38
39
89
110
165
166
200
213
241
242
249
265
266
267
268
270
287
19
20
82
109
110
159
160
201
235
245
247
250
258
269
287
293
18
19
47
50
91
106
107
157
160
167
168
201
235
236
244
246
248
260
261
262
293
18
19
47
82
91
106
155
185
186
233
234
287
288
289
290
293
9
47
49
83
184
232
234
286
287
9
21
46
81
157
231
237
239
240
241
273
274
275
7
41
44
157
158
237
238
240
273
274
275
325
34
35
42
104
121
122
123
177
178
297
298
299
327
34
41
42
43
49
102
104
121
178
179
299
326
7
22
35
41
43
52
102
104
105
123
124
180
234
299
326
6
8
10
21
23
36
40
41
43
51
52
120
123
125
232
233
235
236
295
298
308
329
332
9
20
22
23
51
118
121
161
178
179
234
235
296
307
312
328
329
330
331
35
117
119
120
163
307
308
328
21
118
120
163
164
211
308
313
314
332
19
21
34
35
150
164
211
212
233
308
314
23
24
137
138
139
149
212
234
235
319
23
75
139
140
145
146
165
233
234
235
236
316
318
24
74
145
146
147
231
233
312
317
318
25
75
76
144
145
148
231
314
25
74
75
88
90
24
90
91
132
160
162
51
52
53
74
86
90
131
161
163
216
217
329
52
77
78
130
162
182
216
291
292
329
330
78
79
161
178
180
182
292
331
30
77
79
179
181
28
10
232
264
285
9
10
11
23
24
25
30
232
233
264
285
286
9
10
22
63
64
264
268
270
271
285
287
288
14
23
25
26
64
263
277
15
16
71
144
153
276
277
15
71
143
145
154
156
277
328
329
70
71
144
153
179
275
277
279
328
0
24
176
177
180
242
243
244
272
275
277
278
319
25
245
246
273
277
0
1
2
6
7
8
26
53
244
273
280
318
319
320
9
53
178
269
271
272
279
317
31
52
53
180
246
267
280
318
323
8
31
32
94
108
178
206
207
236
279
280
319
7
51
84
93
95
156
158
204
237
317
320
321
95
110
123
146
155
257
269
317
52
85
124
235
255
317
318
320
52
86
110
146
179
254
255
256
257
270
278
320
321
124
126
147
180
230
236
255
256
269
270
277
69
82
92
94
112
123
125
170
179
195
196
197
230
234
235
277
278
297
299
332
69
71
81
85
111
112
113
123
124
172
196
231
296
326
330
331
332
333
71
72
78
79
80
82
84
94
112
123
124
125
149
151
152
153
154
171
172
174
175
195
196
197
206
218
219
235
295
300
301
302
303
325
331
57
69
72
73
79
94
95
112
113
151
152
155
169
173
174
176
196
204
217
234
301
302
303
325
327
328
330
58
59
60
71
92
93
156
158
172
175
177
196
201
208
219
302
303
56
60
61
70
128
129
199
200
201
214
215
301
302
8
39
40
56
87
89
130
204
205
301
6
9
40
68
88
124
125
187
7
8
68
116
125
163
164
188
206
280
6
44
68
70
89
117
154
156
165
167
190
205
228
276
279
40
43
116
164
165
166
189
190
227
229
244
275
279
19
42
61
150
152
165
225
246
256
280
281
63
64
90
214
243
244
255
256
277
281
315
316
17
18
19
59
61
62
63
65
89
93
99
225
226
247
255
256
275
277
280
317
72
92
98
185
213
226
227
259
318
1
63
69
71
81
100
213
214
215
225
226
247
260
264
265
0
2
25
59
64
65
67
68
69
81
82
187
191
213
247
254
256
259
260
265
270
24
25
26
45
55
56
57
58
60
97
98
153
189
254
276
278
44
57
153
154
268
270
276
279
45
54
111
112
154
268
275
276
102
111
40
120
121
148
154
175
178
266
40
41
44
103
109
110
111
118
119
121
123
148
149
152
174
175
177
204
254
37
45
103
120
149
153
154
205
207
208
271
315
45
204
253
258
271
312
313
317
37
38
39
45
134
179
255
271
272
318
41
42
45
71
134
135
178
233
235
236
256
257
317
38
41
72
128
134
178
208
234
236
16
40
71
73
74
86
108
129
137
209
319
14
15
72
81
87
107
128
129
208
20
22
69
71
81
82
106
107
129
130
242
22
86
87
121
122
127
131
242
243
23
242
50
119
222
240
241
273
49
210
214
223
224
237
273
48
49
81
82
83
213
214
223
236
237
274
275
304
305
48
80
96
123
125
127
133
135
190
192
205
208
210
213
221
223
237
274
305
76
97
100
122
123
134
149
191
211
219
262
263
73
75
97
98
134
135
148
190
192
205
207
210
263
147
148
149
206
236
237
238
239
274
21
73
146
174
190
191
236
237
238
240
273
49
84
85
86
145
147
188
189
191
237
238
239
273
21
48
84
112
146
172
187
190
220
223
10
54
56
58
60
103
111
112
145
171
186
219
220
222
225
237
250
10
19
22
47
56
60
106
110
174
213
214
224
252
19
46
54
55
105
107
110
215
219
245
247
248
279
280
10
50
104
107
111
174
220
221
226
246
248
279
41
42
51
52
100
111
112
157
160
162
220
221
255
261
262
10
41
53
101
158
245
257
263
0
41
100
101
158
160
217
219
220
246
258
263
274
1
29
33
161
222
223
247
272
273
5
6
31
275
1
30
188
217
218
220
271
305
2
4
6
14
15
91
92
187
188
298
2
7
91
92
93
186
213
214
297
304
305
6
16
213
259
285
286
296
297
298
299
68
86
95
115
212
215
260
261
286
297
298
299
300
69
86
115
116
260
270
271
277
296
301
27
68
86
87
127
129
231
232
259
268
272
276
301
302
28
67
128
130
191
193
231
232
276
330
7
8
9
66
191
193
201
202
269
275
276
304
305
331
8
27
129
202
253
254
304
306
307
328
252
254
263
285
287
304
305
33
74
131
153
154
223
253
262
263
265
266
287
288
302
305
29
32
34
75
77
130
154
221
222
287
29
30
31
32
34
42
102
122
153
154
156
302
303
40
41
44
112
114
153
154
155
156
287
301
306
307
39
41
42
44
102
104
112
121
122
154
302
303
306
307
43
44
63
101
114
154
155
173
174
238
304
62
64
173
235
238
239
316
63
162
163
177
178
233
240
318
34
63
64
65
66
102
163
166
178
234
236
319
35
36
165
329
330
35
99
100
101
102
104
109
143
167
236
329
101
103
108
144
166
209
282
287
42
53
55
108
109
115
145
209
211
236
282
284
43
54
116
117
118
144
146
147
210
222
223
238
283
285
286
45
46
106
108
221
282
284
61
92
98
108
109
160
221
222
285
15
48
60
61
91
94
100
108
109
162
163
208
209
220
221
285
14
15
45
91
95
96
179
206
208
283
326
327
17
45
46
59
95
177
178
179
282
283
304
327
14
15
16
44
57
58
62
204
207
227
253
272
282
304
58
60
133
134
138
204
251
253
274
275
283
304
59
60
61
132
133
134
204
229
303
38
60
61
139
229
233
234
243
111
139
208
209
223
227
233
247
33
36
109
114
116
139
209
224
225
226
244
246
34
35
36
38
115
116
117
161
208
227
234
11
35
36
80
84
111
162
208
225
226
10
82
83
100
101
223
224
247
248
9
10
11
83
100
126
164
208
247
267
11
52
53
99
127
204
205
259
260
271
273
11
52
54
207
250
251
254
257
258
259
260
269
271
275
45
47
55
126
142
205
207
212
250
251
252
253
258
267
325
333
46
53
125
127
143
171
172
210
213
250
251
277
279
324
326
37
46
125
170
172
202
209
278
287
332
29
33
34
37
144
201
205
211
251
289
326
333
28
35
37
95
143
144
146
204
209
231
232
252
289
308
27
37
58
67
96
143
144
145
146
204
231
252
308
328
6
9
10
49
57
58
64
93
168
172
173
231
252
253
308
329
6
7
47
48
58
64
65
73
93
94
95
116
127
169
171
188
204
253
307
9
11
47
58
73
74
117
118
124
126
127
43
57
58
59
74
125
127
128
129
186
42
43
58
23
42
79
124
185
186
290
23
24
42
81
123
186
187
231
288
1
12
13
21
41
80
143
144
157
230
288
290
291
293
294
0
12
79
127
144
158
230
231
291
294
2
81
127
158
232
317
318
126
157
206
318
4
21
49
125
156
207
319
10
11
15
16
20
21
46
48
49
50
126
127
132
160
161
162
207
17
47
48
132
159
174
180
9
17
25
47
132
149
151
173
179
180
181
14
15
24
28
47
98
100
149
150
153
158
171
178
179
180
185
186
264
291
16
27
44
47
99
100
101
150
151
159
185
208
210
239
263
291
31
46
178
179
207
224
233
234
235
237
264
293
31
32
45
69
70
150
168
179
226
232
265
33
69
70
73
105
121
122
123
124
166
167
284
32
60
61
71
103
106
199
203
225
265
283
284
13
14
61
63
64
69
70
122
199
203
204
208
235
13
28
29
53
55
103
122
200
203
206
208
235
236
273
274
332
13
14
29
39
54
193
194
195
196
200
202
205
332
13
28
35
39
55
205
209
211
258
259
275
333
35
37
72
75
191
199
210
257
259
28
73
192
212
283
7
191
260
7
31
33
92
257
258
284
286
287
7
92
93
258
300
301
1
33
301
2
49
102
141
274
0
12
50
93
95
98
100
123
124
273
11
51
94
96
124
125
128
130
131
140
255
256
257
273
10
38
59
60
96
97
100
126
131
138
140
214
237
254
276
30
31
32
33
59
94
100
130
131
132
138
140
141
213
215
234
235
255
276
12
29
30
31
38
40
93
100
141
142
234
42
202
233
234
235
276
331
5
142
189
329
5
81
142
190
191
203
329
331
80
81
141
190
191
203
204
244
245
248
326
327
329
7
64
82
116
117
163
164
189
190
192
244
245
247
323
332
61
63
64
94
116
118
120
134
139
163
181
182
190
248
275
322
323
331
65
95
101
103
104
125
135
163
183
274
63
64
73
95
100
123
126
134
182
316
318
72
73
74
123
124
173
273
316
72
73
74
125
168
169
170
171
172
276
45
73
124
134
170
174
181
262
263
277
44
107
135
136
137
168
171
181
189
263
264
277
278
279
295
296
45
76
103
105
106
107
136
164
165
171
189
190
191
192
275
278
294
45
46
78
103
136
137
163
181
188
189
190
192
270
56
79
80
136
169
170
182
194
199
200
203
205
216
272
274
304
55
66
70
81
181
182
184
194
195
199
201
202
216
217
267
273
274
303
18
56
67
68
71
183
204
217
268
274
302
303
305
306
18
68
180
184
216
235
236
268
276
301
304
305
70
79
82
159
161
162
222
235
264
265
277
19
66
69
82
83
158
159
221
266
20
37
38
64
80
81
141
177
221
222
223
283
311
313
11
12
37
140
177
201
203
220
221
282
312
7
9
57
189
190
203
204
222
281
58
139
177
191
192
221
237
239
244
282
109
172
173
190
239
281
327
328
12
49
50
58
86
110
142
168
170
171
172
201
205
206
239
244
329
330
331
10
17
48
49
85
110
148
167
169
170
171
202
205
238
239
243
244
245
329
330
12
14
16
53
80
86
142
143
144
147
148
149
150
205
239
244
9
11
15
52
69
78
82
143
144
173
203
244
332
13
14
50
51
69
70
79
81
143
145
149
169
201
202
238
257
288
14
43
45
79
150
237
289
13
15
79
135
171
172
173
177
179
237
238
253
254
255
256
288
12
14
44
47
79
133
177
178
236
254
255
13
14
45
46
66
72
78
79
154
177
181
182
183
239
22
62
65
71
72
73
133
134
135
142
145
178
180
181
182
321
23
65
133
134
141
144
146
155
202
206
320
23
24
26
62
139
153
156
203
319
22
61
62
138
203
204
228
229
234
235
61
103
104
154
157
162
201
229
235
236
237
238
33
103
158
237
32
33
48
104
137
150
159
162
268
33
48
102
103
125
149
160
235
239
240
268
47
102
103
104
127
128
137
148
150
214
215
235
236
239
267
286
33
102
105
106
135
136
158
214
216
236
267
268
269
286
108
109
134
157
235
267
268
284
285
102
109
133
134
156
101
102
108
133
134
52
103
133
44
43
51
52
53
264
43
53
54
125
225
226
264
265
44
126
136
225
264
45
94
95
135
225
251
44
58
59
66
67
93
94
128
135
136
151
170
224
250
252
288
289
16
58
68
94
151
170
171
225
276
289
317
16
17
51
59
61
127
224
283
284
285
315
316
318
50
59
149
273
274
275
282
316
49
216
272
273
281
317
146
215
216
219
224
254
280
318
145
147
191
218
223
224
253
254
278
316
141
145
192
279
83
148
189
278
279
317
318
319
4
5
6
7
31
83
142
143
277
278
280
318
5
6
30
37
38
72
85
143
247
248
266
267
316
317
4
6
28
30
38
72
244
246
264
289
29
72
78
82
98
245
246
248
249
264
287
288
28
29
30
32
37
71
77
81
82
83
98
244
247
248
28
30
31
54
56
68
69
70
80
81
83
84
98
99
136
243
320
29
55
56
69
79
82
83
135
136
137
318
319
54
55
66
83
84
99
150
242
244
245
284
285
286
317
48
55
58
65
66
82
150
242
244
245
47
48
49
57
65
66
149
315
47
50
185
193
314
315
155
186
195
196
314
315
316
185
197
198
316
30
74
75
134
156
157
198
314
27
28
29
33
35
75
132
134
325
61
113
115
132
197
314
326
327
328
331
333
35
77
78
114
132
197
326
329
332
49
60
63
77
285
333
50
63
194
196
282
284
285
47
156
194
195
23
59
194
263
22
23
58
86
158
263
278
42
58
85
87
157
192
250
262
263
43
86
249
250
274
276
278
42
155
229
275
276
14
153
154
205
208
226
227
279
11
12
19
120
207
229
232
277
278
282
19
73
118
120
151
152
228
229
234
264
265
266
284
286
291
19
118
150
169
172
232
265
284
293
18
19
73
114
148
170
174
223
233
282
283
289
19
66
73
112
115
149
173
220
221
223
266
283
332
18
19
65
66
74
75
113
114
115
148
219
220
232
256
257
264
265
267
291
292
331
332
333
8
18
65
74
114
131
145
146
147
148
149
175
230
231
243
258
261
263
266
332
333
110
146
177
229
231
244
245
259
262
267
324
332
10
12
58
128
129
143
145
146
173
229
231
244
263
325
8
9
11
14
15
36
57
107
109
129
231
245
260
263
323
13
14
36
37
56
89
108
112
139
227
274
323
10
13
18
37
69
90
107
108
111
143
231
234
244
274
277
323
324
17
18
21
90
106
108
141
142
231
232
235
276
323
56
71
89
90
105
232
256
271
272
324
22
24
56
58
70
89
256
271
272
273
55
256