186
187
188
192
259
261
262
185
187
189
192
193
257
259
260
261
322
323
185
187
189
192
257
258
322
323
186
187
188
191
193
260
261
321
323
327
329
185
186
187
188
192
193
255
257
260
261
313
314
327
328
187
254
256
257
258
259
261
262
314
315
326
327
328
252
254
256
257
259
260
261
262
325
326
327
251
252
253
254
255
257
258
260
261
250
252
254
85
251
252
255
259
86
87
250
251
252
253
254
255
223
239
240
253
256
257
258
85
218
223
239
240
241
242
252
253
254
255
256
257
258
218
219
221
222
223
224
239
241
243
250
252
255
256
257
258
217
219
221
242
252
253
256
257
259
260
220
252
254
255
256
258
259
252
253
256
257
258
259
256
257
257
259
261
170
256
257
259
260
261
168
169
170
171
257
258
259
163
164
168
169
170
173
174
185
207
256
257
258
259
261
164
165
167
168
171
172
186
187
212
255
165
167
168
169
170
171
172
186
187
205
207
208
211
212
165
166
167
171
187
188
208
210
211
164
169
170
171
185
186
188
189
207
209
210
211
212
170
171
184
186
188
189
190
209
210
185
186
187
188
189
190
206
207
208
211
182
183
184
185
186
187
188
192
208
184
185
191
192
206
182
183
184
187
191
206
208
155
185
191
206
207
208
237
238
155
156
159
162
185
186
187
206
228
236
237
239
84
155
156
160
161
162
186
227
228
229
230
238
240
85
86
155
156
157
160
161
162
163
185
226
227
228
229
237
238
240
241
156
158
161
162
164
226
227
228
229
231
233
234
238
241
33
34
35
84
86
154
155
160
161
226
227
228
229
230
232
233
236
238
241
242
33
83
86
87
161
225
226
227
228
229
230
231
232
233
236
237
240
241
33
35
37
40
82
83
84
85
160
162
226
227
229
230
231
234
235
241
34
35
36
37
38
39
80
83
84
85
86
87
226
227
229
230
232
234
235
237
35
37
38
80
81
82
83
84
85
87
160
161
233
234
235
318
32
35
37
38
79
80
82
83
84
85
88
160
208
209
233
235
238
317
32
33
34
35
36
57
58
59
81
88
89
208
210
233
317
318
32
33
34
35
38
58
76
77
80
82
83
88
90
59
60
76
77
79
83
89
46
47
48
49
50
55
56
59
74
80
81
84
43
46
47
48
49
50
58
59
60
80
81
42
44
46
48
49
54
74
75
76
77
79
81
44
49
53
55
56
72
74
75
76
80
81
83
48
51
58
75
76
78
79
80
48
49
51
52
53
55
57
75
76
81
46
48
49
50
51
52
53
55
56
82
149
45
47
48
55
57
144
150
45
46
47
49
57
58
144
148
149
156
46
47
56
144
150
151
152
154
155
156
157
145
151
152
153
154
155
156
144
145
146
149
151
152
155
141
142
143
145
148
149
152
154
142
144
146
148
149
150
151
153
155
157
148
149
151
153
156
157
150
151
152
153
154
151
152
153
155
156
297
299
300
301
302
155
296
297
298
299
300
301
302
296
297
298
299
300
71
72
74
83
85
297
298
299
300
74
75
81
84
301
302
73
74
80
81
299
303
74
79
80
81
83
298
300
301
305
80
81
83
300
301
79
32
80
33
34
35
37
274
32
33
36
272
273
274
36
272
273
274
275
271
274
277
271
272
273
274
275
266
267
268
271
272
273
274
276
277
306
309
265
267
268
270
274
277
302
303
304
305
307
309
266
270
271
272
273
274
277
303
304
306
270
271
304
305
272
303
305
306
307
134
272
306
307
308
56
135
273
48
49
55
136
138
49
50
52
54
55
206
48
53
206
207
51
159
205
207
208
272
50
51
52
53
158
207
208
272
273
156
157
272
51
52
155
157
271
51
52
56
154
155
156
158
73
154
155
156
157
158
159
160
53
54
69
72
157
160
161
162
53
67
70
72
156
158
159
160
161
162
199
51
52
53
62
67
68
69
70
71
72
73
74
156
157
158
159
160
161
163
196
198
199
52
54
61
65
66
67
68
69
71
72
73
74
156
161
162
166
197
198
52
53
55
56
64
65
67
68
69
70
71
74
76
77
156
166
14
15
16
19
53
61
63
64
65
66
68
69
70
71
75
76
77
78
167
20
62
64
65
67
68
70
76
77
78
163
164
168
19
61
67
69
70
71
72
73
76
78
79
80
163
164
166
167
249
63
65
68
71
72
74
76
164
166
167
170
171
248
65
66
67
70
72
73
74
164
166
167
172
178
181
245
247
248
249
65
66
70
72
73
166
167
169
171
172
173
174
178
179
180
64
67
69
70
71
72
164
166
167
169
170
171
173
176
180
239
240
244
245
247
66
67
68
70
71
163
164
165
167
168
169
170
171
173
175
176
177
178
180
181
240
246
247
65
68
69
70
71
165
166
167
169
173
174
176
178
180
181
245
67
68
69
70
73
165
166
167
168
172
173
174
175
176
177
179
244
245
246
66
67
68
69
70
71
72
73
74
164
167
168
169
170
171
172
173
175
176
178
179
180
237
238
244
245
246
66
68
69
70
71
72
73
74
165
166
168
170
175
238
239
240
244
245
247
248
249
69
72
167
238
239
243
244
245
246
247
248
69
70
71
168
169
170
171
237
240
242
243
244
245
246
247
250
70
71
169
170
238
243
245
246
132
133
136
139
242
245
246
134
135
136
137
138
242
246
248
135
136
137
309
312
0
135
136
274
275
303
305
310
311
312
313
1
135
136
138
273
274
275
276
277
304
305
309
310
312
313
315
1
54
55
57
137
138
272
273
274
278
304
305
307
309
310
311
312
315
0
51
53
54
55
56
126
136
275
305
308
309
311
312
315
50
51
54
126
276
278
279
304
305
306
309
310
311
312
314
315
50
51
52
53
56
58
160
162
278
279
303
304
305
311
313
315
50
51
52
53
59
125
128
160
161
162
164
277
278
280
304
305
306
307
309
311
312
314
315
316
124
125
126
127
129
160
161
162
163
305
308
309
311
312
313
314
317
125
126
161
162
163
165
302
304
305
309
310
311
312
313
314
315
318
127
160
161
162
163
164
166
167
168
302
303
304
305
306
307
308
309
310
311
312
313
161
162
165
167
299
301
302
303
304
305
306
307
308
309
310
311
313
314
162
166
301
302
303
304
305
306
307
308
309
312
314
163
300
302
304
307
308
302
304
305
307
308
25
304
305
308
25
26
27
30
143
303
308
23
27
29
31
33
34
35
143
332
333
24
25
26
27
29
30
32
34
142
143
333
24
25
26
27
29
31
32
140
141
142
143
331
332
24
25
26
30
33
34
141
332
24
25
27
29
33
143
330
20
23
24
30
31
32
72
74
77
21
23
24
27
29
31
32
70
71
75
20
22
26
27
28
32
70
74
22
23
26
27
28
31
32
71
72
74
77
24
29
31
32
71
73
74
75
76
80
81
82
29
31
72
73
76
77
78
79
82
31
75
76
78
83
206
74
75
79
205
207
73
103
104
106
157
207
276
104
105
106
107
157
158
159
160
205
206
207
278
103
106
107
155
205
208
229
276
277
279
280
281
102
103
107
108
109
156
157
159
229
230
275
276
277
278
279
280
282
104
106
109
156
159
276
277
278
279
280
105
274
275
276
277
278
330
274
275
276
329
331
272
274
275
276
329
331
332
275
276
330
276
330
331
333
272
275
329
331
333
273
327
328
330
332
333
273
324
326
327
328
329
331
333
324
326
327
328
329
331
325
326
327
329
332
324
325
326
327
330
331
332
323
324
325
326
327
329
331
16
17
19
323
324
325
326
327
329
330
332
333
17
18
20
24
326
327
329
330
18
19
22
23
327
19
20
21
22
23
326
19
20
22
23
327
19
22
209
211
212
206
208
210
211
205
207
211
212
204
206
209
212
213
214
322
323
204
206
210
214
324
25
29
203
204
206
207
208
210
319
320
321
323
324
31
206
207
269
270
271
319
320
321
322
323
324
25
26
28
30
31
32
206
207
208
212
268
314
316
318
319
320
321
322
324
25
26
27
28
30
31
32
206
207
208
209
210
211
266
268
314
316
317
318
319
322
323
324
26
27
28
29
31
206
208
210
267
268
311
312
313
315
319
320
321
323
324
325
326
24
26
27
28
30
208
209
238
241
266
267
268
312
313
315
318
319
320
321
322
323
324
325
326
24
25
26
27
28
29
30
237
238
239
240
241
242
266
269
314
315
316
317
321
322
323
25
26
28
29
30
238
239
241
243
267
269
316
317
318
320
321
322
323
324
24
25
26
27
28
32
239
240
241
242
243
244
268
269
270
315
320
322
325
25
27
28
29
31
240
266
267
315
318
319
321
24
25
27
28
29
30
239
240
241
265
266
314
315
316
317
320
321
322
323
27
314
316
317
320
322
324
325
29
30
315
317
318
319
320
321
322
323
324
30
320
321
322
323
321
323
158
155
157
158
158
318
321
155
156
159
160
317
320
103
154
156
157
317
318
319
320
98
99
101
102
153
155
156
158
292
318
319
99
101
102
103
153
154
155
157
159
160
292
293
295
317
100
101
102
103
152
154
157
159
160
293
294
93
95
99
100
101
102
151
152
153
154
158
293
295
1
2
93
94
95
98
101
102
152
153
154
155
290
291
2
94
95
96
97
98
100
101
152
154
156
157
291
1
93
94
95
96
97
98
99
151
152
154
155
156
157
158
159
97
98
99
153
154
157
158
159
160
294
94
95
98
99
154
155
156
237
295
296
297
94
95
96
98
99
100
153
154
155
238
239
296
95
96
99
154
155
237
239
240
245
96
154
238
239
240
238
239
241
244
245
240
241
242
244
246
247
240
242
245
246
5
8
234
235
240
242
246
247
248
250
5
9
233
234
235
237
239
241
242
244
245
246
250
284
2
3
5
6
7
8
9
235
236
237
238
239
241
242
243
244
245
282
283
285
287
4
6
8
11
235
236
238
240
242
243
244
245
246
284
285
286
288
7
9
234
237
242
243
244
245
247
283
286
287
10
236
239
240
241
244
245
247
248
249
285
286
236
237
238
239
240
241
242
245
248
282
284
285
286
287
288
289
235
238
240
241
248
249
250
282
283
284
285
287
35
36
246
247
248
285
286
324
36
56
60
142
144
248
286
324
37
42
55
56
57
59
60
143
325
36
37
38
42
55
57
59
60
143
144
326
36
37
41
42
56
57
58
59
60
61
62
142
143
145
33
34
35
36
37
38
43
54
56
57
58
59
61
142
143
144
32
34
35
36
37
43
53
55
56
58
59
145
31
33
34
35
36
37
39
42
44
54
55
56
57
58
29
30
32
34
35
36
37
41
42
43
55
57
59
30
31
33
35
36
39
40
41
54
59
30
32
33
38
40
41
42
33
39
40
41
73
36
37
39
41
73
74
33
34
37
38
77
78
36
37
38
41
77
78
12
13
38
39
40
12
14
39
40
41
12
13
11
13
12
9
10
11
13
10
11
14
16
6
9
10
12
14
15
7
8
9
13
15
13
14
16
17
19
122
9
12
13
14
15
16
17
18
121
123
8
9
13
15
16
17
18
120
121
122
123
124
12
13
15
16
117
118
119
122
123
124
16
119
121
122
123
124
15
120
121
146
148
119
122
145
146
147
148
149
118
148
149
150
151
117
148
150
151
148
149
150
151
319
147
148
150
319
320
321
319
320
321
323
320
322
104
105
107
321
103
106
320
321
105
106
107
108
115
40
41
101
102
103
104
106
107
108
109
112
113
114
115
116
36
39
40
100
102
103
104
105
107
110
111
112
113
114
115
116
117
37
38
39
40
41
101
102
103
104
105
106
107
108
109
110
112
113
116
117
37
38
76
78
99
100
101
102
104
105
106
107
109
110
111
112
116
36
37
39
41
76
77
97
101
103
106
107
110
112
113
114
115
39
75
97
101
102
103
104
105
110
111
74
75
76
97
99
103
104
105
106
76
98
100
101
102
103
104
105
99
100
101
102
104
184
188
99
100
101
103
183
184
188
99
101
103
104
182
183
184
185
186
187
99
100
102
182
184
185
186
100
102
103
184
185
187
101
102
103
182
184
187
101
102
103
104
182
186
187
188
100
101
102
186
187
188
190
100
101
187
189
274
272
273
274
279
110
112
113
273
276
278
279
310
311
109
111
112
113
114
275
278
309
310
311
313
112
113
275
280
283
112
275
276
277
278
279
281
282
283
313
111
112
114
274
275
277
278
279
280
281
312
263
264
274
275
276
278
279
280
281
263
277
278
279
280
281
261
263
264
277
278
281
282
279
281
97
281
282
97
98
99
139
140
142
283
97
98
99
100
138
141
98
99
100
101
138
139
141
142
98
138
139
140
142
143
3
99
139
140
141
142
144
3
138
139
141
142
145
2
138
139
141
2
140
141
142
143
144
1
136
137
139
140
141
143
144
2
136
137
138
139
140
142
143
144
145
1
3
5
136
137
138
142
145
3
4
5
6
7
139
144
3
4
6
87
144
2
4
5
6
87
1
2
3
6
85
2
3
5
86
285
0
2
3
4
5
7
8
85
234
2
3
6
7
8
234
236
283
284
285
0
1
3
4
8
234
235
237
278
282
283
284
285
286
287
288
1
2
236
237
238
279
284
285
286
232
234
279
283
284
285
286
34
105
107
232
233
234
235
283
284
285
34
35
36
106
107
108
231
232
235
284
34
35
37
38
39
107
108
111
112
283
284
34
35
36
39
107
111
113
283
34
35
36
39
104
105
106
107
108
110
111
112
114
115
34
35
36
37
103
104
105
112
113
35
36
37
106
111
112
113
114
35
36
37
38
106
113
114
115
36
37
40
105
106
114
34
35
38
39
105
106
244
245
34
35
36
37
38
36
37
195
196
197
244
249
190
193
194
195
241
242
249
36
37
188
190
191
192
193
194
195
196
199
249
36
38
187
191
192
194
195
197
198
199
200
249
300
301
302
303
308
185
188
189
191
193
195
197
301
302
303
306
307
185
186
187
190
192
193
194
195
196
299
300
301
302
303
304
305
307
308
104
106
184
186
187
188
192
193
196
296
297
299
300
301
302
303
304
305
103
104
106
107
184
192
195
196
300
302
305
106
196
197
298
305
306
101
105
106
305
306
101
102
104
105
302
304
305
306
307
102
103
105
106
108
222
223
224
225
227
303
304
306
102
103
105
106
148
208
218
219
220
221
222
223
224
225
226
227
300
301
302
303
304
17
102
104
105
106
146
147
208
216
217
218
219
221
222
223
228
301
305
15
16
101
106
107
108
143
145
147
208
210
216
219
220
221
222
223
224
225
301
304
14
102
105
106
144
145
147
207
209
210
211
218
219
222
224
225
304
305
104
105
106
108
208
209
210
218
219
220
221
222
223
225
226
227
103
104
105
107
209
220
221
222
223
224
225
226
102
220
221
222
223
224
225