50
124
131
134
198
213
50
51
124
125
129
132
199
214
40
52
161
163
211
309
28
39
133
162
198
212
309
27
29
30
162
163
195
197
211
212
246
248
267
268
269
310
37
38
162
202
204
247
289
308
309
163
201
205
286
309
38
46
49
53
164
165
201
204
205
224
287
0
13
15
48
53
200
202
224
225
226
286
310
13
145
164
165
214
224
249
2
23
28
54
133
134
144
212
214
225
249
23
24
28
134
136
143
145
213
214
251
252
253
1
24
26
84
134
144
223
250
251
2
5
6
7
24
25
83
85
188
223
241
249
56
85
186
187
188
223
241
249
250
300
301
302
0
1
58
187
222
241
307
309
58
300
304
306
55
59
243
298
299
301
306
55
59
96
241
242
298
300
301
305
55
60
183
242
243
301
306
318
95
127
128
130
183
303
304
317
318
54
56
57
96
97
108
126
301
302
318
52
97
107
109
111
137
154
183
316
318
50
52
53
97
107
115
127
135
136
138
153
154
40
51
52
53
67
68
110
113
114
153
183
269
298
18
39
52
53
65
72
113
182
228
229
233
296
297
298
17
20
41
42
43
44
52
72
73
74
99
152
182
183
201
227
228
229
230
233
271
272
19
51
73
98
201
235
17
18
20
98
200
233
253
16
19
62
96
144
145
147
252
253
262
263
309
18
98
143
144
145
247
249
261
263
264
275
47
63
143
248
250
254
260
262
263
276
310
16
48
49
63
98
99
145
207
263
274
310
333
100
141
190
205
206
17
29
140
189
190
191
205
209
328
330
331
333
29
30
67
73
192
195
196
201
229
230
332
66
67
74
75
77
203
205
208
230
302
331
332
67
75
111
132
134
192
198
231
299
301
303
45
47
110
135
194
121
123
133
301
302
18
19
48
62
64
65
104
108
119
120
122
133
136
177
200
300
301
62
63
103
104
108
109
119
136
176
177
179
180
199
201
263
264
265
15
16
17
61
63
104
107
118
120
177
178
200
203
249
263
264
15
16
24
115
116
117
118
121
176
177
178
182
184
201
202
248
261
263
287
23
116
122
144
145
175
176
202
203
247
248
250
260
261
262
287
313
23
145
176
179
180
181
208
219
252
286
287
312
313
33
35
36
121
175
179
208
209
287
288
34
175
176
209
217
253
287
35
42
43
44
62
168
175
217
235
287
29
30
40
42
61
62
63
137
166
167
175
216
217
218
291
322
31
61
136
168
215
216
217
218
233
237
277
281
290
292
322
124
125
167
215
216
219
221
222
232
235
240
241
276
282
289
321
37
123
136
169
221
222
234
235
236
242
278
283
284
35
36
37
108
113
135
230
231
234
236
242
284
118
120
216
242
318
319
107
110
114
119
120
131
215
15
108
113
117
131
134
215
252
283
284
320
18
66
95
96
116
131
133
149
150
174
176
276
278
284
313
316
317
320
15
17
19
95
96
108
130
144
175
176
251
252
276
278
284
314
317
322
323
17
18
19
68
131
132
133
144
146
148
288
323
16
18
82
83
107
127
128
133
138
143
145
289
68
81
128
136
137
143
290
301
14
16
66
67
129
136
218
220
221
290
291
10
19
26
221
267
268
300
301
12
20
27
36
69
158
160
268
269
300
10
11
19
21
29
30
36
37
64
65
66
87
161
168
299
300
10
12
15
16
30
64
87
88
169
299
10
13
25
89
126
127
162
169
191
192
198
200
251
23
25
32
88
110
111
126
128
129
136
137
191
198
199
248
21
24
53
109
127
128
136
137
221
222
249
20
25
53
58
60
61
124
126
128
129
138
197
222
18
49
50
51
52
59
123
138
196
197
199
221
222
17
50
58
59
60
127
129
137
162
196
197
278
54
130
137
163
164
281
295
296
5
54
55
131
137
280
295
329
4
54
56
93
136
185
186
281
283
286
295
328
330
7
55
56
93
94
139
285
4
7
92
159
187
188
284
4
5
55
158
188
328
4
53
54
229
320
52
55
156
230
261
307
325
326
35
54
231
233
247
248
259
307
318
319
320
324
328
330
36
38
54
55
143
232
234
246
260
261
266
307
53
83
143
232
247
248
277
38
81
121
122
144
244
245
255
256
267
277
69
70
119
122
144
145
244
247
255
265
266
268
277
278
11
70
81
104
121
122
136
137
244
247
256
264
267
275
11
12
28
79
80
100
102
103
104
135
213
246
247
255
10
28
79
99
104
211
212
281
283
25
100
211
228
260
280
26
101
211
259
304
305
104
211
229
245
258
304
100
103
104
141
228
229
244
245
246
248
255
256
259
325
103
104
105
205
210
211
212
226
326
16
17
31
33
65
142
203
204
205
211
212
225
226
228
245
326
327
4
14
15
16
17
18
19
32
33
34
35
64
66
67
203
204
207
209
210
225
226
229
282
325
326
328
4
5
15
18
19
58
76
142
156
210
219
220
222
225
284
295
14
34
36
57
76
142
143
144
149
155
156
211
219
223
257
258
284
292
294
14
15
23
24
37
57
58
64
76
142
143
150
218
223
255
16
23
24
37
55
57
58
63
64
141
148
222
58
140
141
231
253
57
141
144
223
231
313
314
16
57
140
145
146
222
227
229
315
18
139
140
200
201
222
228
312
18
140
141
155
169
170
201
203
222
250
251
252
17
142
151
156
157
200
250
251
16
33
49
143
145
151
152
157
169
223
250
251
15
16
35
50
90
144
146
151
169
176
224
257
261
263
34
36
48
145
149
150
170
176
178
257
20
91
150
151
152
175
177
178
224
259
291
21
92
150
151
169
170
174
216
217
219
256
257
259
292
293
20
21
105
106
149
167
170
171
216
217
288
290
291
296
298
316
21
70
71
92
93
105
167
168
171
200
216
276
277
289
293
297
315
316
317
23
70
89
91
166
167
177
200
237
275
294
316
135
172
175
176
199
202
237
238
286
287
288
294
313
41
134
176
177
197
199
200
201
238
285
286
289
296
297
316
11
41
42
87
134
144
249
288
297
10
11
12
40
88
107
144
166
249
250
282
289
11
88
89
108
144
249
250
283
5
40
109
168
282
295
167
255
256
281
293
295
296
321
322
2
5
40
51
100
164
253
254
255
295
3
40
50
100
167
253
324
2
49
99
165
166
167
30
37
160
161
162
30
31
38
162
298
31
32
37
152
153
208
210
297
37
152
153
210
296
85
151
269
296
86
150
268
87
88
94
142
174
269
94
95
141
173
174
186
188
224
270
60
61
80
93
94
141
160
187
221
222
238
258
268
29
59
60
63
64
79
80
81
82
158
160
161
238
242
244
258
29
60
80
81
83
146
147
161
162
188
189
232
233
238
242
256
257
258
260
262
295
297
311
325
29
60
82
84
145
147
160
189
232
234
243
260
261
263
269
270
295
298
309
324
325
78
144
146
158
159
160
186
187
193
194
195
230
231
234
235
242
243
268
309
325
326
38
62
105
106
143
156
194
197
234
11
12
37
38
58
59
79
106
108
109
111
157
195
233
267
13
15
58
59
108
109
111
112
113
183
184
194
195
257
258
14
15
19
108
109
112
113
183
258
269
15
21
54
110
111
112
113
132
142
173
182
310
325
326
14
21
22
39
42
54
110
112
142
176
181
309
326
22
40
41
42
57
134
144
174
180
181
310
326
42
55
57
136
138
144
309
56
308
314
136
314
314
315
331
332
13
65
313
314
315
332
12
13
64
332
64
64
108
109
27
65
256
260
261
27
61
71
86
111
255
257
261
283
284
26
60
62
86
113
233
234
253
260
25
61
72
73
84
103
104
112
113
114
190
230
232
252
283
73
103
115
191
230
232
253
262
314
59
60
72
73
103
152
184
192
205
207
208
244
314
315
104
151
154
155
185
218
221
222
243
244
255
314
10
154
155
157
183
184
219
221
303
9
10
11
151
181
217
219
221
223
224
246
302
9
10
11
13
152
156
181
182
183
218
222
223
240
303
5
10
11
55
153
154
155
212
223
4
6
12
54
125
156
238
50
53
54
122
124
210
237
258
304
314
315
52
235
237
303
304
305
316
80
82
84
204
210
211
258
279
280
304
308
309
81
83
91
95
161
202
203
235
239
240
259
280
307
68
69
83
87
89
90
124
162
240
242
71
79
83
84
88
96
114
161
183
205
240
242
79
80
92
97
109
113
124
126
183
184
185
306
72
73
80
82
111
183
204
244
306
308
16
74
81
97
110
111
183
244
245
300
301
302
307
15
16
75
111
172
185
245
246
300
16
78
97
154
171
172
196
198
3
16
17
79
99
113
185
196
197
267
17
65
66
67
76
77
152
186
194
4
150
158
159
197
198
268
269
273
275
19
25
156
157
186
188
189
190
221
269
270
271
274
276
3
26
156
157
158
189
191
193
222
272
273
274
2
3
18
28
31
51
52
69
192
193
224
251
253
3
4
29
49
52
188
223
246
250
251
253
254
255
3
4
29
35
51
70
168
169
247
253
254
3
13
47
48
69
70
72
170
171
243
245
246
272
12
13
37
39
167
168
170
217
224
242
247
274
313
56
165
168
171
216
225
272
275
313
314
56
165
197
217
226
235
242
267
268
269
301
313
55
162
197
225
233
244
272
295
298
300
191
198
199
200
231
238
248
273
295
296
297
327
162
191
193
199
240
246
296
297
322
326
158
160
168
169
191
192
240
295
296
321
328
93
159
190
191
247
249
296
320
93
94
160
161
171
191
206
273
296
327
54
132
133
134
140
190
205
251
271
272
273
332
53
55
70
94
148
331
10
54
70
93
139
148
206
331
9
94
95
140
230
330
12
69
95
145
146
229
7
95
259
329
7
61
228
229
258
268
269
299
61
62
63
79
165
257
268
270
300
78
107
108
144
146
167
169
170
182
225
226
296
301
303
78
80
109
121
122
145
166
168
169
171
182
224
281
295
297
298
299
45
48
50
52
79
94
121
154
184
253
254
255
278
294
296
297
25
43
45
48
49
52
79
84
92
93
153
154
155
161
172
203
204
276
279
295
330
331
26
43
44
52
83
91
92
93
98
118
119
121
153
159
171
173
174
253
254
256
279
280
331
23
84
92
93
95
96
118
162
163
191
206
277
278
306
308
333
7
23
24
54
96
120
153
176
191
192
193
194
207
278
306
307
308
309
311
5
55
95
116
164
191
192
231
248
277
279
305
308
332
206
229
246
247
248
4
227
246
248
313
330
331
191
205
248
310
312
314
4
145
191
192
219
248
311
8
9
10
11
58
68
90
93
146
147
190
222
11
57
58
67
68
69
86
87
92
147
192
221
222
325
58
67
87
147
191
208
304
12
69
191
305
306
323
54
70
100
174
175
209
321
69
85
101
102
175
208
14
15
55
68
75
84
123
208
209
326
15
75
76
126
132
326
327
19
54
72
74
84
85
124
125
126
132
71
72
84
127
128
133
134
11
12
21
72
75
85
123
124
12
45
85
124
126
285
14
16
23
84
286
287
16
45
47
137
264
285
286
289
298
299
300
44
67
98
99
107
127
137
138
288
10
44
45
68
69
70
99
107
108
110
111
125
126
139
140
180
264
42
43
63
64
99
100
109
111
112
125
265
303
304
11
12
42
43
63
65
100
112
178
181
285
286
316
317
318
11
67
100
182
286
303
318
12
40
41
316
318
22
23
41
48
49
68
69
71
72
131
156
316
317
20
42
47
48
50
67
81
126
130
150
154
155
156
267
268
269
282
316
317
22
23
41
46
81
120
126
127
151
156
267
282
283
45
81
119
127
130
151
163
264
265
281
312
329
64
71
82
84
129
136
151
152
163
281
313
314
328
67
70
82
84
91
92
119
128
134
135
136
150
152
163
164
200
314
331
29
30
62
68
91
127
134
135
144
149
197
198
240
256
257
315
316
28
31
62
143
145
157
158
198
199
200
238
240
252
257
259
261
87
89
151
153
155
196
200
238
239
253
258
27
28
88
131
255
257
299
301
29
88
132
142
149
254
257
267
77
133
142
143
254
256
266
267
302
319
140
143
235
236
255
301
320
321
327
63
78
80
81
201
236
237
327
8
9
62
63
76
193
200
202
204
237
238
259
327
6
7
8
25
26
59
63
76
77
84
190
193
238
260
7
25
59
82
85
167
192
236
237
259
260
6
31
81
86
92
165
166
168
223
236
240
251
253
318
33
61
62
63
87
91
128
133
167
168
224
227
236
252
262
308
309
317
318
60
87
90
91
131
133
167
168
227
235
257
263
308
34
62
93
126
226
227
258
277
278
279
33
34
92
126
133
157
158
193
208
227
251
257
258
262
263
276
278
32
77
125
126
128
130
192
201
205
227
262
278
322
126
130
131
156
191
206
227
248
249
275
323
78
126
127
132
155
157
201
205
226
46
80
125
132
156
254
256
321
322
44
45
152
200
252
315
320
3
4
13
44
151
152
185
203
317
12
14
44
117
185
186
203
230
231
315
316
318
320
5
87
88
117
185
202
205
217
218
230
314
317
319
322
86
117
118
203
218
246
321
202
247
271
272
122
271
273
123
175
243
245
273
317
319
8
173
174
175
216
217
223
224
242
244
318
319
5
7
8
45
78
121
123
173
197
223
224
225
241
243
244
59
79
122
123
197
214
244
251
254
273
45
46
47
78
80
91
92
197
198
211
212
213
214
253
256
271
274
35
47
48
60
90
91
92
108
210
212
253
271
9
35
36
61
89
109
210
212
213
215
219
8
10
11
36
111
189
211
212
216
218
219
9
32
89
191
199
200
210
222
8
9
28
30
90
190
198
199
208
222
223
224
29
187
199
200
201
274
275
315
54
81
152
156
188
203
259
260
273
315
316
317
12
54
55
82
83
155
156
188
273
275
290
315
11
13
69
70
79
81
82
83
154
156
262
274
275
292
293
310
12
54
82
109
153
154
260
261
273
275
278
280
290
294
298
311
317
54
71
107
108
159
182
278
281
295
3
4
69
71
72
73
114
117
118
135
159
183
230
281
296
313
314
3
27
28
29
54
111
119
136
138
183
214
230
231
261
275
280
301
2
53
69
112
113
136
137
160
212
214
260
274
294
302
303
304
111
211
212
261
262
293
306
69
158
211
260
261
274
226
228
306
56
71
75
213
275
309
18
22
25
26
55
57
59
70
74
214
215
230
264
267
307
308
327
18
23
55
59
74
77
216
225
226
265
267
268
269
278
307
308
19
69
73
76
175
176
196
225
227
277
279
284
324
326
102
103
112
176
178
185
187
188
196
197
225
226
278
279
283
299
2
63
64
66
102
111
117
175
176
186
188
189
193
279
284
300
53
54
62
64
67
105
111
118
123
167
176
187
188
193
259
260
278
300
2
53
63
100
116
117
118
123
167
178
194
286
3
62
63
99
117
124
166
168
177
202
203
204
258
5
63
120
183
202
246
251
258
259
328
329
121
150
151
201
203
247
251
258
284
285
328
330
42
43
112
125
150
151
166
181
182
196
251
283
42
43
44
124
152
166
195
200
249
282
283
284
35
65
66
105
109
110
123
126
166
194
195
247
248
250
319
320
35
44
45
46
66
68
150
156
157
166
194
196
199
250
318
5
9
34
35
85
103
150
152
153
167
183
195
197
5
6
8
34
36
86
104
142
150
151
152
153
157
5
6
7
8
9
91
143
158
160
185
188
189
248
281
282
331
35
75
77
88
92
102
136
137
145
146
159
186
189
247
280
282
305
333
10
70
74
91
94
102
122
136
145
185
190
193
196
247
281
305
333
34
35
39
67
68
92
103
123
124
187
191
192
194
195
196
197
235
246
279
305
306
36
37
40
67
68
91
102
174
195
213
222
235
236
279
305
333
9
37
67
73
102
108
146
173
212
219
220
222
237
277
333
6
102
106
109
145
146
192
195
213
214
220
237
286
299
303
332
4
7
74
144
145
148
171
179
194
221
286
287
301
303
323
324
74
75
144
145
150
170
175
178
285
302
323
14
76
123
178
179
180
191
192
248
284
286
287
321
14
123
124
151
174
175
179
248
284
15
125
164
167
178
179
180
242
247
283
8
122
134
135
164
165
166
168
178
243
0
2
3
7
8
126
132
135
163
168
243
244
251
329
0
8
50
126
135
136
245
250
252
278
279
280
316
317
326
328
329
17
48
49
135
136
137
250
251
257
315
316
49
257
17
27
256
257
15
16
26
27
28
49
50
171
208
209
211
258
259
286
49
209
210
259
308
324
111
147
148
168
173
174
257
259
272
284
285
309
324
111
132
148
167
172
180
270
271
324
24
112
131
132
133
170
179
182
208
210
270
272
284
310
23
24
29
30
77
132
141
142
144
145
166
171
209
270
284
290
292
311
29
81
142
144
170
191
206
208
209
244
245
266
293
5
6
65
79
80
81
112
114
143
146
206
208
243
265
3
5
66
67
80
81
111
112
115
143
146
191
193
194
196
265
4
5
192
195