133
135
278
279
280
281
282
132
134
135
136
282
283
131
133
135
136
137
281
132
133
135
245
246
247
133
135
136
243
244
245
36
37
132
133
135
242
243
246
250
251
36
132
133
134
137
139
142
242
246
249
132
137
138
139
140
142
240
241
243
244
245
246
247
248
249
250
268
269
140
141
240
241
242
243
244
245
246
247
249
267
269
270
140
141
239
240
242
243
245
246
247
248
250
266
267
139
140
239
240
242
243
244
245
247
248
265
266
267
270
271
273
274
141
238
239
241
242
243
244
245
247
268
269
272
273
274
275
166
242
243
244
245
246
268
269
272
274
164
165
166
167
239
240
241
242
243
244
246
247
248
268
269
270
271
273
274
163
164
165
167
240
241
245
246
247
249
250
267
272
273
329
161
162
164
166
240
241
242
244
245
246
247
248
249
255
266
328
329
163
164
165
167
241
242
243
244
246
247
248
249
252
253
254
255
327
333
165
166
167
243
245
246
252
253
332
166
167
252
253
254
325
326
328
329
330
331
165
166
167
251
253
326
329
330
331
109
165
253
110
118
123
108
114
115
118
119
122
123
115
117
118
120
123
329
107
108
116
117
121
329
329
117
170
328
329
330
117
120
170
171
176
330
118
119
120
122
170
171
172
178
179
117
118
119
165
169
171
172
174
175
179
118
167
170
171
172
174
175
176
177
178
166
168
171
174
175
178
182
167
169
171
172
173
174
175
176
177
179
180
244
166
167
168
169
172
175
176
177
179
244
246
144
167
170
171
173
174
175
176
177
178
179
180
244
248
143
144
145
169
170
171
173
177
180
183
245
142
143
144
145
174
176
177
178
180
182
185
245
246
247
248
249
144
145
146
147
148
174
175
176
177
178
181
182
244
247
248
141
142
144
145
146
147
148
149
175
177
179
182
183
185
186
187
243
244
245
246
249
250
140
141
144
145
147
148
174
175
177
178
180
184
187
239
242
245
248
249
250
251
140
142
143
144
147
149
175
177
178
179
180
181
185
240
241
242
244
246
247
248
250
287
141
142
144
145
147
148
150
178
179
181
186
241
246
247
249
251
252
253
305
307
66
67
71
141
142
143
145
146
149
178
179
181
186
240
242
246
251
253
257
285
286
304
305
308
309
62
65
66
67
68
71
72
137
140
143
146
237
238
241
243
244
248
252
254
255
256
258
302
303
304
306
308
62
64
65
66
67
68
69
70
72
73
139
140
141
142
145
146
148
150
238
239
240
241
243
244
247
248
254
255
256
257
258
302
303
305
306
307
309
63
64
65
69
70
140
141
142
145
149
152
238
239
240
241
242
243
245
246
249
250
252
253
254
256
257
258
302
303
304
306
307
308
309
63
64
65
66
67
68
70
137
140
141
142
143
145
147
150
152
238
239
241
243
245
246
247
248
249
250
251
252
253
254
256
302
303
306
307
308
309
62
63
64
65
66
67
68
69
95
96
136
141
143
146
147
238
241
242
243
245
246
248
249
250
251
252
253
255
256
257
300
301
302
303
306
307
61
62
63
64
65
67
69
96
97
98
99
135
140
152
242
245
246
248
249
250
251
252
256
300
301
302
303
304
63
64
65
67
68
70
98
99
100
152
243
245
248
249
250
251
254
299
302
304
305
306
308
62
63
65
66
67
68
70
98
152
243
246
247
248
249
253
256
302
305
306
61
63
64
65
66
69
98
99
100
245
249
250
252
297
303
304
305
63
64
67
68
98
99
246
247
248
249
250
252
298
299
302
304
305
62
63
64
66
246
247
248
249
300
301
303
304
62
63
64
65
66
67
68
69
246
248
249
300
301
302
303
304
64
65
66
67
68
69
282
283
302
65
66
67
280
281
282
283
301
302
65
67
279
281
282
283
284
65
67
278
280
282
283
284
277
278
279
280
281
282
283
284
243
244
245
278
279
281
283
284
244
276
277
284
285
276
277
284
245
278
244
245
246
277
243
269
270
271
272
270
271
271
272
273
275
301
302
270
271
272
273
274
275
300
301
304
305
271
272
273
274
276
280
300
303
304
305
244
245
272
273
274
281
303
305
146
244
245
270
272
273
274
275
276
279
280
142
144
145
146
244
245
246
270
276
277
279
280
72
142
145
243
247
278
281
72
139
145
243
277
278
279
280
74
140
141
277
278
74
75
139
140
141
143
145
278
279
73
74
75
140
141
142
143
144
3
71
72
144
146
147
149
0
51
52
53
72
143
144
145
146
147
149
152
1
5
52
144
145
146
148
151
2
7
144
145
146
147
148
0
1
4
5
143
148
111
112
114
110
111
112
113
117
109
112
113
114
116
119
111
112
115
116
117
118
120
110
111
113
116
118
120
109
110
112
114
115
118
119
120
122
131
112
115
121
122
125
130
131
132
111
114
121
123
129
112
113
116
117
118
134
112
114
117
118
119
129
135
136
116
117
118
119
120
128
131
132
134
135
136
137
117
118
120
129
130
132
133
134
31
32
34
128
130
132
136
31
33
36
37
129
130
131
132
135
136
137
208
210
211
29
32
33
34
36
37
128
129
130
135
137
209
210
0
1
28
29
30
31
33
34
35
36
209
211
0
1
3
5
28
30
32
33
211
212
213
1
2
4
5
6
29
30
35
210
211
212
1
2
3
4
5
27
29
36
205
206
0
1
4
5
6
204
205
1
2
5
204
3
5
204
0
1
4
5
6
8
2
4
5
135
3
134
135
136
137
135
136
137
204
135
136
137
138
139
202
134
137
141
204
137
138
139
140
141
200
135
138
141
201
202
136
139
140
200
201
135
137
138
139
140
143
135
137
140
142
137
138
139
140
141
136
137
138
139
140
195
16
17
136
138
139
140
142
167
190
194
196
197
22
28
138
139
140
141
142
143
144
169
171
172
187
196
197
293
296
297
14
23
26
27
138
139
141
142
143
168
169
170
171
189
190
194
195
197
198
296
13
14
15
17
20
22
23
24
25
26
27
28
85
142
170
171
172
191
193
194
197
198
291
294
295
296
324
325
13
16
17
18
19
20
21
23
24
25
26
27
84
85
143
170
176
181
190
191
192
194
195
196
291
292
293
322
323
325
326
15
16
17
18
19
21
22
23
26
171
172
175
176
188
191
193
292
293
322
323
324
325
326
327
15
17
19
20
23
24
28
29
82
83
85
87
128
170
172
173
174
175
176
180
182
190
193
194
293
322
323
324
325
326
327
16
17
18
20
21
22
24
25
27
84
85
86
88
129
169
173
174
175
176
181
183
193
308
309
310
312
321
323
324
325
15
16
18
20
21
23
83
84
85
87
132
169
173
174
176
181
182
183
184
185
187
307
309
310
311
313
314
323
13
14
15
16
17
18
21
22
23
24
27
86
87
88
89
130
134
168
174
175
181
182
183
184
186
189
307
308
311
322
323
324
13
14
15
17
18
19
21
24
25
26
27
86
87
89
130
133
135
174
175
176
177
182
183
191
307
308
309
310
311
315
13
16
17
18
19
24
27
131
132
133
134
174
175
176
177
178
182
183
184
306
308
309
310
311
312
314
316
13
14
131
132
133
134
135
178
182
308
309
310
311
312
14
15
16
131
132
133
134
135
177
178
179
305
306
307
310
311
312
14
15
17
18
130
131
133
134
135
136
137
176
245
306
307
308
309
310
130
132
133
134
135
136
137
244
307
104
133
136
243
244
245
306
104
105
244
306
307
106
259
263
264
107
256
257
258
261
262
207
257
258
261
262
202
203
204
205
258
261
198
199
201
205
206
260
261
44
47
49
198
199
200
205
231
232
233
235
259
260
261
45
48
198
199
206
230
231
232
233
234
257
258
261
262
47
49
199
230
231
232
233
259
260
45
46
47
48
49
50
51
86
199
202
203
225
229
231
232
233
234
240
260
42
44
46
47
48
49
50
51
84
87
201
203
205
226
227
228
229
233
234
238
7
43
45
46
47
48
50
51
52
82
83
84
86
203
204
226
228
229
230
232
233
234
235
236
237
238
239
240
241
6
8
45
46
47
48
82
83
85
87
202
203
204
205
227
228
229
230
234
236
237
238
239
240
241
45
47
48
81
82
83
86
87
143
144
149
219
228
229
230
235
237
238
239
80
81
82
83
84
86
88
132
134
141
147
148
218
219
220
221
229
235
237
239
240
79
80
81
82
84
86
87
133
137
138
139
142
143
144
147
220
232
234
236
237
75
76
78
79
80
81
82
86
136
137
138
139
141
142
143
145
148
219
221
233
237
68
69
70
76
77
78
79
81
83
84
85
135
138
139
140
141
142
143
217
218
219
220
222
237
239
240
68
70
71
76
77
78
79
80
81
83
85
86
140
141
142
144
147
218
220
221
222
238
239
71
72
73
78
82
84
143
218
222
239
71
72
83
143
147
217
239
71
239
71
70
73
75
76
74
75
73
135
133
266
267
274
275
132
133
134
266
268
274
275
278
127
128
132
134
136
137
139
268
269
270
273
274
277
278
128
129
130
132
134
137
266
267
268
270
271
273
274
275
276
129
130
131
132
133
266
267
268
269
270
272
273
275
277
278
129
132
133
135
264
265
266
267
268
269
270
271
129
130
132
133
135
169
265
270
272
129
131
132
134
168
270
271
273
130
131
132
133
134
270
272
273
129
130
131
133
167
169
171
172
173
271
272
131
166
167
172
173
259
270
271
272
273
274
166
167
168
169
170
173
259
260
269
270
271
273
274
158
167
168
169
172
173
271
157
158
168
170
172
174
156
157
158
159
164
165
166
168
169
170
171
172
155
156
158
160
165
167
171
172
173
155
157
160
161
165
166
167
168
169
171
172
236
154
155
159
160
161
162
167
172
173
235
236
237
156
159
160
171
172
234
235
236
238
154
155
156
157
158
159
160
171
172
233
235
239
154
156
157
159
235
237
238
243
157
158
159
160
161
235
236
238
241
242
243
326
153
154
157
160
194
198
234
235
236
240
242
243
325
326
327
155
156
157
159
161
162
198
204
235
236
237
238
239
241
296
324
162
195
198
204
236
237
238
239
240
241
242
243
290
297
324
325
326
154
155
196
197
198
199
203
239
240
290
294
296
297
320
324
326
327
328
329
330
102
103
154
155
195
196
197
198
237
238
239
290
291
292
293
294
295
296
319
320
321
323
324
325
326
328
100
101
193
196
198
199
200
201
202
236
237
239
240
290
293
294
295
296
299
319
320
325
326
327
328
329
330
331
332
101
102
193
194
195
199
200
201
202
203
238
239
240
287
289
291
293
294
295
296
297
298
318
319
320
321
326
327
328
330
331
332
100
101
103
190
191
192
193
194
196
197
198
199
200
201
239
287
288
289
290
291
292
297
298
318
321
322
324
327
329
59
100
101
102
103
104
191
193
194
195
199
200
203
287
288
289
290
291
293
294
296
298
303
316
318
319
323
324
60
100
101
102
103
192
194
195
197
199
200
202
288
289
291
292
293
294
295
297
298
302
306
317
319
60
62
101
102
103
191
193
195
196
198
199
200
203
204
288
289
290
292
294
295
297
298
302
304
305
306
307
318
59
61
62
99
100
102
104
195
198
202
287
290
291
292
293
294
296
303
304
305
306
307
58
59
60
61
62
63
98
99
100
101
102
284
287
288
289
291
292
294
295
297
303
304
305
307
13
58
60
62
63
64
99
102
283
287
288
289
291
292
293
294
296
306
13
15
59
61
62
63
64
100
102
103
136
137
174
287
288
290
293
294
296
13
14
15
16
64
135
136
137
138
172
173
174
285
286
289
290
292
293
13
14
16
17
19
21
23
133
134
136
137
173
175
285
291
15
17
18
19
22
23
24
131
132
135
136
137
138
141
171
172
174
176
17
19
20
21
24
131
132
133
135
136
138
139
141
11
12
14
15
16
17
18
19
130
131
132
133
136
137
138
139
140
178
14
15
17
128
129
132
133
134
138
139
140
177
13
16
17
18
132
133
134
137
12
14
15
18
132
134
135
12
13
134
135
14
133
284
283
284
285
93
95
95
176
172
174
175
176
174
257
259
260
173
175
255
258
260
255
256
257
258
259
260
261
42
46
256
258
260
36
37
38
40
42
43
44
45
253
254
255
256
258
259
260
261
37
39
40
43
44
253
254
255
256
259
260
262
291
35
37
38
39
40
44
254
255
256
257
258
259
260
261
289
290
35
36
38
39
40
41
43
44
253
255
256
257
258
259
261
262
288
289
290
35
36
37
38
41
42
43
241
254
257
259
260
262
291
34
38
39
41
246
248
257
258
260
290
37
38
39
40
41
241
242
243
244
245
247
260
36
37
39
40
244
258
260
261
13
36
37
38
39
40
243
244
259
14
15
16
33
34
37
39
15
30
32
34
35
36
37
39
40
26
27
32
34
36
37
38
39
27
28
31
32
33
35
37
39
40
26
27
28
31
33
34
37
41
42
28
30
31
32
34
35
36
37
38
39
41
42
32
34
35
37
39
41
42
28
32
33
35
36
38
40
41
27
28
29
30
33
34
37
38
42
27
28
30
31
32
33
34
35
37
38
42
43
28
30
34
35
36
37
41
44
30
33
34
35
36
37
38
264
266
33
35
36
37
39
264
265
267
268
270
34
36
37
262
263
267
268
269
36
37
263
264
268
269
36
263
264
268
261
263
267
269
270
272
262
265
266
267
268
269
271
60
262
264
266
267
61
269
271
60
268
58
61
66
131
132
60
61
62
63
64
65
127
58
59
62
63
64
65
127
129
59
61
62
63
64
66
67
127
129
130
59
60
62
64
65
66
67
68
130
58
61
65
67
68
69
130
131
59
64
65
68
128
59
60
63
64
69
127
128
58
65
125
127
64
66
125
126
127
128
129
131
126
127
132
133
103
107
128
129
130
132
133
102
103
104
105
128
129
131
133
169
170
102
103
105
106
126
127
128
129
130
131
132
133
171
173
101
126
130
132
165
166
170
171
173
101
102
128
129
130
131
134
167
168
169
171
172
127
129
132
133
164
165
166
167
169
170
135
164
165
166
167
168
169
170
172
163
166
167
169
171
164
165
169
170
165
169
170
171
172
163
164
165
166
167
168
170
171
172
173
164
167
169
170
7
8
163
164
166
167
168
169
6
7
161
162
163
164
165
169
170
171
6
7
9
10
162
170
171
285
6
7
10
17
18
19
20
23
171
285
6
17
18
19
20
23
285
323
16
17
21
22
286
322
323
19
21
22
23
318
319
321
322
20
22
318
319
318
319
205
94
96
206
216
217
93
94
95
97
204
206
215
216
217
90
93
94
95
96
214
215
217
89
90
91
94
95
96
105
214
217
219
89
93
94
95
104
105
94
104
105
241
23
24
239
240
22
240
242
239
240
241
240
241
11
14
112
203
237
238
239
241
12
13
45
113
120
203
239
242
12
38
39
44
46
114
115
116
117
118
119
203
204
205
239
240
241
16
20
38
39
120
204
205
207
241
242
13
15
16
17
19
38
39
40
204
206
207
16
18
35
36
37
38
39
42
43
44
203
206
310
15
16
17
19
34
36
37
38
39
40
41
310
311
13
15
16
19
22
38
39
40
42
309
310
10
11
12
13
16
18
19
20
21
22
306
12
13
14
16
17
18
20
22
179
180
305
306
308
309
10
12
13
14
15
18
19
21
22
23
24
25
176
177
178
179
306
307
310
13
14
20
24
25
175
176
177
178
180
302
303
304
306
311
14
15
22
24
174
176
177
179
180
301
302
303
304
307
309
310
311
312
20
175
176
180
302
304
305
307
309
310
311
312
21
174
177
303
304
311
21
174
175
176
177
178
182
302
303
304
305
307
310