1
131
262
293
35
216
238
292
329
0
2
34
133
186
215
216
238
261
280
281
290
328
331
0
1
2
35
129
130
131
132
187
189
238
279
280
281
2
22
35
36
71
83
126
128
129
132
182
187
189
190
191
237
238
239
263
279
280
282
16
17
18
21
23
72
84
116
180
182
184
189
229
280
15
18
60
87
116
184
187
191
228
19
20
59
64
74
85
87
104
116
182
186
211
229
21
62
78
79
116
212
229
230
55
79
90
104
105
183
210
212
312
313
44
55
56
60
61
62
91
104
313
44
45
54
55
91
107
108
190
207
208
313
30
33
43
54
125
172
173
175
191
208
314
5
6
29
31
32
39
40
43
54
125
126
127
173
174
207
210
240
241
312
5
32
40
162
166
174
190
209
239
240
35
36
39
89
99
101
148
149
164
313
35
39
84
90
100
148
149
176
5
91
99
100
101
102
178
244
245
311
315
5
86
90
246
310
311
312
315
4
88
99
155
308
309
314
3
4
87
88
90
92
93
154
155
157
216
217
219
309
310
90
91
157
217
218
90
150
151
152
153
219
294
296
309
143
152
153
250
296
144
249
250
298
309
140
141
153
193
194
195
309
144
194
230
232
256
277
298
43
160
162
164
231
257
278
299
44
94
138
161
231
256
258
277
278
281
86
138
160
276
277
280
281
17
18
42
90
94
139
172
174
175
177
274
275
277
280
18
88
89
93
136
158
159
173
174
175
186
274
291
292
38
66
88
89
95
105
172
184
188
291
292
64
87
106
250
291
292
293
295
39
40
64
87
103
126
258
259
267
268
292
293
294
41
85
126
127
137
138
249
251
260
261
266
285
293
48
128
138
139
186
188
264
265
267
284
45
126
127
146
186
187
266
283
284
293
46
126
145
146
184
185
186
187
287
288
314
316
318
32
33
128
184
187
219
222
282
287
288
314
315
32
128
130
133
144
145
183
186
187
200
217
237
239
300
313
314
31
127
128
129
144
145
201
220
222
238
300
315
21
101
111
112
127
130
132
146
200
301
21
22
26
102
109
144
203
252
278
291
28
107
108
204
212
215
242
243
252
292
2
26
97
102
107
185
186
214
239
240
252
253
280
291
2
22
23
63
64
66
95
96
97
98
102
138
141
181
184
185
211
212
241
251
253
281
294
305
306
2
23
24
67
97
137
141
172
180
181
186
210
240
252
281
292
306
307
2
3
67
104
111
139
140
171
172
173
174
185
204
205
206
253
288
293
305
1
3
111
172
186
196
203
264
285
287
288
289
55
113
140
203
227
229
251
264
266
62
152
197
198
285
286
290
291
55
56
62
63
111
112
153
197
198
205
206
228
233
288
292
320
50
51
55
62
63
102
112
125
154
228
230
272
273
275
293
318
319
51
62
72
73
74
75
100
101
124
232
271
275
317
318
51
53
57
71
73
75
100
124
191
268
270
293
53
54
56
74
100
124
125
181
268
272
273
274
279
53
73
125
180
191
272
273
276
278
74
294
295
296
30
73
74
75
182
183
193
29
74
182
184
299
302
304
30
91
129
184
185
194
224
301
322
29
128
129
130
185
224
281
321
30
31
89
129
143
146
147
225
226
280
282
322
83
87
89
143
147
186
224
281
321
114
115
143
144
278
279
281
322
11
12
82
91
112
143
158
226
277
12
13
84
90
91
92
104
139
150
159
277
278
80
81
83
90
91
101
102
139
149
151
157
326
329
20
22
81
140
180
234
275
277
281
324
325
9
79
80
81
82
235
280
281
314
315
324
328
4
8
22
137
181
233
234
282
314
4
5
8
11
16
17
22
136
138
281
3
4
9
17
69
130
137
170
171
181
318
2
3
8
68
137
138
171
180
240
270
282
4
8
69
70
106
107
131
132
171
219
220
240
258
259
260
269
270
271
317
318
1
36
39
42
106
107
145
146
219
258
0
38
41
146
147
164
238
241
296
299
300
41
159
165
177
178
256
258
260
297
299
300
323
162
163
165
178
259
299
301
322
161
165
321
323
324
159
160
164
260
321
322
55
56
57
164
176
178
261
309
320
322
161
176
177
178
257
310
321
118
119
120
180
186
257
259
260
273
274
320
119
185
204
205
214
257
259
260
271
273
285
286
309
185
186
189
190
204
205
260
286
308
59
112
113
121
188
189
205
214
215
255
308
58
60
74
117
118
204
211
33
34
58
61
70
73
80
109
110
117
171
32
33
60
72
78
79
197
210
211
254
273
35
50
108
109
168
169
170
190
192
193
195
254
259
270
271
31
32
51
52
77
127
128
129
130
131
151
185
187
189
190
194
257
259
270
271
272
273
50
51
76
122
124
128
152
170
190
254
257
258
272
273
51
75
124
125
149
195
152
318
51
123
152
194
195
258
115
123
260
317
318
52
114
115
260
262
263
315
51
84
85
124
262
278
317
63
65
85
86
113
124
279
280
316
317
64
86
163
164
170
185
229
230
262
264
276
277
64
65
67
68
84
86
129
164
168
169
171
185
186
229
262
278
281
282
283
314
68
147
183
191
229
233
276
277
278
282
284
7
63
68
127
147
148
165
169
186
232
283
6
8
9
87
127
146
162
163
187
189
190
235
49
51
86
87
90
91
163
167
186
235
316
9
10
51
52
90
164
166
243
317
330
331
11
12
48
50
164
243
244
315
316
317
332
333
11
12
47
48
49
64
65
244
245
12
47
49
50
63
64
66
113
114
115
245
315
317
2
3
66
110
111
114
115
221
228
307
316
1
99
112
114
227
228
244
247
312
314
315
316
99
100
131
152
220
221
226
243
245
246
306
120
129
132
138
140
142
143
151
219
246
300
306
307
16
18
34
98
116
152
224
225
299
300
307
17
18
35
38
94
97
117
118
270
271
299
305
19
36
94
103
104
105
116
118
149
154
269
271
315
324
327
33
96
103
113
117
148
270
314
323
327
328
329
113
114
118
147
156
157
198
199
296
326
328
73
113
117
196
198
199
271
295
296
297
298
304
316
317
326
327
2
73
199
200
206
207
208
257
270
277
279
318
3
40
41
42
73
196
208
253
254
275
304
316
3
41
42
148
150
151
152
199
209
248
250
253
255
276
295
151
247
249
255
256
297
298
299
300
301
304
305
41
43
190
230
250
255
293
294
296
303
41
191
228
254
290
291
293
297
298
303
305
312
121
122
172
174
176
191
227
250
297
302
303
305
312
39
121
175
189
196
297
315
316
39
62
65
157
171
188
199
216
217
218
229
310
12
64
155
158
167
188
197
198
199
200
228
313
14
196
201
14
157
166
187
313
315
57
59
62
63
185
188
237
314
316
58
59
166
167
237
238
314
315
331
23
51
53
54
58
60
165
167
237
269
274
331
23
24
25
28
51
53
54
59
94
97
98
99
165
168
236
270
271
275
331
26
27
58
59
97
167
168
238
276
277
7
9
28
48
51
96
113
146
169
276
7
8
29
30
49
51
70
112
113
114
147
148
240
269
270
271
279
9
30
32
70
72
113
270
272
31
71
112
10
31
104
112
138
139
140
235
31
71
103
104
105
137
139
140
234
315
328
329
331
69
70
236
312
329
70
235
236
313
314
69
300
331
332
196
236
299
300
217
218
333
128
170
196
227
237
267
95
127
139
140
142
172
173
195
219
228
238
264
268
273
94
96
97
124
125
139
141
170
174
191
192
226
230
263
268
272
97
106
122
126
127
138
143
166
174
192
226
227
265
105
106
122
128
142
167
259
263
265
272
164
224
257
260
24
141
166
184
224
276
12
32
33
89
91
144
149
166
184
219
274
275
276
25
35
90
120
143
145
151
154
166
167
183
218
219
275
14
15
25
86
87
88
89
90
91
120
121
122
123
141
143
144
153
25
86
88
89
100
120
142
154
175
176
196
197
275
314
26
88
100
101
119
124
143
144
158
160
174
175
197
212
316
89
106
125
144
159
197
212
315
45
100
101
107
108
144
30
46
151
152
158
211
265
267
314
33
46
47
99
101
152
212
236
266
267
29
103
235
238
29
32
46
124
160
296
297
298
299
312
27
28
31
47
66
125
126
265
278
296
298
313
314
26
27
28
47
66
126
160
264
277
279
280
286
313
29
47
66
155
156
161
162
265
266
278
280
281
286
299
29
30
48
116
117
157
158
265
266
281
284
285
293
299
300
117
159
166
167
206
207
227
240
286
294
301
115
159
166
167
175
228
230
238
251
252
268
288
294
163
164
166
206
208
227
229
230
238
250
267
282
284
289
54
55
165
173
175
177
229
237
268
282
289
52
53
154
174
176
222
283
55
127
152
156
157
164
165
166
217
219
220
256
257
283
54
155
217
218
255
257
283
305
17
53
73
127
128
219
304
307
52
75
127
128
171
175
304
16
52
74
76
172
174
191
297
299
300
304
14
15
21
22
23
75
156
171
190
192
208
298
299
14
21
22
154
156
187
188
189
191
192
207
298
302
304
25
188
189
207
296
299
301
303
304
24
124
125
127
135
170
24
135
171
25
150
170
310
311
19
26
137
151
193
308
7
18
19
98
150
151
191
192
193
7
8
11
20
65
68
97
150
212
5
7
8
9
10
11
65
66
98
149
213
215
65
66
149
213
214
127
128
128
129
128
132
145
254
255
28
29
127
131
144
145
146
200
211
254
28
31
127
130
131
133
199
202
228
229
235
300
301
27
28
127
131
198
201
202
203
210
211
230
234
254
300
29
76
203
206
207
233
236
90
129
158
159
161
171
172
205
207
208
222
232
234
72
74
90
91
130
158
170
171
204
223
224
226
280
304
45
73
91
131
226
281
282
304
305
13
99
224
258
302
303
13
26
27
28
46
59
71
99
100
223
225
226
256
258
282
303
305
12
26
27
60
71
98
225
258
282
303
305
28
45
59
71
97
198
199
262
282
301
304
305
60
77
198
260
261
263
283
284
305
13
76
77
260
262
285
304
305
14
17
259
16
47
63
64
65
78
46
59
60
61
65
178
59
106
108
176
177
178
330
47
48
107
176
178
59
106
107
175
285
292
330
333
54
55
56
59
174
291
292
293
332
13
22
53
54
55
57
58
59
60
84
88
174
283
290
291
292
295
18
20
21
81
88
282
292
304
331
13
20
22
81
82
85
264
290
304
332
13
22
86
194
199
263
293
294
303
59
60
79
82
161
163
195
197
262
263
294
295
59
163
185
202
205
261
291
292
162
164
165
166
186
187
188
203
205
206
261
262
104
106
223
224
259
279
102
103
221
261
280
323
180
220
223
228
229
282
319
1
17
181
223
227
320
321
0
17
18
38
96
97
98
99
146
160
164
179
180
182
0
36
37
38
96
103
104
147
159
178
204
205
206
224
17
36
37
38
40
49
70
72
104
146
162
182
205
329
331
35
36
38
39
48
49
71
96
162
284
286
330
34
39
48
101
155
159
160
161
162
287
289
101
102
120
155
157
164
204
287
288
289
104
120
121
123
126
128
155
156
157
158
188
203
289
36
101
105
106
121
122
124
126
128
154
158
188
202
289
36
104
105
106
124
126
201
267
268
37
58
119
128
172
190
258
275
39
60
72
173
257
269
35
36
58
70
71
157
174
175
190
256
275
276
51
57
58
104
174
175
274
50
56
104
105
157
176
272
277
308
309
316
34
51
65
160
279
308
309
33
34
51
65
157
158
175
279
314
156
157
173
227
228
310
34
49
63
65
146
174
228
229
303
304
310
311
312
50
53
54
55
64
146
229
230
293
305
20
50
52
53
145
153
154
156
229
294
20
21
50
51
52
54
98
99
118
144
145
155
156
97
99
119
291
292
293
40
98
100
101
118
119
137
143
144
154
292
294
40
42
95
98
99
136
167
218
219
38
97
99
100
138
176
178
194
219
81
98
100
168
169
177
196
72
73
74
75
81
86
87
99
100
101
170
195
287
295
304
72
73
74
82
86
100
107
194
264
265
266
267
289
294
297
305
1
55
72
75
79
80
81
82
107
108
112
193
203
287
288
297
302
303
304
305
316
54
82
114
202
249
258
286
290
302
303
304
315
316
0
1
53
70
74
111
135
217
218
241
242
243
249
285
301
26
53
134
202
203
204
215
249
258
26
114
133
245
246
259
260
284
292
295
301
302
322
25
114
116
135
244
256
260
283
291
293
295
296
24
25
115
185
206
259
292
294
319
321
114
115
144
186
203
205
217
320
63
143
144
156
187
203
214
215
229
230
254
269
270
271
63
68
70
81
155
156
188
204
206
231
253
268
269
324
39
62
63
70
81
82
83
118
144
154
157
188
189
230
254
268
269
293
294
323
325
29
39
40
77
78
145
293
294
295
28
78
118
153
200
252
27
28
60
117
201
251
54
55
58
69
116
129
191
203
227
311
313
58
59
61
72
74
75
76
109
151
191
203
204
226
240
255
258
270
315
55
71
73
105
108
118
127
130
149
189
203
204
227
239
241
254
255
257
268
72
105
107
115
116
129
150
190
191
204
255
257
266
268
103
104
105
107
108
127
128
131
190
191
205
240
256
257
104
108
121
240
241
270
272
125
126
67
68
119
142
67
143
256
119
138
139
143
155
169
255
13
40
73
84
147
153
154
170
172
187
216
256
257
13
74
83
141
143
148
153
154
162
172
187
189
215
216
268
269
316
13
22
36
37
38
74
75
82
137
147
151
153
154
155
162
163
186
206
217
269
271
316
318
22
36
37
38
53
72
73
74
138
139
151
152
153
162
165
189
207
245
270
13
36
37
53
150
151
152
154
162
164
207
246
12
22
54
100
154
155
163
189
209
235
246
12
18
150
153
155
164
198
207
208
210
212
217
234
241
17
18
99
100
127
153
183
211
216
235
241
18
19
99
127
184
185
196
239
241
124
125
216
218
240
241
242
244
297
198
215
224
225
244
295
298
308
17
18
36
37
38
163
223
224
243
305
307
308
19
98
163
224
305
306
326
13
99
164
223
246
248
249
326
327
10
11
14
21
150
218
247
291
307
308
328
12
20
21
22
97
150
217
229
236
237
307
332
79
102
152
165
217
229
291
292
294
331
79
103
166
230
231
235
291
294
323
41
105
119
167
169
217
329
41
80
117
119
168
186
189
190
324
329
187
189
190
206
207
324
325
328
329
17
27
41
88
186
187
189
207
17
26
27
40
87
105
113
146
147
148
19
26
27
34
40
106
107
113
114
115
116
146
1
27
37
88
90
114
116
118
148
2
36
38
118
147
243
244
1
13
42
43
92
119
274
275
331
42
92
120
244
273
14
57
90
92
164
242
330
331
13
56
58
59
92
166
167
243
244
287
333
87
159
189
190
227
261
286
288
329
330
86
88
102
138
149
161
165
166
189
194
226
243
244
260
261
8
102
138
139
147
148
149
150
151
161
162
169
170
171
192
226
242
260
323
22
23
40
41
42
102
139
146
147
149
153
162
163
164
169
191
242
9
34
40
42
68
69
149
152
154
164
165
168
224
225
322
9
19
20
21
36
40
41
43
67
69
106
107
147
150
163
167
225
284
285
306
308
323
20
26
28
36
37
40
107
164
224
228
229
285
309
329
27
35
36
42
107
116
152
164
329
330
6
7
8
30
37
42
108
109
114
115
164
226
269
270
31
108
109
114
228
270
271
104
105
106
139
140
164
215
217
271
4
104
105
106
107
112
140
141
218
271
104
105
106
1
4
103
236
237
245
247
314
316
2
36
235
236
246
247
309
314
315
316
1
4
35
104
127
232
234
235
245
307
308
309
310
2
4
5
37
66
67
105
107
153
154
233
235
244
245
309
3
66
80
98
100
105
106
129
154
155
230
232
233
234
244
308
309
310
14
82
99
130
157
161
162
305
306
14
82
101
158
160
14
18
83
102
103
132
158
250
251
311
14
15
17
102
103
134
135
156
157
300
310
312
103
104
159
161
251
299
300
313