4
5
6
7
85
127
5
84
127
233
236
8
82
84
97
99
126
235
262
320
92
97
99
121
127
128
250
251
262
323
10
12
83
84
91
121
122
126
250
251
300
321
323
324
91
119
121
122
128
147
261
262
299
322
323
12
25
53
54
124
139
140
263
9
12
13
48
126
140
146
209
225
298
327
328
11
12
14
24
52
70
71
92
107
114
145
210
224
225
226
296
328
7
8
13
26
44
50
70
93
107
115
145
210
235
295
8
45
94
110
115
116
124
126
146
189
209
235
294
16
22
45
46
95
106
107
110
114
123
125
145
189
234
297
45
46
111
122
145
190
297
299
15
22
123
192
15
27
28
63
92
189
190
193
15
24
25
60
91
92
93
304
16
23
25
59
61
92
93
164
46
60
164
165
195
304
17
46
59
60
80
82
115
193
194
197
293
304
46
68
69
70
71
81
109
113
125
129
134
293
294
302
306
107
126
128
130
134
149
68
103
107
108
115
116
125
127
134
135
149
150
302
20
40
42
103
107
118
127
128
133
136
137
148
150
302
303
308
40
42
102
118
126
128
129
222
223
307
308
20
42
61
62
111
128
130
131
136
225
306
307
308
22
61
110
112
114
128
134
135
301
302
19
58
59
108
109
110
111
112
113
127
128
129
302
18
19
23
76
111
120
121
139
140
161
162
163
164
20
77
110
113
162
163
164
300
75
78
109
119
137
268
29
30
35
74
75
76
109
267
22
28
29
74
249
250
251
269
28
37
44
45
46
249
251
253
273
274
286
298
300
23
26
28
29
38
43
44
45
47
251
252
275
298
319
322
16
24
27
37
41
45
127
182
206
222
283
285
286
318
321
322
17
19
20
41
42
128
182
183
184
205
217
223
236
237
284
286
26
38
39
110
111
182
205
218
219
223
237
317
7
9
11
15
69
88
110
111
128
204
205
222
223
291
325
326
328
0
1
2
4
24
26
41
43
68
88
89
118
120
127
128
137
205
207
290
291
292
326
329
2
3
9
16
24
69
89
128
129
136
138
205
206
271
272
275
329
330
10
16
91
119
149
195
197
198
199
200
203
204
244
272
273
292
330
10
11
13
46
47
48
91
92
116
177
179
205
244
291
11
47
118
150
151
177
180
200
330
9
151
199
204
245
331
137
223
244
267
138
161
221
243
244
267
268
298
299
47
160
242
243
244
267
298
46
47
139
140
163
182
183
220
284
298
304
45
140
141
162
165
183
233
303
30
32
58
163
164
165
208
231
265
285
303
309
310
30
58
116
160
205
206
235
264
266
284
285
308
8
92
142
144
160
161
162
269
7
8
53
57
59
91
92
117
143
148
208
209
266
267
270
273
279
297
299
300
301
53
54
116
147
210
211
264
265
272
274
278
9
58
102
116
145
148
154
210
262
266
267
268
272
295
300
301
302
303
314
100
102
103
105
143
145
146
153
155
220
221
270
272
280
281
300
302
313
23
32
33
66
68
145
154
156
222
223
248
249
250
260
261
262
301
304
307
316
331
21
22
23
24
66
81
82
83
84
103
104
260
261
263
267
268
270
301
302
304
305
306
316
317
331
23
24
33
34
35
36
48
84
102
117
211
261
263
268
269
304
305
306
307
316
330
20
23
32
34
35
36
37
38
48
50
100
103
104
116
209
210
267
268
269
298
32
34
35
36
102
105
117
121
263
264
267
268
300
33
34
67
68
70
103
120
124
166
167
262
263
265
267
268
296
8
31
66
68
119
143
165
264
27
45
47
69
95
97
124
141
143
144
168
177
252
308
309
310
7
25
28
45
94
123
125
140
141
144
145
168
250
251
272
273
295
308
312
6
8
27
28
122
123
178
200
205
272
292
311
312
313
5
27
125
126
178
179
200
207
281
293
294
296
305
306
307
308
309
316
25
53
54
125
199
206
272
307
309
317
26
52
124
281
308
315
317
47
48
51
52
151
225
34
96
116
117
150
151
152
181
182
267
268
270
282
315
318
34
35
49
59
96
117
152
169
171
183
223
239
268
34
50
59
60
63
64
97
150
169
192
223
238
268
7
32
33
62
65
94
168
193
194
197
198
236
34
54
55
94
139
141
167
168
194
197
200
236
238
270
9
34
35
54
94
95
124
139
168
202
203
206
235
236
237
238
10
79
89
91
95
202
205
206
238
11
73
79
90
124
140
143
297
52
78
91
125
136
166
167
185
187
250
254
259
282
283
298
70
72
74
90
127
143
166
184
187
230
248
249
251
255
258
281
282
292
297
300
54
56
72
126
137
138
139
141
146
147
181
185
249
250
258
291
296
324
78
79
138
181
183
230
249
254
288
290
292
293
294
324
325
77
80
142
148
225
226
227
228
254
267
268
294
76
78
143
144
201
268
39
136
199
202
213
216
224
226
39
137
215
217
224
225
39
137
215
216
218
38
39
85
86
88
217
224
226
280
281
83
85
224
225
238
257
277
278
279
280
85
238
239
255
259
70
71
85
87
226
227
228
259
70
86
227
258
6
87
310
316
8
222
299
300
309
316
9
175
177
209
221
276
277
279
300
301
308
315
316
8
9
140
173
176
209
221
280
301
312
61
139
140
208
209
210
312
313
60
61
211
212
267
268
306
81
82
128
151
162
212
213
268
308
81
128
162
177
308
321
323
81
127
128
150
164
176
244
308
321
323
2
3
72
128
214
215
245
324
325
1
23
25
26
71
72
150
174
175
211
214
242
244
324
325
21
22
25
26
69
72
73
87
88
138
174
175
212
215
216
239
240
241
246
18
19
60
67
68
73
88
139
148
214
236
240
241
328
329
330
31
32
61
62
86
87
90
91
139
140
148
172
215
238
240
329
21
28
29
31
60
61
85
87
92
232
237
330
332
13
14
15
29
62
87
232
238
28
63
73
92
147
149
232
12
15
70
71
93
128
129
131
148
244
12
14
15
17
129
131
132
243
244
0
1
2
11
12
14
15
92
130
132
149
235
236
243
245
246
247
1
2
4
11
12
69
147
244
246
16
69
70
114
115
138
147
238
246
247
306
113
114
134
306
314
16
19
48
136
138
18
49
137
139
140
173
260
298
307
314
315
20
50
85
86
138
259
260
295
3
17
174
231
258
296
308
14
22
66
86
174
290
295
306
308
1
2
5
14
15
16
24
66
67
84
85
86
173
226
227
229
291
292
307
311
1
2
3
4
15
18
24
86
172
295
311
3
15
48
86
217
307
310
312
22
48
186
187
217
218
284
294
184
187
237
283
284
50
82
183
235
283
304
15
20
21
81
86
163
164
165
169
217
218
220
236
284
296
302
303
304
16
20
21
22
25
82
86
154
155
164
168
169
219
236
282
283
302
305
329
331
12
17
23
82
102
103
104
105
106
125
126
153
155
167
168
283
294
295
305
307
16
88
104
105
126
127
128
154
155
168
195
196
224
282
306
307
331
14
105
125
126
127
129
156
163
195
221
223
224
229
232
305
308
330
7
14
129
130
163
165
231
232
248
281
282
283
304
305
306
6
7
15
190
191
248
282
306
307
7
8
191
249
250
276
277
279
283
305
306
320
251
253
278
280
319
58
270
271
281
307
319
320
56
58
167
268
270
272
280
305
319
68
184
247
266
299
59
62
67
109
168
183
245
266
299
302
58
59
62
66
110
159
162
163
167
178
183
185
243
245
246
265
267
268
301
51
59
60
62
92
146
147
160
161
163
179
180
184
185
244
246
265
50
60
62
93
110
136
140
145
148
151
163
170
172
245
51
52
60
80
93
111
135
140
141
146
149
151
163
171
246
308
51
79
81
94
133
135
175
240
244
262
263
307
308
41
62
78
137
151
152
175
221
239
242
243
264
5
32
33
48
49
66
67
136
139
141
175
177
221
222
238
261
262
276
6
7
33
41
42
53
60
65
66
87
90
135
177
239
261
264
281
5
7
31
32
41
44
52
60
88
110
214
215
216
236
239
276
280
281
325
44
52
74
89
90
215
217
273
277
324
325
12
34
44
53
74
75
90
112
216
324
325
326
327
8
11
101
110
111
112
113
114
211
213
272
280
325
10
11
20
102
113
114
190
209
210
212
214
274
279
298
301
8
10
21
115
164
190
204
205
212
221
245
267
279
280
297
298
300
313
21
102
165
191
204
209
221
246
247
268
279
298
315
94
166
177
179
180
192
209
222
223
249
267
269
270
271
306
32
163
164
165
167
175
178
209
221
222
224
250
269
270
272
280
305
307
316
317
32
91
92
160
162
165
221
267
268
306
3
6
32
67
68
69
93
131
140
159
160
161
162
164
221
4
5
31
32
69
93
118
131
132
140
159
162
163
208
301
302
314
6
31
77
116
117
134
162
163
207
301
31
34
37
38
78
129
130
131
132
142
143
160
161
206
300
312
328
31
38
161
308
312
325
73
77
78
83
131
207
208
307
314
326
328
75
78
82
163
261
306
313
328
80
82
102
103
113
182
183
261
309
73
74
95
96
102
103
112
113
182
262
295
296
310
311
312
18
19
54
56
94
95
104
112
219
221
222
228
16
18
19
55
87
94
113
219
220
223
229
230
294
52
86
87
88
93
201
204
219
224
294
18
19
20
86
92
94
95
202
203
204
221
22
23
92
93
94
110
202
327
24
67
101
109
111
126
327
67
87
88
89
91
100
101
111
125
126
127
66
86
87
89
126
128
326
17
65
94
183
184
325
327
16
17
18
86
92
94
128
173
182
183
187
189
192
327
16
17
92
170
190
280
282
321
324
108
170
171
29
52
85
87
88
90
108
112
130
131
144
170
176
177
180
283
321
28
53
90
91
107
108
121
131
143
144
172
173
177
179
244
246
248
292
322
85
106
107
109
110
123
145
172
173
180
245
289
291
29
53
108
109
122
123
135
145
146
170
248
249
289
290
291
30
51
132
133
134
259
260
290
8
9
123
259
260
311
7
27
310
95
110
122
278
279
310
26
27
62
97
109
123
156
160
161
268
270
277
63
99
109
260
262
271
276
278
307
309
24
27
28
63
64
95
109
157
158
213
214
215
259
260
271
299
306
63
64
103
104
156
213
258
260
304
16
19
25
45
102
103
104
105
106
111
112
126
196
258
299
304
15
101
108
111
112
125
127
195
211
231
233
258
299
319
15
16
17
21
47
83
108
109
110
193
194
231
232
319
321
323
14
15
21
22
46
77
78
84
93
110
120
181
230
256
320
327
328
16
19
21
22
29
66
91
92
116
119
121
122
181
205
217
229
300
301
328
329
22
27
28
29
66
68
69
75
82
117
118
165
166
181
204
215
216
219
229
301
328
28
75
81
114
119
163
164
180
181
182
201
206
215
220
228
243
244
257
301
2
4
27
114
115
130
132
179
182
202
215
216
243
3
133
242
256
257
4
127
128
129
132
142
168
183
190
193
211
220
264
317
3
9
127
128
129
139
140
144
170
171
192
205
206
212
217
219
264
317
318
319
8
13
130
131
133
162
163
168
169
190
205
218
264
281
319
12
14
106
108
129
131
134
162
163
188
190
210
220
279
280
10
110
204
210
219
220
10
104
110
111
127
211
265
266
79
112
150
230
231
265
296
8
52
53
77
80
106
109
149
150
151
169
211
230
268
269
8
52
53
98
99
112
136
137
148
168
213
272
273
274
293
294
311
312
20
53
82
99
138
170
212
231
274
294
310
52
53
92
158
230
274
279
282
292
310
311
319
18
19
53
89
90
158
278
293
294
308
318
319
89
158
159
276
277
279
281
293
303
304
307
317
320
322
106
158
161
188
275
276
279
282
306
2
23
57
106
152
157
158
160
188
189
237
283
294
3
22
23
57
58
68
89
141
142
153
158
238
283
330
56
57
69
70
86
87
106
141
142
150
152
159
240
280
3
70
136
142
159
160
277
280
284
317
327
328
329
3
8
135
153
159
239
240
276
280
315
327
328
329
5
136
138
277
314
6
8
9
10
170
172
246
278
312
9
143
144
247
314
72
75
106
143
170
244
278
316
19
60
63
73
106
107
152
171
201
202
244
245
279
280
18
21
61
62
63
72
74
75
107
145
152
203
279
315
18
19
20
73
74
144
151
247
248
302
17
19
51
151
153
183
184
211
247
248
278
302
303
52
152
184
211
212
255
301
302
304
150
152
211
247
254
255
286
301
14
15
51
151
152
211
214
246
261
287
312
13
15
52
90
151
153
252
260
261
286
310
16
58
63
91
92
93
150
212
214
252
260
263
286
52
59
60
252
264
311
3
57
63
64
145
146
147
258
3
5
51
55
56
149
150
257
2
5
6
14
41
59
148
216
217
261
262
16
43
44
56
60
109
113
114
116
118
147
149
261
15
16
44
55
108
115
118
148
150
152
219
232
233
264
292
294
12
14
15
106
109
113
116
118
149
150
151
209
218
232
261
262
293
49
51
110
117
209
210
257
258
260
263
292
293
92
163
189
190
210
247
259
324
51
52
53
91
176
177
190
219
248
250
263
324
51
52
91
92
165
178
249
264
324
325
327
45
46
97
166
177
189
217
226
249
263
25
26
46
54
98
111
112
114
133
135
136
139
140
163
164
189
208
217
225
250
324
327
329
27
81
82
98
113
129
131
132
134
138
207
209
226
249
277
45
81
128
131
133
137
139
209
218
226
277
42
46
47
128
278
299
300
41
45
231
243
245
246
298
300
40
216
217
231
243
244
299
30
130
217
229
230
231
244
245
1
29
31
200
231
286
1
29
131
199
229
262
269
270
287
0
12
13
47
50
131
132
151
197
198
230
263
265
269
270
286
288
302
12
47
48
85
86
87
132
134
152
188
195
260
269
301
302
11
26
45
46
83
84
132
134
143
147
152
188
195
259
260
268
10
28
29
84
133
144
148
187
195
197
8
11
134
145
147
149
187
195
198
244
304
305
306
9
111
146
187
196
243
244
19
22
111
187
20
40
111
153
189
17
19
37
41
53
54
66
152
153
188
189
190
223
224
225
226
238
239
38
40
51
56
65
66
110
111
224
225
226
240
35
43
56
65
68
240
241
35
36
39
40
43
67
130
131
133
176
290
35
68
133
174
175
239
291
35
36
41
42
60
61
176
186
187
188
290
305
306
331
41
60
61
176
240
332
42
69
71
173
174
184
185
188
209
210
235
239
306
332
333
42
70
80
81
142
143
187
188
208
236
237
305
71
73
75
78
81
82
134
142
148
173
187
300
301
304
305
306
50
70
71
72
73
133
148
149
187
209
300
302
305
51
52
72
73
79
134
208
210
268
327
49
50
53
55
56
70
267
268
328
53
54
55
56
107
210
267
269
306
307
327
328
329
54
70
105
106
107
133
168
306
328
51
95
105
132
133
161
167
168
212
243
265
95
102
105
135
160
170
243
244
264
307
329
93
159
171
240
241
242
244
245
306
15
48
95
103
104
243
14
15
46
48
57
93
97
101
104
105
126
127
128
239
254
258
15
45
58
59
92
96
102
106
122
253
255
292
293
19
58
59
95
256
292
314
14
18
96
121
294
315
316
13
18
25
121
258
261
287
288
314
315
18
19
24
26
159
250
259
260
290
291
292
295
21
26
28
51
159
207
225
249
291
295
296
18
19
22
52
54
158
207
208
248
297
323
52
54
79
101
103
104
159
210
223
247
248
262
263
322
52
223
263
276
292
320
321
322
31
78
223
275
276
277
291
77
79
80
218
219
222
223
291
292
33
78
172
173
175
218
221
222
277
287
292
30
32
53
76
169
173
287
288
323
31
52
54
102
104
105
135
169
247
249
289
321
322
323
324
134
170
250
319
320
321
29
97
127
154
323
18
19
95
97
127
128
133
134
161
199
200
277
280
322
8
18
96
115
129
133
155
162
177
277
324
325
8
9
21
155
161
177
180
197
279
325
6
7
9
15
17
21
117
178
4
5
16
17
27
30
117
179
5
23
27
97
114
116
179
180
181
303
6
15
18
28
29
95
115
116
184
304
305
324
16
28
96
97
180
181
323
324
4
5
6
28
98
154
182
183
235
324
4
5
27
99
102
157
174
181
183
288
292
293
294
323
4
5
29
84
86
100
156
190
191
235
286
288
5
29
30
60
84
99
104
156
158
172
181
191
192
239
286
287
294
28
29
30
59
86
89
158
172
173
192
233
234
238
273
60
61
88
91
157
158
159
171
173
174
176
177
196
233
237
273
282
44
45
156
173
174
175
177
194
198
232
235
253
43
46
170
171
234
253
255
273
274
281
62
63
132
135
137
139
165
176
192
255
274
280
64
66
67
76
120
134
138
153
164
165
171
175
192
226
227
308
66
67
68
119
131
136
153
165
171
195
226
227
309
29
77
121
122
123
132
133
153
194
311
15
17
30
76
77
80
121
122
133
151
155
164
222
225
16
29
30
31
45
76
78
120
122
150
151
153
163
178
223
225
299
2
4
30
45
46
75
76
78
98
151
153
276
277
286
299
1
41
77
92
93
96
99
174
176
276
285
309
310
0
41
42
53
91
95
96
97
283
285
299
300
308
312
0
52
53
91
94
95
206
210
259
284
298
299
301
313
0
2
203
204
205
209
211
260
313
1
2
59
60
61
148
149
163
164
210
227
228
247
258
259
261
262
301
10
12
13
60
130
132
147
149
164
229
246
248
258
259
260
261
288
75
76
86
87
129
131
148
245
261
262
287
14
74
75
76
87
88
134
231
261
316
73
74
85
87
130
213
215
287
315
74
84
163
214
268
269
271
88
163
302
303
316
331
332
333
88
89
92
117
302
315
332
25
27
28
80
91
117
164
165
294
302
315
26
80
81
116
117
164
295
314
81
294