45
48
49
50
51
52
53
235
240
289
291
298
300
46
47
48
49
52
231
233
236
237
239
289
290
296
298
300
301
44
46
47
48
49
50
52
53
55
230
236
237
238
239
240
241
290
295
296
48
49
50
51
52
53
54
55
56
58
61
68
235
236
237
239
240
241
242
245
247
46
48
49
50
51
54
55
56
57
62
69
236
237
238
239
242
243
244
245
246
247
47
50
52
54
55
56
57
58
62
66
68
234
235
236
237
238
239
240
241
243
244
246
45
46
47
48
50
51
52
53
54
58
62
233
235
236
237
238
240
242
243
244
247
248
262
51
52
53
54
55
56
58
61
63
236
241
242
243
248
262
47
48
49
52
53
54
55
58
238
239
260
46
47
48
49
50
52
55
56
58
66
239
48
50
51
53
54
55
56
57
58
59
66
103
104
49
52
54
56
57
60
63
65
103
105
106
107
49
50
52
53
58
59
60
61
62
63
64
103
49
50
51
52
56
58
59
60
61
62
70
71
72
260
261
48
49
57
58
60
62
70
74
76
106
107
108
257
258
259
261
50
51
53
58
71
77
78
105
106
107
108
143
144
145
259
260
261
54
58
69
70
71
74
76
104
105
109
260
262
53
54
70
71
72
73
104
105
108
109
110
145
148
149
259
260
70
71
72
74
107
108
109
146
147
148
259
280
71
73
280
281
282
283
69
70
71
279
280
281
282
2
3
69
279
280
281
282
283
6
70
165
166
281
4
5
6
71
165
166
167
168
4
5
6
157
165
166
169
4
6
8
9
157
158
164
165
166
167
168
8
158
159
163
164
165
166
167
8
9
156
158
160
162
163
164
165
166
7
157
159
161
162
165
5
6
157
158
159
160
162
163
5
6
158
160
161
5
6
7
159
160
161
162
163
160
160
161
162
165
160
161
328
329
328
329
264
265
264
23
24
25
18
22
23
18
19
21
22
23
13
14
16
19
20
21
22
23
20
21
17
18
19
21
22
23
25
10
11
17
19
20
23
24
25
70
74
75
11
12
19
21
23
24
71
72
74
76
10
11
16
21
22
23
24
75
15
17
71
73
84
15
18
72
73
74
75
77
79
85
155
14
16
18
20
70
71
72
76
77
78
80
84
152
153
154
155
16
17
18
19
20
70
71
72
74
75
77
78
79
81
82
83
84
85
145
146
151
152
153
155
17
18
19
20
21
70
71
72
74
77
78
79
81
82
85
143
145
146
153
154
155
18
20
21
69
70
72
73
75
77
78
79
81
83
142
144
145
146
150
151
152
153
230
69
70
71
72
77
78
80
81
82
83
144
145
148
150
151
152
153
229
231
232
68
70
71
72
74
75
76
79
80
82
83
142
143
145
148
149
150
151
152
153
229
230
69
70
71
73
75
77
78
79
80
82
83
141
144
147
150
151
152
153
231
74
76
78
79
80
81
145
73
74
79
80
81
82
83
84
144
74
80
82
83
81
82
83
78
81
83
85
79
80
81
82
85
86
78
80
81
84
86
81
84
59
60
60
62
63
60
62
83
59
82
107
300
74
75
77
78
107
108
109
110
111
297
298
299
76
80
81
82
107
108
111
296
298
299
78
80
83
107
108
109
298
80
106
107
108
110
298
76
77
80
81
85
76
80
85
80
83
84
86
83
84
327
60
78
83
84
176
327
328
57
59
84
176
177
178
59
83
84
84
46
47
48
46
48
49
50
45
48
50
51
230
45
49
50
51
226
229
232
44
49
50
204
212
227
229
232
48
50
205
206
209
212
226
227
229
230
231
232
49
50
207
209
211
227
228
232
233
48
50
207
208
210
211
212
214
226
228
232
233
234
179
208
209
210
211
213
221
227
231
232
233
234
128
130
205
208
209
210
218
219
220
221
232
129
177
204
206
214
215
216
219
220
222
223
129
176
205
207
211
216
217
218
219
223
224
226
207
208
216
217
219
225
227
59
60
215
216
217
218
219
224
226
59
60
215
216
217
218
219
224
225
226
227
228
210
215
217
218
219
220
221
223
226
228
229
13
14
208
210
213
217
220
221
222
223
226
227
229
231
14
15
16
20
209
218
221
222
228
229
15
16
17
19
20
21
23
210
215
218
219
225
229
230
231
18
19
20
21
22
210
211
213
218
219
225
226
227
228
230
232
16
17
18
19
20
21
24
25
26
47
213
218
223
16
17
18
19
21
22
24
25
26
27
47
145
223
228
249
16
18
20
22
24
25
26
38
40
46
144
145
146
248
19
22
24
25
26
27
29
30
35
37
38
39
46
143
145
146
245
246
248
249
19
20
21
22
23
26
28
29
30
31
36
38
39
41
44
45
143
145
146
246
247
248
249
250
19
20
21
24
27
28
29
30
35
38
41
42
45
142
145
146
148
228
246
248
249
250
22
23
24
25
26
28
29
30
36
37
38
41
42
43
44
45
144
145
225
245
248
249
250
251
11
23
26
29
30
31
35
36
37
40
41
42
45
143
224
228
246
249
250
22
23
24
27
28
29
30
31
32
33
36
37
38
39
42
43
44
145
146
222
223
230
231
233
234
246
249
250
251
252
11
18
22
23
24
25
26
28
30
31
36
38
39
41
42
43
44
45
46
73
74
223
224
225
227
230
231
233
247
248
249
250
251
10
11
12
18
21
22
23
24
25
26
27
29
31
32
33
35
36
39
40
41
42
44
72
73
75
112
225
226
227
228
229
230
231
234
235
243
244
247
248
249
250
251
252
9
18
21
23
26
27
31
32
33
35
36
37
40
41
42
43
44
71
72
73
74
75
76
111
227
229
230
233
242
243
244
245
248
249
251
13
15
18
24
27
29
31
35
37
41
42
43
71
72
73
74
75
77
112
120
222
223
225
226
227
228
231
232
233
242
243
244
245
246
247
249
250
252
309
4
7
8
10
11
13
14
17
18
19
24
28
34
35
37
38
44
45
70
73
74
76
108
110
118
119
120
121
222
223
225
227
228
229
231
232
233
242
244
245
246
251
254
255
309
310
6
8
9
10
11
13
14
17
18
19
24
25
36
67
69
70
72
73
74
75
76
77
108
109
110
112
113
117
118
119
120
121
122
221
222
223
226
227
228
229
230
231
233
241
242
243
244
246
247
249
250
252
254
255
308
309
310
6
7
9
10
11
12
15
16
17
18
20
24
25
26
36
66
68
70
71
73
75
77
78
107
109
111
112
116
117
120
121
122
220
222
223
224
225
227
228
229
231
242
247
256
308
2
6
7
8
9
11
12
17
18
21
23
24
25
26
43
44
48
49
67
69
70
71
73
74
75
76
77
78
109
112
114
115
116
117
121
123
124
125
218
219
220
222
224
228
229
231
232
242
247
249
309
2
3
4
8
9
13
14
18
21
22
44
45
48
49
50
51
52
53
67
68
69
70
71
72
74
111
112
113
114
116
117
118
119
120
121
122
123
124
185
186
217
218
219
221
222
223
227
229
231
232
233
248
250
2
8
11
13
19
20
21
22
45
46
48
51
52
55
66
70
71
72
74
75
78
110
111
113
114
115
118
120
185
186
187
189
217
218
220
222
227
228
229
230
248
249
3
12
19
20
21
48
49
50
51
53
54
57
76
77
78
109
116
117
118
119
120
186
188
189
190
218
221
222
223
224
229
20
21
44
46
47
49
50
51
52
56
57
109
110
115
117
120
180
186
188
190
217
218
223
224
225
230
46
49
52
53
54
110
112
114
115
116
117
180
181
184
185
186
187
188
189
190
224
225
229
46
48
49
50
51
52
53
109
110
111
115
116
117
179
182
183
184
185
186
187
188
189
190
45
47
48
49
52
53
54
55
112
113
114
115
116
182
183
184
185
186
187
313
314
317
46
48
49
51
53
54
55
114
115
116
181
182
183
184
185
187
188
189
310
311
314
315
316
317
318
48
49
50
51
53
89
112
113
182
183
184
185
187
188
311
312
313
316
317
319
46
47
48
50
88
89
114
183
185
188
311
312
313
314
315
318
49
51
52
53
87
88
89
113
312
313
314
315
317
49
50
51
52
53
311
314
315
316
317
50
216
217
218
219
220
313
315
317
318
320
216
219
314
315
125
129
215
216
126
127
128
129
130
123
125
128
125
126
127
123
124
127
123
124
125
128
124
125
123
124
163
164
165
123
162
163
164
166
162
164
157
158
163
164
167
168
169
156
157
158
163
164
165
167
156
157
158
159
161
164
165
166
167
168
169
157
159
160
161
162
165
167
168
232
233
158
159
160
163
164
165
166
167
231
232
233
157
158
159
160
164
166
231
232
159
160
161
162
164
165
166
167
205
232
272
113
122
158
159
160
161
162
164
165
166
167
204
205
206
272
59
114
115
123
160
163
164
165
203
204
205
207
208
272
55
57
58
59
60
115
116
122
123
124
163
165
166
202
204
206
271
56
57
60
115
116
117
122
163
164
165
166
167
200
201
203
206
208
58
61
115
117
118
122
123
164
201
202
205
206
207
209
246
249
250
57
59
60
62
115
117
118
122
124
201
204
206
246
248
251
51
56
57
59
61
62
117
118
119
122
123
124
203
204
241
244
249
50
56
61
62
118
119
120
241
242
244
245
249
250
51
52
55
57
60
61
62
63
124
246
247
248
249
53
54
61
123
169
246
247
248
250
251
53
120
245
121
170
171
122
124
125
123
124
29
98
104
105
123
124
30
99
101
102
105
106
123
28
30
31
32
99
100
101
102
103
105
106
108
269
31
32
33
99
102
105
106
107
108
109
269
271
32
33
34
99
100
101
102
103
104
107
270
101
102
103
104
105
106
108
165
167
33
35
100
104
105
106
163
164
166
35
36
88
103
104
105
162
164
165
32
35
36
90
103
104
105
164
165
29
30
32
33
36
37
88
90
91
102
104
106
165
29
30
31
33
36
37
38
87
88
90
91
92
30
86
91
92
93
30
31
83
84
87
88
89
90
93
32
84
85
87
89
91
81
86
89
90
91
92
81
85
86
89
90
91
92
93
80
81
82
83
84
85
87
88
90
91
93
80
81
84
85
86
89
90
91
92
93
94
80
81
84
85
86
89
90
92
93
94
191
83
84
85
86
87
91
92
93
94
95
190
191
193
194
195
84
85
86
88
90
93
94
190
191
192
193
194
195
196
85
88
93
94
188
189
190
195
8
9
11
189
190
192
193
8
10
11
12
14
189
190
191
192
193
194
195
196
282
284
8
9
10
11
13
14
193
194
195
196
280
283
4
9
10
11
13
141
190
191
193
194
195
196
283
3
4
7
9
11
12
14
143
144
191
192
193
195
280
281
284
6
7
10
11
13
14
33
141
142
143
144
189
191
192
279
7
8
9
10
12
14
33
34
143
9
13
35
142
143
13
35
87
84
86
88
88
87
89
90
235
86
87
88
89
90
91
238
286
293
86
88
230
236
286
287
288
292
87
229
234
235
236
237
239
288
289
290
291
292
293
294
89
229
230
231
232
233
234
235
236
237
286
287
288
289
290
291
292
313
88
228
229
231
232
233
234
236
238
287
288
289
291
311
312
313
197
228
230
231
233
236
285
286
287
288
290
196
199
233
235
236
284
288
290
291
133
134
197
198
199
201
202
230
232
233
234
235
286
287
290
291
133
201
202
203
231
232
234
235
283
285
287
288
290
291
293
294
103
130
131
132
133
197
198
199
200
201
203
282
283
285
286
288
291
292
293
294
98
99
100
101
102
103
132
133
196
198
282
283
284
285
288
291
292
96
97
98
99
100
101
102
103
104
105
129
130
131
132
134
195
197
198
199
282
283
284
285
286
288
290
291
292
294
94
96
97
98
100
101
102
104
105
106
130
133
196
198
199
200
201
202
283
284
286
288
289
290
291
95
96
97
98
99
100
101
102
103
104
132
133
197
199
200
201
282
285
287
288
289
290
291
30
96
97
99
100
101
102
103
104
106
131
133
134
196
198
283
286
287
288
289
291
292
29
95
97
98
99
100
101
103
104
105
131
133
135
137
196
197
245
284
285
286
289
30
32
94
95
96
97
98
100
101
102
105
106
129
133
135
136
138
139
244
246
247
248
285
286
287
288
96
98
99
101
102
103
104
129
133
135
136
208
245
246
247
248
284
289
95
101
123
124
125
127
130
131
132
133
134
135
209
212
244
245
246
247
96
97
99
101
126
128
129
130
132
133
134
136
208
210
211
212
240
242
243
244
245
96
98
99
100
127
129
130
131
133
137
208
210
211
213
240
241
243
244
245
246
247
248
250
95
97
99
100
101
126
127
128
129
130
133
134
209
210
211
214
215
216
241
243
244
245
247
248
249
128
129
130
134
209
210
211
212
213
244
245
246
247
248
128
129
209
212
213
215
243
244
245
246
247
248
249
250
207
211
212
241
243
244
246
247
249
208
242
245
247
208
209
247
248
209
210
247
245
246
247
286
246
247
285
247
285
174
175
254
282
283
285
176
254
255
256
257
282
283
286
252
253
255
256
257
258
282
283
285
286
287
288
252
253
256
257
283
285
287
289
167
191
192
248
250
252
253
254
255
256
257
283
284
285
286
287
288
165
166
167
191
192
193
196
197
249
250
252
253
255
256
257
258
283
285
286
287
289
162
163
165
169
191
192
193
196
197
248
252
253
254
256
258
287
288
163
165
166
167
170
191
192
193
196
197
198
247
248
253
256
258
259
260
261
163
166
167
190
192
193
194
197
198
250
251
252
253
255
256
257
258
259
260
261
163
164
165
166
169
190
191
192
193
195
199
201
249
250
251
256
258
259
260
161
162
166
167
168
191
192
193
196
199
200
201
258
259
260
261
160
161
162
163
165
169
188
189
190
192
194
195
196
197
199
200
202
204
160
162
164
166
189
191
195
196
197
198
199
200
202
203
204
159
160
161
162
163
164
188
192
201
202
203
204
160
161
162
163
164
192
193
195
197
198
199
201
161
163
193
195
199
200
201
163
192
195
197
200
201
202
188
189
191
195
196
197
198
200
201
202
203
187
188
189
192
193
194
196
197
198
200
201
203
204
189
191
192
193
194
195
196
197
201
203
191
192
193
195
196
201
194
196
98
100
101
99
100
101
99
100
101
224
99
101
223
33
98
99
220
221
222
223
224
226
227
228
229
32
33
96
98
220
221
222
223
224
225
227
228
31
32
33
67
68
69
92
98
220
221
222
223
31
32
33
65
91
95
96
98
99
222
223
224
225
226
228
15
21
31
68
91
94
96
98
99
222
224
225
226
227
228
13
16
18
23
64
65
68
91
92
94
95
96
222
223
224
225
226
227
228
14
16
19
20
67
68
69
70
71
91
92
94
95
223
226
227
229
15
18
20
23
24
25
69
70
92
97
98
226
228
229
12
14
16
21
23
70
91
93
94
95
96
97
98
99
101
13
14
15
16
18
19
20
21
96
13
15
16
17
22
99
100
13
14
15
97
98
12
97
11
12
14
260
259
261
259
214
215
230
214
215
216
217
229
230
231
13
217
229
230
11
14
285
286
287
12
13
138
284
285
286
13
141
284
285
286
289
139
286
288
290
138
139
140
143
144
145
287
289
290
140
141
142
144
287
288
289
290
141
142
143
145
146
147
148
287
288
289
290
291
293
295
141
142
143
146
148
287
289
291
294
140
141
142
145
146
147
286
287
288
289
290
291
292
293
72
140
141
142
144
285
287
288
290
293
71
74
75
76
78
138
140
141
143
144
145
284
286
287
288
289
293
75
80
81
139
140
141
145
146
286
287
290
292
293
294
73
75
77
78
79
80
81
82
143
286
288
289
291
294
73
74
75
79
80
81
83
143
287
289
291
292
73
74
75
76
77
78
79
144
72
73
79
82
78
29
76
29
30
29
17
18
17
25
26
29
25
26
29
30
24
25
26
27
25
27
28
84
25
26
27
29
85
223
25
26
29
80
83
85
86
224
80
81
82
222
223
224
225
80
83
221
222
223
224
223
224