202
204
205
208
203
205
206
209
168
202
205
209
210
211
165
166
167
169
209
307
308
50
114
211
212
308
309
310
311
312
313
48
49
50
51
109
112
113
114
116
208
210
308
310
311
47
49
50
102
104
110
114
117
208
209
211
309
51
101
103
104
108
111
112
113
114
207
208
209
46
47
48
49
51
100
102
103
106
108
111
112
113
114
115
116
205
207
208
210
211
48
104
106
111
112
114
204
208
209
210
49
107
108
110
112
115
116
204
206
207
208
212
108
109
110
111
112
114
115
116
117
126
202
203
204
205
207
208
209
210
225
226
227
229
230
235
106
107
109
110
111
113
114
115
127
203
204
205
209
210
224
225
227
229
231
232
234
108
109
110
111
112
113
114
116
128
129
167
168
171
205
206
210
211
221
224
225
226
229
231
232
109
111
112
113
114
115
116
117
125
126
127
128
129
168
169
205
206
207
208
210
212
222
223
224
225
226
228
229
230
234
109
110
111
113
116
117
120
123
124
125
126
127
129
165
207
210
211
218
219
221
223
224
225
229
230
30
110
111
112
119
120
121
123
126
128
165
166
205
206
210
219
220
222
223
224
228
229
230
30
31
110
112
114
115
116
119
121
122
123
125
127
128
160
162
163
164
167
169
206
207
209
210
220
223
227
228
30
31
32
111
115
117
119
120
121
122
128
129
161
166
209
221
222
226
227
228
30
31
32
33
34
35
115
121
122
123
129
162
163
165
222
223
225
226
228
27
29
30
31
33
34
119
120
122
126
127
129
130
164
165
166
184
220
223
224
226
227
231
27
29
30
31
32
119
120
122
126
127
128
129
166
183
184
223
227
228
230
231
28
29
30
119
120
121
122
126
127
128
129
165
177
179
180
182
183
184
223
224
225
226
227
228
28
29
30
32
33
119
120
121
125
126
129
178
179
180
181
182
184
186
221
222
223
226
28
30
31
32
33
177
178
179
180
183
184
185
226
28
29
34
177
179
180
181
183
184
185
186
215
31
175
177
178
180
181
183
185
186
187
215
31
32
33
168
176
177
180
181
183
185
186
188
189
213
215
216
30
31
168
174
175
177
178
180
181
182
183
184
185
186
187
188
213
214
216
10
14
170
171
172
173
176
178
179
180
183
188
214
215
216
10
11
13
14
171
172
174
177
181
182
184
215
216
217
10
11
12
13
14
15
16
171
172
173
176
180
182
184
213
214
215
216
217
218
10
11
13
14
172
173
179
180
184
185
214
215
216
217
218
9
10
12
171
173
176
177
178
180
183
212
213
214
216
219
171
172
175
176
179
180
175
178
175
179
174
175
173
175
174
249
249
315
175
176
248
249
251
315
174
175
248
249
250
251
316
317
173
175
176
251
251
252
253
251
252
253
251
252
253
70
76
69
70
71
72
73
74
75
76
80
70
72
78
79
69
72
73
74
76
77
80
67
68
69
70
71
72
74
75
77
79
81
68
69
70
71
75
78
79
68
69
71
72
73
74
76
78
295
68
71
72
74
75
76
77
78
291
292
294
316
67
70
71
75
76
77
291
292
293
294
296
297
317
319
66
69
71
72
75
79
293
294
295
297
318
71
72
76
77
292
293
295
296
297
298
317
318
319
321
67
69
70
72
73
74
75
76
78
293
299
300
312
313
314
315
316
318
319
320
322
68
73
74
75
76
79
230
291
292
293
295
298
300
301
309
311
312
313
314
315
317
319
73
75
76
77
228
229
230
292
293
299
300
307
308
310
311
312
314
316
317
319
320
75
227
228
229
230
231
297
298
308
309
310
311
312
313
315
316
317
320
76
77
229
230
231
295
296
297
298
308
310
311
312
315
316
317
318
319
320
321
227
228
291
292
293
296
298
299
301
302
310
315
316
317
318
319
320
321
322
229
230
231
232
294
296
299
300
301
302
317
318
319
320
321
178
180
229
230
299
300
301
302
303
317
321
180
181
182
229
299
316
319
177
178
228
229
231
232
298
320
176
178
180
182
184
180
183
185
178
179
180
182
227
228
229
179
180
181
182
184
185
228
179
181
182
183
145
181
142
145
121
137
143
120
121
122
137
138
141
142
145
120
121
139
142
143
144
93
95
138
140
141
142
144
95
138
139
142
143
94
96
138
139
140
142
88
91
92
93
94
96
139
140
141
142
89
90
92
93
94
95
96
141
89
90
91
92
94
95
96
97
99
140
141
87
89
91
92
93
94
95
96
97
98
99
139
89
90
93
94
95
98
99
100
140
141
156
157
314
93
96
98
99
100
101
155
156
157
313
314
316
317
92
93
94
95
96
98
99
156
315
317
318
319
320
90
92
93
95
97
98
99
101
315
316
317
318
90
91
93
97
98
100
317
319
320
90
91
96
97
98
100
101
316
317
318
319
320
321
90
91
92
93
96
98
99
100
315
317
319
321
91
97
98
99
100
101
317
97
99
318
233
236
233
234
236
237
238
232
233
234
236
237
238
239
236
238
236
237
238
239
238
239
155
154
152
153
177
153
154
174
175
177
179
180
152
154
175
176
178
179
180
18
20
22
153
154
174
175
177
178
179
180
19
21
151
153
154
174
175
176
177
179
180
17
19
20
21
152
153
154
155
156
157
175
178
179
17
18
20
152
153
154
155
156
158
179
21
153
154
156
179
180
16
152
153
154
157
255
153
154
156
169
171
248
255
257
259
152
154
155
156
170
171
248
254
256
257
259
260
154
155
156
169
172
248
256
257
258
259
156
171
173
238
244
257
258
260
261
171
172
232
234
235
236
238
244
246
249
250
256
257
258
260
262
172
173
232
233
234
246
248
251
253
255
169
170
171
172
173
174
232
233
247
250
253
254
171
172
173
174
228
231
232
234
236
237
248
249
252
253
254
172
173
229
231
232
233
234
235
236
252
319
322
325
231
232
237
252
319
320
321
322
323
324
321
323
225
232
324
224
225
226
227
63
148
65
72
146
40
41
64
66
68
72
73
143
146
147
151
40
43
46
63
64
65
66
67
68
69
73
74
143
144
145
146
147
150
43
44
45
46
48
63
66
68
144
145
146
147
148
149
151
39
43
44
45
46
47
62
64
66
73
143
144
145
147
148
149
150
151
152
153
40
41
44
45
47
48
65
71
140
145
147
149
151
152
40
42
44
62
66
67
68
69
71
72
73
142
143
148
150
152
41
42
62
63
67
69
73
141
144
145
146
149
150
41
63
64
65
67
68
69
143
144
145
216
42
64
65
66
69
143
144
145
237
239
65
68
70
142
143
144
218
236
238
239
64
66
69
70
140
142
144
145
146
237
239
240
66
68
69
70
71
141
142
216
217
218
219
65
66
67
68
69
70
71
72
73
215
216
217
219
220
65
66
67
68
69
70
217
218
220
221
222
66
67
72
73
78
216
221
68
70
71
72
74
77
78
99
223
71
72
74
75
79
100
222
223
25
26
28
69
70
72
73
75
78
94
95
101
223
24
25
26
27
30
31
32
70
72
73
74
75
77
78
79
84
85
94
96
97
98
100
152
153
156
223
25
28
30
32
73
74
77
78
79
83
84
95
97
153
155
26
27
28
33
72
73
74
75
76
78
82
83
84
98
99
150
151
153
154
27
28
29
30
31
32
33
34
73
74
76
77
80
86
97
98
99
101
151
152
154
27
28
29
30
32
34
73
75
81
84
97
98
100
152
153
154
327
25
27
28
29
30
31
33
34
35
59
74
75
77
79
80
82
254
328
26
28
59
77
78
83
84
253
254
326
328
59
78
79
82
83
246
247
249
251
252
253
326
328
329
56
58
79
246
247
248
250
251
252
253
254
325
326
327
330
53
54
55
56
240
241
242
243
244
246
251
252
254
325
327
329
330
331
332
53
54
55
56
241
242
243
244
245
247
250
254
330
331
332
53
55
56
242
243
244
246
248
249
251
253
256
329
330
331
54
239
240
241
243
244
245
246
248
249
250
252
255
256
257
329
331
332
333
40
53
129
239
240
242
245
246
250
253
254
255
256
332
333
39
40
52
124
125
126
51
52
77
126
127
177
178
247
248
249
51
52
53
54
73
76
78
79
82
83
85
126
127
130
176
244
245
246
247
72
73
76
77
78
80
81
82
83
84
85
125
126
127
129
180
242
243
244
245
246
247
53
73
74
75
76
77
78
79
80
81
82
83
88
90
91
126
127
128
130
131
176
178
243
246
247
73
74
77
79
80
82
83
84
87
88
89
90
93
128
129
130
131
135
174
175
176
178
179
245
246
26
28
72
75
76
79
80
82
83
89
91
128
129
130
131
134
176
177
178
180
245
246
279
280
26
27
28
76
77
78
79
80
81
82
84
90
91
92
125
129
130
131
132
133
176
178
218
276
279
26
28
76
80
81
82
125
126
127
128
129
131
177
217
218
276
277
281
75
77
78
79
80
81
82
124
126
127
129
130
131
213
217
273
274
275
276
277
279
280
281
77
80
125
126
127
128
129
131
134
213
215
216
217
273
274
275
276
278
280
76
78
79
125
126
128
131
135
211
213
214
215
216
217
272
273
274
275
276
277
278
279
281
80
124
125
126
129
130
132
133
134
135
214
215
216
217
272
273
274
276
277
281
282
78
79
125
126
127
128
130
131
132
133
134
215
218
219
271
272
273
274
275
276
280
282
283
21
78
79
80
81
95
125
126
128
129
130
131
133
134
214
216
272
274
275
277
281
282
23
79
80
96
99
124
125
126
127
129
130
133
135
213
215
275
277
279
282
284
301
302
23
97
98
123
125
126
127
128
129
133
134
135
136
272
273
274
275
276
278
279
281
282
285
286
287
302
303
304
127
130
132
134
136
137
138
272
273
274
276
277
279
280
282
283
284
285
286
296
297
298
302
24
25
97
98
126
129
130
134
135
137
278
280
281
284
285
286
296
298
299
300
301
302
303
304
22
24
98
130
131
132
134
135
136
138
139
268
269
279
280
281
282
283
284
285
286
287
296
297
299
300
302
303
23
26
133
134
135
136
138
139
267
268
269
279
283
284
285
286
295
298
299
300
301
303
304
306
23
25
26
27
132
133
135
136
268
269
270
280
284
285
287
295
296
297
298
299
300
301
303
306
307
308
22
23
24
29
123
130
131
133
134
135
268
281
288
296
298
301
302
305
307
21
24
25
30
123
130
131
132
133
134
300
301
302
303
304
306
307
308
20
21
22
23
24
25
31
121
131
132
133
300
302
309
22
24
25
26
27
28
29
30
31
121
124
126
130
131
132
133
25
26
27
28
30
118
121
123
125
127
130
161
163
24
28
29
117
119
120
121
122
123
124
127
130
161
162
163
164
28
29
117
118
120
121
122
124
126
129
130
162
163
164
120
122
123
126
127
129
130
162
163
164
322
120
122
123
124
126
128
129
130
162
163
321
322
323
324
120
121
122
123
124
126
130
131
134
159
161
162
323
122
123
124
125
130
159
160
161
163
120
122
124
125
126
130
131
132
161
121
132
133
163
163
201
150
202
204
296
149
150
203
297
298
149
296
148
203
204
205
149
150
153
197
201
203
204
205
150
151
153
198
200
201
203
205
206
146
147
151
153
154
194
199
200
201
202
203
146
147
148
149
150
151
152
153
194
195
197
199
201
202
203
204
205
144
145
146
147
148
149
150
153
194
195
196
197
198
200
144
145
147
149
150
151
194
195
196
197
198
199
144
146
147
148
150
151
153
195
198
199
31
32
143
148
150
151
152
153
192
194
195
197
198
199
200
31
32
33
36
38
147
148
149
194
199
200
31
34
35
37
146
147
148
195
196
28
31
32
37
192
193
195
196
197
198
199
200
201
251
252
27
30
31
33
64
192
193
195
196
198
199
253
254
31
32
34
64
192
194
196
197
199
253
254
255
256
193
196
251
253
33
62
220
252
60
61
219
251
253
66
218
219
66
67
68
69
70
71
72
63
67
69
71
72
220
65
67
69
71
91
219
64
65
66
67
70
71
90
91
92
65
66
67
68
69
70
71
89
90
92
64
65
66
67
68
69
71
91
65
66
68
87
88
89
91
329
87
88
89
92
114
329
330
331
87
88
114
329
330
331
332
89
113
114
329
330
331
332
333
111
112
330
331
332
333
111
327
331
101
105
327
329
330
332
18
19
103
104
105
330
17
18
19
20
21
22
23
101
102
103
105
106
107
328
17
18
20
22
23
96
101
103
104
106
329
330
332
19
21
96
97
98
99
102
103
107
15
19
96
97
98
99
100
102
103
104
105
236
326
327
329
330
331
16
17
18
19
20
96
97
100
103
104
106
107
235
236
328
329
330
94
96
98
100
103
104
105
106
107
228
229
230
235
327
328
330
333
94
95
97
100
103
104
228
232
235
326
327
328
329
332
95
96
97
98
99
103
228
230
232
233
236
325
327
328
331
332
333
95
98
100
101
102
104
229
230
232
233
327
329
331
332
333
98
101
103
231
326
327
328
330
331
333
80
82
85
97
98
99
100
101
102
326
327
328
329
330
331
80
81
82
83
95
96
98
102
103
326
329
330
24
25
26
82
84
96
328
329
23
24
25
84
95
100
101
102
20
21
22
23
24
84
94
97
101
24
25
85
100
176
177
323
1
22
23
24
25
176
177
178
321
324
0
23
24
25
176
201
203
204
325
0
1
202
203
204
205
325
0
2
15
16
21
31
32
33
201
202
203
206
322
323
324
326
2
3
14
15
16
17
18
19
20
33
200
204
205
206
322
323
324
3
17
18
19
31
200
201
202
205
206
2
18
201
205
206
207
326
18
151
152
198
203
204
207
18
19
150
151
152
199
200
18
56
145
199
55
56
122
144
145
150
52
53
55
56
57
121
146
148
149
52
57
58
143
144
145
147
148
149
58
122
144
145
146
147
148
149
53
143
144
147
149
150
145
146
144
146
150
148
149
150
151
95
146
148
149
150
151
94
97
143
144
149
150
151
152
91
92
94
95
97
99
100
144
145
151
152
93
95
96
98
143
144
151
89
90
91
94
95
96
93
94
95
96
97
98
99
93
94
95
96
98
99
94
95
97
98
90
91
92
93
95
96
97
89
90
91
92
93
95
96
92
93
96
62
58
62
56
59
60
61
62
63
56
57
58
59
60
61
62
65
68
57
59
60
61
62
66
67
176
60
66
176
177
178
59
60
175
176
179
177
178
179
177
176
180
182
183
181
183
157
179
180
181
182
183
156
157
159
179
180
181
182
26
159
160
178
180
183
25
26
159
160
181
182
183
159
160
161
179
180
181
182
158
159
160
180
181
182
160
181
182
181
77
79
78
80
81
81
275
276
278
279
272
275
276
278
271
273
272
274
271
272
274
275
277
278
281
132
270
271
272
273
275
276
277
278
279
280
282
283
286
130
131
133
270
271
272
276
278
279
284
286
130
132
270
271
274
275
277
278
279
280
281
284
286
130
131
274
278
279
281
282
283
284
285
286
129
130
131
143
144
185
273
274
276
277
279
280
281
283
128
131
142
143
144
184
185
186
272
273
275
280
282
283
285
137
139
140
142
183
184
185
274
276
279
280
283
140
143
185
187
273
276
283
136
137
138
140
141
143
273
274
276
277
278
282
283
135
139
140
141
272
273
277
114
115
116
135
136
139
140
141
143
206
276
277
279
114
115
116
135
136
138
140
141
142
143
207
210
113
114
115
116
131
132
134
136
137
141
205
208
211
278
279
280
113
130
132
133
135
136
138
139
142
206
207
209
210
279
281
130
131
134
136
137
205
207
208
209
129
131
133
134
129
131
132
132
134
133
134
133
134