137
132
133
135
136
277
129
130
132
134
136
277
278
288
126
132
133
134
135
136
137
138
139
276
277
278
282
283
287
126
128
130
131
133
134
135
136
137
140
275
276
277
280
282
283
284
127
128
130
132
133
136
137
138
139
140
274
276
280
281
282
285
126
128
131
134
137
138
139
140
276
279
280
281
282
126
127
128
129
130
131
135
136
138
139
140
276
279
280
281
283
126
127
128
132
134
135
138
279
282
126
127
128
129
133
136
137
138
280
281
282
130
133
278
279
280
281
282
134
135
153
154
155
279
281
282
283
133
153
155
279
280
281
96
98
153
23
24
50
51
54
97
99
101
50
51
55
95
97
98
100
101
23
48
49
50
53
54
56
57
96
97
101
102
103
104
25
28
49
50
53
96
97
98
99
100
101
102
103
105
245
247
19
21
22
23
24
26
27
49
50
51
53
54
98
99
100
101
102
103
107
191
242
243
245
246
20
21
22
26
28
50
51
52
53
55
98
100
101
104
108
190
191
20
21
22
23
24
25
49
50
54
98
105
106
108
189
191
192
193
242
243
244
246
20
21
22
23
24
25
50
103
104
106
107
112
114
115
116
117
189
190
191
192
195
242
243
244
245
246
247
248
15
18
21
23
25
26
27
51
52
101
102
105
106
112
113
114
115
187
188
193
194
195
245
246
247
14
15
18
19
22
25
27
50
52
102
104
106
108
110
188
189
190
191
192
193
194
195
244
246
247
15
16
17
19
21
23
24
25
26
27
103
104
105
107
108
110
111
112
114
115
192
193
244
248
249
12
15
16
18
22
23
24
25
27
28
105
106
107
108
109
110
112
113
114
244
12
13
17
23
24
25
26
27
29
102
104
107
108
111
114
246
247
16
20
21
22
24
25
26
28
103
104
110
111
246
247
248
14
15
18
19
20
110
111
112
247
16
17
19
109
16
17
18
19
15
18
20
14
16
17
19
13
133
192
194
133
134
187
188
189
191
195
133
137
138
141
142
185
186
188
192
132
134
136
137
138
139
141
186
187
190
106
107
134
135
136
138
139
188
189
190
191
192
102
105
106
107
108
136
189
192
82
102
104
106
107
136
137
138
188
189
79
80
102
103
105
108
109
136
138
139
327
90
101
102
103
107
108
137
138
139
328
329
90
97
98
103
104
105
106
107
108
109
134
135
137
138
139
142
143
144
76
77
79
80
90
91
95
97
99
100
101
102
103
106
107
109
136
138
139
141
142
143
75
76
77
78
79
80
81
91
93
96
99
100
101
102
107
108
136
137
138
139
140
141
143
74
76
90
92
95
96
97
99
106
107
108
136
137
138
139
75
76
86
89
90
91
92
93
94
95
96
105
106
107
109
75
76
84
85
86
89
91
94
95
96
85
86
88
94
95
96
134
136
142
26
28
84
85
86
88
93
94
95
135
136
137
138
27
29
87
89
90
91
92
93
97
98
99
134
135
137
138
140
142
143
26
28
30
31
85
87
89
90
93
95
96
97
98
133
135
137
23
27
29
30
32
85
87
91
94
95
96
97
133
134
136
137
141
142
28
29
30
31
87
89
92
94
95
97
135
138
143
25
27
28
29
30
86
87
88
89
90
91
93
136
137
152
153
25
28
29
30
31
87
92
94
95
96
97
133
135
136
150
151
153
87
88
89
90
91
92
93
94
97
98
133
134
135
151
152
153
154
156
89
91
92
93
94
133
134
135
88
89
90
91
93
151
152
153
154
89
90
91
133
136
148
149
152
154
155
168
171
89
132
133
134
135
147
148
150
151
152
156
157
158
159
170
171
172
175
90
91
133
134
135
145
147
151
152
156
159
160
168
169
170
171
173
174
279
90
133
134
135
146
147
148
149
151
152
153
156
158
159
160
167
168
169
170
173
280
134
146
147
148
150
151
153
155
157
158
160
161
166
167
169
170
171
174
175
280
281
143
147
148
149
150
151
152
154
155
156
158
160
161
163
166
168
169
173
174
175
176
281
282
144
148
150
151
152
155
156
159
161
162
167
170
172
173
176
177
179
281
282
147
149
151
152
153
154
156
158
160
169
171
174
175
178
179
280
148
149
150
152
153
155
156
157
158
159
168
169
171
172
174
176
177
178
179
147
148
149
150
152
153
154
158
167
170
174
175
176
122
147
148
152
153
154
174
318
118
121
124
128
148
152
153
154
155
174
316
317
318
319
320
48
117
121
122
123
124
126
127
129
150
153
154
155
175
320
15
16
48
113
115
116
117
118
119
120
123
126
127
153
154
155
156
317
324
14
44
46
47
114
119
122
123
124
125
317
318
321
323
14
16
17
44
48
115
117
118
120
121
122
126
316
319
320
321
323
14
18
19
43
44
45
47
48
118
120
121
123
127
313
314
315
316
319
320
323
324
15
16
18
44
45
46
117
122
123
125
314
315
318
319
325
14
18
45
46
119
120
121
123
124
125
316
320
10
11
14
15
16
18
117
119
120
122
123
124
125
126
127
312
315
316
317
319
9
10
13
15
17
18
19
118
119
120
121
122
123
124
127
128
314
315
316
318
8
9
10
13
15
17
18
19
121
122
123
124
126
128
129
130
12
13
14
15
17
18
119
120
121
122
123
125
126
127
129
131
132
11
12
13
14
16
18
19
118
119
120
121
125
15
18
96
119
120
121
122
123
127
19
97
98
12
13
14
15
96
97
254
255
262
12
95
96
98
254
308
96
98
255
256
257
260
307
308
96
97
98
99
256
257
258
259
280
99
255
257
258
260
262
278
279
98
100
180
181
183
185
258
259
260
261
262
276
277
278
280
80
81
182
258
260
261
276
277
278
279
280
80
168
169
184
185
186
188
190
191
192
257
258
260
261
262
263
276
279
280
281
282
283
168
169
171
182
183
187
188
189
190
191
192
221
258
259
261
263
277
278
279
281
282
283
284
167
168
187
189
190
191
192
193
221
223
224
258
259
276
277
278
279
167
168
170
187
189
190
192
216
217
218
221
222
223
224
226
272
273
274
275
276
279
280
163
166
169
170
179
181
182
184
185
186
187
190
191
217
221
222
223
224
225
275
278
281
282
164
166
167
171
181
182
183
184
185
186
187
188
189
191
192
216
217
218
219
220
221
222
223
225
163
164
165
167
168
169
172
180
182
183
185
186
187
188
190
192
216
217
218
219
220
221
223
272
274
280
281
31
163
167
168
169
180
185
186
190
191
192
217
218
219
220
222
223
271
280
165
168
170
171
172
185
186
187
188
190
216
217
221
30
34
167
168
169
171
184
186
187
188
189
191
215
216
217
222
32
34
165
166
168
186
189
191
215
216
221
222
223
224
33
213
214
220
222
224
212
213
221
222
223
225
213
221
222
223
220
221
222
222
222
223
222
232
73
74
75
76
78
230
232
233
234
70
74
75
76
78
79
198
199
229
234
235
70
71
72
73
75
76
78
79
197
229
230
233
234
70
71
72
73
75
76
77
78
79
229
230
231
232
234
235
236
68
70
73
74
75
76
77
78
79
80
233
234
235
236
255
256
257
67
68
73
74
75
76
78
79
232
234
235
236
253
256
302
303
305
64
67
68
69
72
75
76
230
231
232
235
253
256
301
302
304
305
306
66
69
73
74
75
76
77
233
238
254
255
297
298
300
301
302
303
304
305
306
307
308
65
66
67
68
73
75
76
77
235
298
299
300
301
302
303
305
306
66
67
75
76
78
79
299
302
303
304
314
67
68
72
75
76
162
302
303
305
307
314
316
72
157
160
161
305
306
307
315
316
317
73
156
157
158
161
305
306
307
308
310
312
313
314
316
317
159
160
303
304
305
306
307
308
309
310
311
313
314
315
316
317
319
158
160
165
307
310
311
314
315
316
317
318
319
154
160
162
163
164
165
309
310
311
314
317
318
319
155
156
160
161
162
164
165
311
154
155
156
158
165
313
316
155
156
157
312
313
314
316
156
157
158
159
311
313
157
320
322
306
319
320
321
306
319
320
321
319
320
305
306
117
118
115
116
117
118
287
116
117
118
119
122
285
286
117
119
123
116
117
123
115
117
118
123
124
125
55
54
53
54
15
16
17
51
52
54
55
14
16
17
18
19
50
52
53
54
55
56
14
15
51
53
54
56
57
14
15
16
17
50
52
54
55
10
12
13
14
16
17
56
249
9
10
11
12
13
14
15
16
17
18
248
9
10
14
15
16
17
18
247
14
15
16
239
244
245
248
10
12
13
16
17
183
242
243
244
245
247
249
13
15
16
158
182
241
242
244
245
246
248
249
13
14
15
17
157
181
182
183
184
185
188
240
242
243
244
246
247
248
156
157
181
182
183
184
187
188
189
239
243
244
245
246
181
182
188
240
242
243
244
245
246
247
248
250
187
244
245
248
250
187
188
243
244
245
247
248
249
250
186
188
243
244
248
249
251
188
244
245
250
251
245
220
221
222
222
223
219
224
225
143
218
219
220
224
225
226
144
218
222
223
143
144
145
216
220
222
223
224
140
141
142
144
215
216
218
219
222
223
226
140
141
142
143
145
216
217
220
221
226
140
142
143
144
212
213
218
219
220
221
140
141
218
220
223
224
226
68
139
140
218
220
221
223
226
67
140
141
219
221
222
223
224
226
68
69
217
218
219
221
222
223
226
67
68
69
70
71
72
73
216
217
218
219
222
224
66
67
68
69
70
71
72
73
129
221
222
223
225
226
5
6
7
13
65
66
67
68
69
70
71
72
84
128
219
220
221
223
224
6
7
8
11
12
64
67
69
72
73
74
85
126
127
129
218
219
220
221
222
225
7
8
9
10
11
63
68
70
71
72
85
86
127
225
226
5
7
8
9
10
11
12
36
37
40
61
62
65
66
68
69
70
71
72
73
85
86
119
122
128
3
6
7
8
9
10
11
33
36
38
39
41
61
63
64
65
67
68
69
71
84
118
123
124
125
126
127
128
129
227
2
4
7
8
10
11
12
32
33
36
37
38
39
40
41
60
62
63
64
65
66
67
70
71
83
84
118
119
122
123
124
126
127
128
7
9
10
12
13
33
34
35
36
37
38
39
40
41
61
62
64
66
68
83
121
122
124
126
127
128
172
5
6
7
8
9
10
11
30
32
35
36
37
38
39
40
65
66
68
69
121
122
123
124
125
126
128
129
172
173
2
3
6
7
9
11
12
34
36
37
38
39
40
42
43
64
65
66
67
68
69
70
71
121
122
123
125
129
169
171
172
173
0
1
2
3
5
6
11
12
35
38
39
41
42
64
66
70
120
121
123
124
127
167
169
170
171
172
174
175
313
314
320
2
4
5
6
7
8
10
12
32
36
37
38
39
41
63
64
65
121
123
125
126
128
164
165
166
167
168
169
170
171
172
173
174
175
316
319
320
323
1
2
3
4
7
8
10
11
38
39
40
41
42
119
121
124
126
129
164
165
166
167
168
171
173
174
316
317
319
321
322
323
0
1
3
6
8
9
11
12
36
39
40
41
43
120
121
122
162
163
164
166
167
170
171
172
314
318
320
321
322
323
0
2
3
4
5
6
7
8
13
14
36
37
38
39
40
41
43
122
125
162
163
164
165
166
167
169
172
312
313
314
316
318
319
320
321
322
323
1
3
4
5
8
9
10
11
12
35
36
37
122
123
124
125
161
162
166
167
170
171
172
311
312
313
315
316
319
320
321
322
323
324
326
1
2
3
4
6
7
8
10
11
13
37
38
42
166
167
168
170
171
172
196
309
311
313
314
315
316
323
325
326
327
5
11
38
40
41
166
167
168
169
199
255
257
310
312
313
314
315
316
317
323
324
325
326
328
6
7
12
37
38
197
198
255
256
308
309
310
311
314
315
316
322
323
324
325
326
327
37
196
197
198
252
255
256
309
310
311
312
313
314
315
317
319
323
324
327
37
195
196
197
199
253
254
310
311
312
313
314
323
325
195
196
251
252
254
310
311
312
316
317
324
325
326
327
195
197
251
252
253
305
306
307
308
314
316
32
252
304
305
306
307
308
309
315
21
22
23
33
305
306
307
308
309
310
311
19
20
22
24
25
304
305
307
310
311
312
19
20
21
22
33
223
303
304
305
306
311
312
313
18
19
20
21
22
25
27
33
34
171
173
174
177
223
240
305
307
310
315
316
18
22
25
29
30
31
32
34
169
171
174
178
223
241
242
243
305
306
307
311
313
314
315
316
317
324
19
20
21
22
24
26
30
31
33
34
168
169
170
172
173
175
177
178
224
236
237
241
242
307
308
309
310
311
312
314
315
324
18
19
21
22
23
25
26
27
29
30
32
168
170
172
173
174
177
178
179
223
236
237
239
240
242
306
309
310
311
313
314
315
322
324
325
326
25
28
170
171
172
173
174
175
179
222
234
235
236
237
238
239
240
241
242
243
304
305
309
311
314
321
322
323
325
326
24
25
173
174
175
176
177
236
237
238
239
240
242
304
305
306
313
321
322
323
325
327
23
169
172
173
177
178
237
238
239
240
241
244
304
312
322
323
72
171
173
174
176
177
178
179
180
181
237
238
239
240
242
243
70
71
72
73
74
171
172
175
177
179
181
236
238
240
241
242
243
323
69
70
71
72
73
171
172
173
174
175
176
177
178
179
241
242
244
69
70
71
72
73
175
176
178
236
68
70
174
175
176
177
179
296
65
67
68
69
70
71
175
176
178
179
296
66
67
69
70
71
72
177
180
67
68
70
71
72
181
294
295
64
67
68
69
70
290
292
293
294
295
65
66
67
68
69
71
73
293
294
295
306
309
65
69
71
72
75
292
295
296
297
305
307
63
64
65
66
67
68
69
70
71
72
73
75
76
295
296
297
298
306
308
64
65
70
71
72
74
75
77
294
295
297
299
305
306
307
308
309
62
63
64
70
71
161
291
292
294
295
297
300
302
305
306
307
313
61
62
64
66
68
69
70
158
161
291
292
296
297
300
301
312
313
314
61
62
63
64
65
66
69
156
291
293
302
303
315
61
62
65
66
70
71
157
160
161
294
295
299
300
301
302
313
314
315
316
317
60
65
72
156
157
158
160
161
294
298
299
300
301
302
313
314
316
317
62
63
64
65
67
155
156
162
297
300
301
302
303
304
313
63
64
67
156
157
160
163
164
301
303
304
67
68
69
163
164
66
67
68
162
159
162
163
318
319
320
158
160
162
233
234
317
318
319
233
318
180
180
186
187
191
176
177
179
180
181
186
187
190
174
176
179
180
181
182
184
185
186
187
189
24
25
173
174
175
176
180
181
182
184
185
188
26
173
174
177
178
179
180
181
184
185
187
188
192
177
180
181
185
186
188
189
191
13
14
15
180
181
182
183
184
185
186
187
192
288
14
181
182
184
186
190
287
288
14
179
181
182
183
184
189
190
262
263
264
176
181
182
184
188
189
190
191
262
263
264
286
287
177
179
182
183
190
262
288
181
183
186
189
261
264
265
266
267
268
285
178
179
186
188
266
283
284
180
267
268
269
284
285
267
268
97
153
155
157
158
159
97
98
99
100
101
140
153
154
155
156
157
158
159
212
213
93
98
100
101
102
139
150
155
156
167
212
213
214
92
93
98
99
100
150
151
152
153
155
156
157
158
162
164
165
166
167
169
170
212
213
93
96
97
100
138
150
151
152
153
154
156
157
158
163
166
168
205
206
211
212
224
94
96
97
98
149
151
152
153
154
155
156
157
158
159
163
164
165
167
204
205
206
207
212
213
223
95
96
97
98
99
101
102
153
154
155
156
157
159
160
161
162
164
166
167
204
205
206
207
211
212
213
225
226
227
228
47
48
49
94
96
97
98
101
155
157
158
159
160
161
162
164
165
166
167
200
207
209
210
211
225
226
227
47
48
49
50
92
93
94
95
96
98
99
100
154
155
156
158
159
160
161
162
163
164
165
166
167
168
169
200
201
202
206
209
210
211
225
47
49
50
51
91
92
93
94
95
96
97
98
99
101
154
157
158
159
160
161
162
163
164
166
167
168
169
199
200
201
202
203
205
206
207
208
209
225
227
228
48
49
50
91
92
93
94
95
96
97
99
100
101
154
155
156
158
161
162
163
165
166
167
168
202
204
205
206
207
210
228
229
47
49
94
96
99
100
101
153
154
158
159
160
161
162
164
166
168
169
199
200
201
202
203
205
206
207
208
209
210
228
90
93
94
95
96
97
154
155
157
159
160
161
162
200
201
205
207
208
209
91
94
95
96
105
157
161
162
164
200
201
202
203
204
205
206
208
95
100
101
104
105
106
163
201
203
204
207
209
223
224
225
261
262
100
101
103
104
105
200
201
203
205
206
223
224
229
262
96
97
100
104
105
106
107
108
201
204
205
222
224
225
230
95
97
100
102
103
104
105
106
200
206
207
221
222
223
224
228
229
97
98
100
101
102
103
106
222
223
224
226
230
232
258
97
99
101
102
104
207
224
225
232
256
257
99
103
168
223
227
229
230
231
232
257
258
259
260
98
100
168
169
220
221
223
224
225
227
228
230
231
256
257
259
99
220
221
222
223
224
227
230
254
258
259
260
100
167
168
181
182
183
220
221
223
226
227
255
257
258
259
260
167
256
257
258
260
261
262
263
266
181
182
183
256
257
259
260
262
263
264
265
267
181
182
256
258
260
262
263
267
268
243
257
258
259
260
261
262
263
223
242
259
260
261
262
220
222
256
257
259
260
261
221
222
242
243
244
263
222
224
225
243
244
245
247
221
222
224
225
226
227
228
243
244
245
246
247
222
223
225
226
227
228
241
243
245
246
222
224
225
226
227
228
241
242
243
244
245
246
224
225
226
227
228
242
244
245
246
31
32
227
228
28
30
31
32
112
26
27
28
29
30
32
113
115
25
28
111
112
116
140
141
26
27
28
111
112
113
114
115
117
133
134
135
136
137
139
140
141
142
27
110
111
112
113
114
134
135
136
137
138
141
142
26
111
112
115
116
119
134
136
138
139
140
110
111
112
113
114
117
118
119
120
121
135
137
138
139
140
141
143
112
114
115
118
119
137
138
139
142
144
110
112
113
115
116
117
136
137
138
142
145
49
110
114
115
136
137
138
139
140
144
145
146
48
49
50
51
110
113
114
116
117
136
137
141
142
144
146
147
48
49
110
111
114
116
140
142
145
146
147
163
164
165
51
110
111
112
113
114
115
116
140
141
142
144
145
146
163
164
166
167
168
51
110
112
113
114
115
139
141
142
143
145
164
165
166
168
51
99
100
114
115
116
140
142
143
144
145
146
147
165
167
168
304
50
99
139
141
142
143
144
145
146
164
165
166
167
302
303
96
98
99
141
142
143
145
165
166
302
303
97
100
101
140
141
143
144
167
302
96
97
99
100
140
141
144
303
304
100
301
303
306
307
308
100
300
301
303
304
305
306
307
308
101
194
197
207
208
299
300
301
304
307
308
171
193
195
196
199
200
207
208
210
211
299
302
304
305
315
317
166
167
168
170
171
191
195
197
199
200
201
205
209
298
299
305
308
315
316
317
164
165
167
169
171
173
196
197
204
205
208
209
302
303
304
305
317
165
166
168
169
170
171
193
194
205
207
208
316
317
165
166
167
171
192
193
197
205
207
209
210
316
168
170
194
206
208
209
210
212
213
168
169
171
191
192
205
209
210
193
204
205
206
209
210
213
207
210
212