5
6
7
6
7
102
5
6
7
8
103
104
7
100
102
103
104
98
101
104
105
106
100
101
102
103
104
105
106
99
100
101
102
104
100
101
100
101
101
102
103
127
148
149
102
103
104
126
127
128
146
148
149
156
104
105
126
145
146
147
157
158
159
105
124
125
126
127
145
146
147
157
208
123
125
128
144
145
208
121
122
124
125
127
145
208
118
119
121
123
125
127
128
145
206
207
208
209
119
120
121
122
128
195
196
205
206
207
208
209
120
121
122
124
125
196
204
205
208
209
120
121
196
205
206
208
121
123
205
206
120
124
205
208
249
248
249
246
247
248
249
250
324
325
326
247
323
324
325
327
248
325
249
248
74
249
72
73
75
76
71
72
73
74
75
70
74
71
74
127
128
129
117
118
124
126
128
117
118
120
121
124
125
126
130
117
119
121
126
128
130
234
113
114
116
118
119
120
125
128
130
230
233
234
299
300
104
107
108
111
113
114
115
116
118
119
122
126
222
224
231
232
233
234
300
301
302
303
105
106
109
111
113
114
115
116
117
119
120
128
223
301
303
18
89
105
106
108
109
110
113
114
115
116
117
119
123
124
128
220
222
223
231
233
281
282
301
302
19
85
88
95
109
113
114
115
116
117
118
125
126
127
129
220
222
232
282
301
302
304
10
17
85
86
87
95
96
109
111
112
114
116
117
118
120
122
123
124
125
129
218
219
221
300
305
14
18
85
86
89
91
114
115
116
117
118
119
121
122
123
124
125
126
128
219
220
221
224
300
304
305
306
307
308
10
13
14
15
16
17
18
86
87
89
94
96
110
111
114
115
116
124
125
216
217
222
223
225
301
304
305
307
9
10
11
12
13
15
17
18
84
86
88
94
95
96
114
115
218
223
225
301
302
303
304
305
306
322
323
10
11
12
13
14
17
84
85
87
89
92
93
94
95
221
222
223
224
303
304
323
324
8
10
12
13
14
15
16
85
87
88
90
223
225
302
305
323
324
9
13
14
15
162
222
304
323
324
325
13
14
87
88
161
162
163
221
222
238
299
303
304
305
322
324
327
328
12
13
14
15
16
87
88
89
90
91
161
163
222
236
295
298
299
300
305
306
319
320
322
323
325
327
14
15
87
89
90
91
92
158
164
236
237
238
240
296
298
299
300
305
306
318
320
321
323
325
90
91
159
163
164
168
171
237
238
239
240
298
299
319
320
323
325
326
90
91
124
161
162
163
164
166
167
169
171
172
234
236
237
238
240
297
298
299
300
303
317
321
323
326
124
125
129
163
165
166
167
168
170
171
172
173
174
235
236
237
238
265
267
298
322
323
324
326
124
125
127
128
129
130
166
168
169
170
171
172
173
236
237
239
266
267
268
297
321
322
323
325
127
128
129
130
164
166
167
168
169
170
171
172
173
174
237
238
267
270
320
321
322
323
324
325
55
124
125
127
128
129
130
163
164
165
167
170
172
173
174
176
237
238
268
269
322
323
325
326
56
57
163
165
166
167
172
182
183
269
271
322
323
324
56
59
60
163
164
165
166
169
182
183
267
268
269
320
321
322
323
324
325
326
52
53
54
57
59
60
61
166
167
168
182
184
267
268
270
271
272
321
322
325
52
54
56
58
60
167
182
183
266
267
269
270
271
272
52
53
54
55
57
58
59
60
147
152
174
182
183
190
271
52
53
55
58
59
60
61
62
146
147
152
167
172
173
190
269
52
54
55
60
61
145
146
147
148
151
166
167
168
172
173
175
176
178
189
190
191
268
50
53
54
55
59
63
64
65
146
153
166
167
168
171
172
173
174
175
176
177
178
190
268
51
53
54
55
59
63
64
65
66
145
149
150
151
152
153
154
165
166
167
168
169
172
173
175
176
177
180
196
198
328
54
58
59
64
65
148
153
154
164
165
166
167
171
172
174
176
179
180
193
195
196
197
325
326
64
65
145
163
166
173
174
175
176
178
193
194
197
326
55
63
144
145
146
163
170
171
174
176
178
179
193
194
195
196
54
56
143
169
170
171
172
175
176
195
54
55
169
170
171
172
193
194
195
196
197
171
172
174
194
195
196
197
198
172
173
195
196
197
198
151
310
311
147
150
310
147
148
149
150
308
309
310
145
147
149
150
151
308
311
146
147
148
149
150
145
146
147
148
149
150
151
152
31
32
33
146
147
148
149
150
152
153
155
29
30
31
32
144
145
146
147
148
149
150
151
152
153
154
155
248
254
255
257
258
28
29
31
32
145
146
149
153
248
249
252
254
257
258
26
27
30
144
146
148
149
152
153
250
251
252
253
256
258
27
29
30
31
33
34
147
149
153
249
251
252
253
254
255
256
258
259
26
29
30
31
33
36
58
151
152
253
254
255
257
260
26
27
31
32
34
53
54
58
59
150
151
255
256
257
258
259
29
30
32
36
54
58
59
254
256
257
258
30
31
33
34
52
54
55
56
57
60
61
242
243
244
254
30
32
33
34
37
53
54
55
56
57
58
59
60
61
188
190
191
192
193
240
241
242
243
244
245
31
32
53
54
56
57
60
61
187
188
189
190
191
192
239
243
244
245
30
31
32
52
54
55
56
59
60
180
181
186
188
190
191
192
239
240
243
244
245
4
30
31
53
55
56
58
59
60
181
182
188
189
190
191
192
194
241
242
243
244
5
7
30
31
54
58
59
60
180
181
188
190
192
193
195
196
240
241
242
243
245
4
6
7
8
53
54
59
60
61
180
183
184
188
189
190
194
195
239
240
241
242
243
244
246
6
10
54
58
139
179
180
183
187
189
191
192
194
239
241
242
244
3
9
10
11
138
139
180
181
182
183
184
185
190
191
192
193
240
241
242
243
244
245
2
4
5
7
8
10
11
12
138
139
180
181
182
183
189
191
194
240
241
242
243
324
5
6
7
8
10
11
109
138
139
182
183
184
191
192
194
195
243
323
325
4
5
6
7
8
9
11
104
105
108
138
181
183
191
192
194
195
323
324
325
326
4
5
6
9
10
104
107
108
136
137
138
182
183
191
192
194
195
323
325
326
0
1
2
3
4
8
135
139
187
189
190
193
194
322
324
325
2
3
4
9
11
12
106
138
186
187
191
194
195
323
324
325
1
2
3
4
5
106
107
108
109
110
139
187
188
190
191
193
2
6
106
107
108
110
186
187
189
190
191
192
193
194
1
108
111
191
192
194
108
109
189
191
36
38
107
108
190
35
36
38
39
40
36
37
38
40
41
35
39
34
20
242
21
24
241
242
19
20
22
23
242
243
18
20
21
23
241
242
18
19
20
21
23
19
20
22
23
19
20
21
22
23
17
19
22
14
15
16
17
21
240
16
17
18
19
21
238
240
245
246
14
16
18
19
238
239
242
244
245
14
15
16
17
18
19
20
238
239
243
244
14
16
17
19
20
21
239
240
245
18
19
20
237
238
239
240
241
242
243
244
245
13
16
17
18
19
20
21
22
23
24
237
240
243
244
245
13
16
19
20
21
22
24
240
13
15
17
18
19
21
22
23
12
13
14
15
16
18
19
20
21
22
23
24
11
14
18
19
20
21
22
23
25
14
16
17
18
19
20
21
24
14
15
16
17
18
19
21
22
17
18
19
17
18
126
126
122
124
125
121
124
126
118
119
120
121
260
108
118
119
120
121
122
261
286
291
118
121
124
125
126
130
257
259
260
286
289
292
293
108
109
117
119
120
122
124
125
127
128
129
257
258
262
263
288
109
117
118
119
120
121
122
123
124
125
127
128
256
257
258
259
260
262
286
287
288
289
116
117
120
122
123
125
126
127
129
257
258
260
287
288
116
117
118
122
124
125
126
128
260
261
286
287
94
95
115
117
118
119
126
128
261
94
117
118
206
207
208
288
206
207
208
209
213
214
288
90
208
209
212
214
215
87
88
89
91
92
208
209
210
211
212
213
214
215
87
90
91
93
95
209
211
213
214
215
91
94
211
213
215
90
212
214
217
212
213
215
216
213
213
116
117
317
116
312
314
318
319
113
115
117
276
311
312
313
314
315
316
317
318
319
326
114
115
117
118
275
276
277
278
312
313
314
315
316
317
318
320
322
330
117
275
276
277
278
313
314
315
316
317
319
320
321
322
323
324
325
327
330
115
116
117
120
147
148
182
186
187
276
277
314
316
317
318
320
321
322
323
326
329
113
114
115
116
118
119
120
121
123
124
125
147
148
181
183
185
186
188
189
190
191
277
278
315
316
320
321
322
323
324
325
326
327
328
115
117
118
122
123
180
181
182
183
186
189
190
191
277
319
320
323
324
325
326
328
329
112
115
117
119
121
122
123
181
182
183
186
187
188
189
276
277
319
320
324
325
326
113
124
181
182
183
185
186
187
190
278
319
320
321
323
324
325
326
327
113
181
182
183
188
189
190
318
319
320
323
329
331
188
316
317
318
320
323
324
325
326
327
329
330
332
319
320
321
322
323
325
326
328
329
330
331
332
333
315
316
317
320
324
327
332
314
316
318
319
320
325
26
320
325
326
331
332
23
27
324
325
333
24
25
23
25
23
24
25
26
20
21
22
23
24
25
30
102
103
15
22
24
25
26
28
30
102
107
24
25
26
27
102
105
106
108
17
24
26
103
104
105
108
18
20
21
24
25
102
103
104
105
107
17
19
20
21
22
23
105
106
18
20
21
22
23
24
26
27
18
19
20
22
24
25
26
27
28
19
20
21
25
28
148
154
155
21
22
148
149
154
148
147
148
149
150
144
147
148
149
150
144
147
148
149
150
144
146
147
149
150
144
146
149
260
261
259
262
263
262
259
261
78
257
258
259
260
76
77
257
258
259
42
73
75
76
77
40
41
74
75
76
77
38
41
42
43
73
76
78
159
160
161
162
163
164
39
40
41
42
43
44
73
74
75
76
77
78
79
159
160
161
162
163
164
35
36
38
39
40
41
42
43
44
45
78
158
161
162
35
37
38
39
40
41
42
43
158
159
160
161
162
163
37
38
39
41
157
158
160
161
162
163
164
202
38
39
40
161
162
163
38
39
40
42
161
163
202
204
20
21
24
25
37
38
40
41
42
160
165
16
17
21
22
23
24
37
38
39
41
164
220
221
17
18
20
21
22
24
26
27
36
37
38
164
165
166
219
220
221
18
19
20
21
23
24
25
26
38
216
217
219
276
278
279
281
283
15
21
23
25
37
217
220
222
276
278
279
281
283
15
16
17
18
19
23
24
216
217
218
219
220
221
223
274
276
278
281
282
283
285
14
15
16
17
18
19
21
22
24
217
218
219
220
221
222
223
279
281
283
284
13
14
18
19
24
25
216
217
219
223
276
280
282
283
284
286
16
17
20
22
23
24
216
220
222
224
276
277
278
280
281
282
283
284
285
15
18
19
20
21
22
23
25
138
220
222
223
276
277
281
283
284
285
12
14
15
16
21
22
23
103
138
142
217
218
220
276
278
281
282
283
284
15
16
17
18
20
21
22
102
103
104
140
141
142
143
144
219
220
221
278
280
281
283
16
20
21
22
100
101
102
103
104
105
140
141
144
217
220
221
222
223
271
272
278
279
280
282
283
11
14
16
17
18
19
20
21
22
42
44
45
101
103
104
106
141
217
220
221
271
279
12
15
17
18
20
44
100
102
103
104
150
222
11
12
14
15
17
18
19
102
104
150
11
12
13
14
15
16
17
18
19
21
151
217
218
220
10
11
13
16
17
150
217
218
219
220
15
17
149
232
17
215
216
217
218
231
232
216
217
219
230
232
217
278
276
278
277
210
211
216
209
210
211
212
214
215
216
217
213
214
215
216
213
214
215
216
217
218
227
214
215
217
218
227
228
36
150
214
216
217
218
35
149
214
216
217
262
263
35
216
218
219
220
264
265
33
34
36
38
149
150
151
152
153
215
217
218
31
33
34
35
36
37
148
149
150
151
152
153
217
219
220
32
33
34
147
149
151
216
218
220
31
32
33
34
37
38
147
148
149
150
151
220
222
32
36
37
38
149
150
218
33
35
36
37
39
147
148
149
150
151
152
153
220
221
34
35
36
148
150
152
33
34
35
152
155
214
31
32
34
35
147
149
151
152
154
155
213
30
33
34
136
146
147
148
149
150
152
153
213
32
33
135
138
146
147
148
149
150
152
153
154
251
31
33
130
131
133
134
138
147
153
154
155
156
246
247
248
249
132
133
134
136
137
138
139
150
151
152
153
156
246
247
248
249
133
137
138
139
140
149
150
151
152
153
154
155
157
248
128
132
134
136
137
138
139
152
153
156
246
247
248
249
129
130
133
135
136
137
138
246
247
248
249
130
131
136
137
154
155
247
248
130
131
132
133
134
136
137
155
213
129
130
132
133
135
136
137
207
211
212
213
128
129
131
132
136
137
138
206
207
212
214
215
216
128
130
132
133
134
135
136
137
205
207
212
213
130
131
132
133
136
204
206
207
209
213
214
217
263
131
132
133
135
136
202
204
206
207
209
210
212
213
214
217
218
219
220
263
264
135
137
139
204
205
206
207
208
210
211
212
213
216
217
218
264
266
135
136
137
138
205
212
213
217
219
263
265
133
134
138
209
214
218
264
266
52
53
133
209
210
211
212
50
51
77
78
79
80
81
82
132
133
52
53
79
80
82
49
51
52
53
54
78
79
80
82
49
51
52
54
76
77
79
80
81
82
48
49
50
75
76
77
78
80
135
49
77
78
79
80
81
134
180
181
74
75
77
78
80
81
82
83
135
178
179
180
182
74
75
76
78
127
136
137
173
174
176
177
180
181
182
74
76
127
130
136
137
175
176
177
178
180
181
127
128
129
131
135
136
138
175
177
178
179
129
132
134
135
136
137
138
176
179
180
132
133
134
135
136
137
139
140
175
176
177
178
179
131
132
134
135
136
137
138
174
178
130
132
134
135
136
137
139
129
133
135
136
112
109
110
111
109
22
108
109
20
21
18
19
20
21
22
225
20
21
22
23
226
15
16
18
22
23
24
226
227
17
19
20
21
158
227
228
15
16
18
19
20
21
22
158
159
227
228
14
15
16
17
19
20
21
158
13
16
19
20
21
14
15
18
19
14
17
19
20
13
16
17
19
21
163
13
14
15
16
17
22
162
163
165
258
259
262
263
264
13
14
15
22
23
24
164
261
262
263
264
265
290
291
292
258
259
260
261
262
263
264
265
286
287
288
290
291
292
211
230
257
258
260
261
263
264
287
288
293
211
212
230
258
260
262
265
266
286
288
289
292
293
296
212
229
251
252
253
261
265
290
291
296
298
209
210
212
252
253
255
260
261
264
265
266
269
288
289
290
291
295
296
298
299
66
209
255
256
258
259
260
261
262
264
265
266
269
273
289
290
296
297
298
66
255
259
261
262
263
266
267
268
272
273
289
296
297
298
27
29
66
67
255
256
257
258
259
262
265
268
269
273
274
296
0
4
27
28
65
66
67
256
257
258
262
263
264
265
266
267
268
269
270
271
272
273
274
0
2
3
4
29
256
258
260
262
263
264
265
266
267
269
270
271
272
273
274
276
3
260
261
262
263
264
266
267
268
270
271
273
275
276
277
262
263
264
265
266
267
268
269
270
272
273
276
262
263
265
267
268
269
271
272
273
276
277
263
265
268
270
272
264
265
266
268
270
262
263
265
268
272