9
296
299
301
302
7
8
9
10
12
96
97
139
144
296
297
298
299
300
301
302
303
8
9
11
12
13
97
98
139
140
141
142
143
144
145
146
299
301
11
12
13
139
141
142
143
144
146
298
302
8
9
12
14
16
71
72
134
139
140
141
301
7
8
9
10
12
14
15
16
71
72
113
135
264
9
13
17
19
72
73
76
77
113
135
136
139
140
261
263
266
272
8
14
18
19
73
74
75
76
77
111
112
113
114
115
135
136
137
262
264
272
14
16
18
19
73
74
76
111
112
114
118
119
134
135
136
260
264
265
266
272
273
274
12
17
72
73
74
111
112
113
116
118
119
134
136
260
265
267
268
269
273
274
18
19
65
71
73
100
110
111
112
117
119
131
132
134
135
136
138
258
259
266
268
269
271
273
274
19
60
61
62
65
66
67
100
101
111
112
116
117
118
119
120
131
132
134
137
261
262
269
270
272
273
18
60
65
66
67
100
115
116
117
130
131
132
264
268
270
271
18
61
63
64
67
86
131
262
265
267
19
60
63
64
68
86
87
262
263
264
268
310
59
60
61
65
66
67
69
70
199
264
265
266
267
268
269
311
313
60
61
62
66
67
68
70
197
198
263
265
266
268
269
308
309
311
312
314
315
63
67
69
197
264
265
270
309
310
311
316
317
61
310
311
314
315
305
308
309
310
311
312
315
316
321
133
135
304
305
308
309
310
311
312
314
315
316
319
320
13
14
15
18
134
305
308
309
310
311
312
314
315
316
317
318
14
15
16
133
134
244
247
307
310
312
313
314
315
316
317
13
14
15
16
240
242
243
244
246
306
308
309
310
313
314
316
317
318
14
15
17
18
238
241
242
243
244
302
305
306
307
308
309
313
316
12
13
14
238
240
241
244
303
304
305
306
307
310
314
317
4
7
8
17
238
239
240
241
242
243
305
309
316
318
319
1
4
8
9
16
171
172
240
241
315
316
317
318
2
3
4
5
6
8
9
10
12
13
14
171
172
173
239
243
244
317
318
319
2
4
5
6
7
8
9
10
11
12
13
15
17
165
168
170
171
172
173
236
237
238
240
241
242
243
247
315
2
3
4
5
6
7
8
9
10
11
12
13
16
163
164
165
168
169
170
172
238
242
243
245
246
1
2
4
6
7
9
10
11
12
16
160
161
162
164
165
167
168
169
170
172
238
240
3
4
6
7
8
9
10
11
12
160
161
164
165
169
170
172
173
5
6
7
159
160
161
164
165
168
169
171
172
173
174
237
238
5
7
9
10
11
160
162
163
166
167
168
169
170
171
172
6
7
8
9
10
11
12
15
159
160
161
163
167
168
169
170
4
5
6
8
9
11
12
14
160
161
162
170
218
220
4
6
7
8
9
15
16
165
167
168
171
222
223
6
7
8
9
15
163
166
167
168
170
171
172
220
221
222
223
4
5
6
7
8
163
165
166
167
168
169
172
218
219
220
221
222
224
3
6
9
98
166
167
168
173
218
219
220
222
95
98
168
217
219
220
221
222
94
95
96
99
100
101
218
219
221
222
93
95
97
99
100
217
218
220
221
94
96
97
99
100
219
220
221
95
96
97
219
220
221
52
53
93
96
100
101
218
221
48
50
51
94
96
98
101
51
52
93
98
53
93
99
90
91
97
91
92
93
256
257
258
328
23
94
257
328
329
23
24
26
27
29
31
32
258
259
260
328
329
330
331
22
24
26
27
28
29
30
32
261
328
329
330
25
28
29
31
207
328
330
28
29
30
94
95
97
206
26
29
93
94
95
96
97
204
27
28
29
94
95
97
205
208
210
211
27
28
29
30
31
94
96
98
99
204
205
206
207
208
209
210
211
214
30
31
94
97
205
206
207
209
211
213
26
27
95
96
205
206
209
210
211
212
217
262
265
266
26
93
96
206
207
215
216
261
263
264
265
266
93
94
95
208
212
214
215
260
261
262
264
266
94
95
207
208
210
211
212
215
261
262
263
265
56
94
97
208
209
210
212
213
214
215
216
260
261
262
263
96
209
211
212
213
214
215
216
262
56
57
58
187
188
209
210
211
213
215
260
264
56
57
59
187
189
190
191
208
209
212
213
214
261
262
263
264
57
189
190
192
206
208
210
211
212
213
232
238
260
261
262
263
187
188
191
207
208
209
210
211
232
234
235
237
238
260
261
189
190
207
208
209
212
213
234
235
237
50
51
52
53
127
128
129
190
231
234
235
237
50
51
52
54
128
129
130
190
236
50
52
53
55
56
57
129
232
233
234
235
236
51
53
54
55
56
57
58
128
232
233
234
49
50
51
54
56
57
58
59
133
134
233
234
235
236
298
299
49
50
51
131
134
135
234
235
299
53
54
130
131
133
134
135
236
289
291
292
294
295
296
300
54
55
131
132
133
134
135
136
137
237
285
287
288
295
296
297
298
299
130
287
288
294
299
300
135
136
283
284
285
287
288
289
290
292
293
295
296
297
299
300
317
318
136
284
285
286
288
290
293
294
296
297
298
299
300
317
283
284
285
290
292
293
294
295
296
298
300
301
303
304
317
282
284
287
288
289
293
296
297
299
300
301
302
303
304
315
316
283
284
288
290
292
293
294
297
300
301
302
314
315
316
317
318
279
280
281
282
283
284
285
286
287
288
289
290
292
297
298
300
301
315
317
318
248
281
282
283
284
285
286
287
290
291
292
293
294
295
296
301
302
303
314
315
316
246
248
280
281
282
285
286
287
288
291
296
299
301
246
247
248
280
283
286
288
291
292
294
296
301
317
216
283
284
286
289
290
292
293
303
215
216
281
282
283
284
285
286
287
290
292
294
304
282
284
285
286
292
303
214
216
247
279
280
282
283
284
287
292
307
308
309
313
215
244
245
246
247
248
251
279
281
282
283
284
285
288
304
305
306
307
308
309
311
312
313
210
212
213
214
243
244
246
249
250
280
281
282
284
285
286
287
288
290
307
308
310
312
313
209
214
215
216
246
251
281
284
285
289
291
303
307
308
310
312
213
217
218
246
250
285
286
287
288
289
291
302
303
304
307
308
309
310
311
313
314
315
212
215
243
281
284
285
287
290
292
303
306
307
308
309
310
73
75
211
212
215
223
243
244
249
281
283
285
289
290
292
293
304
305
306
310
312
313
318
27
72
212
244
245
246
247
248
250
251
252
253
281
284
286
304
305
306
307
308
309
311
313
315
317
318
29
219
221
222
244
245
246
247
248
249
250
251
252
253
284
289
290
304
305
306
307
308
311
312
313
314
28
220
221
222
224
243
244
245
246
247
248
249
250
251
252
254
307
309
314
315
28
222
224
244
245
247
248
249
250
253
255
306
307
311
314
315
326
328
329
330
331
221
223
244
245
247
248
249
250
251
252
253
254
307
309
313
314
325
328
329
220
221
244
245
247
248
249
252
253
254
255
309
312
324
326
327
328
329
220
221
222
243
245
248
311
312
328
329
220
221
222
256
257
218
221
217
219
218
219
287
182
183
184
285
287
183
184
282
283
284
286
17
19
183
283
287
18
19
182
183
283
285
286
287
289
290
16
17
18
178
180
182
183
282
284
285
288
289
15
18
19
180
181
183
287
290
15
16
17
18
36
37
178
179
182
288
289
19
38
178
180
181
287
289
18
37
38
39
179
180
289
36
38
179
180
38
178
37
79
80
82
83
78
79
81
83
79
80
83
84
80
81
82
83
85
76
79
80
82
73
79
80
253
254
76
190
192
253
72
75
76
79
179
192
193
195
197
252
71
74
76
78
158
179
180
184
191
192
194
195
196
197
249
250
253
70
71
72
73
74
77
78
79
123
156
158
159
177
179
182
183
184
191
192
195
247
248
250
251
252
253
255
256
71
72
77
78
79
80
81
119
122
156
158
159
177
178
179
181
183
192
247
248
251
253
255
79
177
178
179
180
181
185
240
241
243
246
247
248
249
252
253
255
256
119
121
122
123
125
157
177
178
179
181
182
184
185
186
241
242
244
245
247
249
254
255
120
122
123
124
125
155
156
157
158
176
179
181
183
184
185
237
241
244
245
247
250
251
252
253
254
123
124
126
128
155
156
158
173
176
177
178
179
180
181
186
239
240
241
245
248
250
252
253
254
119
122
123
124
125
129
131
156
157
174
175
176
179
180
181
184
240
241
242
244
249
250
252
254
120
121
122
123
124
125
126
128
129
130
173
174
175
176
180
184
186
240
241
243
245
247
250
252
253
255
259
260
120
123
126
129
133
134
174
175
177
181
182
187
239
240
241
244
245
247
251
252
253
255
258
259
119
120
121
123
124
125
126
129
130
132
133
174
176
181
183
184
240
241
242
244
245
247
248
249
254
255
256
258
259
260
121
122
123
124
125
133
174
176
177
180
182
183
241
242
243
244
246
248
254
258
261
122
125
126
127
129
130
132
176
179
182
184
242
243
245
246
256
257
260
261
262
68
75
123
126
128
130
133
184
242
245
255
257
258
259
68
69
70
71
72
75
76
133
177
179
240
241
243
245
254
256
257
258
261
262
263
70
72
73
74
75
177
180
253
254
255
261
264
68
69
70
71
72
73
74
75
253
254
255
66
67
69
70
72
75
227
252
68
69
71
73
74
78
227
228
68
70
72
78
67
69
71
72
73
74
75
76
69
70
72
75
76
68
69
70
72
73
74
75
76
77
78
69
72
73
74
78
74
75
76
75
76
80
73
74
75
79
93
294
74
76
77
78
80
94
294
74
76
77
78
80
81
94
95
98
101
292
75
76
77
78
80
93
94
97
99
100
101
102
164
244
292
293
53
74
75
76
78
96
97
98
99
100
162
163
246
247
49
52
71
72
73
74
75
76
77
78
79
96
98
99
100
101
161
162
163
164
246
247
248
50
51
74
75
78
98
99
100
101
161
162
246
247
248
293
294
50
73
74
76
77
78
81
83
161
162
244
246
247
249
294
77
78
79
80
81
82
160
243
244
247
249
294
76
77
79
80
81
245
246
248
249
77
78
243
245
247
250
77
78
242
244
245
247
238
242
243
244
245
246
247
248
237
239
241
242
243
247
248
249
238
240
242
244
248
237
244
245
243
244
127
125
126
127
126
127
126
128
127
147
148
149
146
148
150
105
108
147
148
149
106
108
109
110
111
112
113
147
148
149
150
151
153
105
109
110
113
114
115
146
147
108
109
112
113
114
116
107
108
109
110
111
112
113
114
115
116
118
110
113
255
109
110
111
112
113
115
117
122
254
256
109
112
113
114
115
116
117
118
121
122
249
254
52
53
54
107
108
109
111
112
113
115
117
118
248
250
252
253
51
52
55
101
108
109
110
111
112
116
120
248
249
251
252
253
51
52
54
56
57
101
108
110
111
112
116
117
120
249
251
252
253
255
51
53
54
55
57
58
102
109
112
114
115
116
117
118
119
247
248
249
251
252
256
51
53
54
55
56
58
61
102
103
111
115
116
117
118
247
249
253
257
50
53
54
55
56
57
58
59
60
61
99
103
105
110
116
117
118
252
253
254
257
258
53
54
57
58
59
60
100
116
213
218
253
255
272
50
52
53
56
58
59
99
100
101
103
214
217
219
253
254
272
274
275
282
283
27
28
30
50
52
53
59
216
217
219
220
253
254
255
273
274
275
276
277
282
283
285
28
29
30
53
54
58
60
215
216
217
220
254
273
274
275
284
29
53
54
55
216
217
219
220
222
273
283
26
27
29
76
124
213
25
26
29
30
75
76
125
126
127
128
215
216
221
25
27
29
74
75
125
127
214
216
220
221
222
25
26
28
74
75
123
124
125
126
127
128
213
216
220
221
26
27
29
30
31
126
127
128
130
218
222
25
26
27
28
29
31
73
75
76
127
129
132
185
186
212
213
215
216
218
220
221
223
25
26
27
30
31
74
75
126
128
130
131
184
185
186
212
213
214
215
217
222
223
28
29
30
32
75
76
127
128
129
185
187
213
214
215
216
217
219
220
223
224
29
30
31
212
213
214
215
216
218
219
222
223
224
213
214
215
216
217
218
220
221
222
212
215
216
217
218
219
221
213
214
215
216
218
219
220
215
216
217
218
219
220
221
205
210
214
215
217
219
206
207
209
217
207
208
218
206
207
208
209
217
205
206
207
104
205
206
207
208
101
104
107
202
205
206
207
208
209
211
101
102
103
104
105
107
199
201
205
208
209
211
100
101
105
106
200
201
202
203
205
207
209
210
211
105
106
199
201
202
203
204
205
206
104
105
106
107
199
201
202
204
205
206
107
203
204
205
206
208
107
202
208
280
277
281
275
276
277
281
283
284
285
286
287
275
276
277
279
281
282
283
286
288
151
154
246
247
248
275
276
277
280
282
283
284
287
288
152
154
244
245
246
247
275
276
278
279
283
286
152
153
154
156
242
243
246
277
280
281
286
154
156
157
158
160
242
243
244
245
278
279
280
281
282
285
154
155
158
159
160
161
243
244
245
276
277
282
283
152
154
157
158
159
244
245
276
277
280
152
153
156
158
159
160
243
244
245
279
280
43
45
46
155
156
157
158
159
243
244
281
43
45
155
156
281
282
45
156
213
157
158
212
213
214
215
212
213
215
214
47
49
44
45
46
48
44
47
48
49
46
47
49
50
45
47
49
47
48
45
47
48
44
45
46
47
50
46
47
44
47
49
189
190
191
46
190
306
307
308
46
307
308
309
48
49
50
308
309
310
311
313
47
49
50
308
309
312
49
50
309
312
313
45
46
47
48
308
310
45
46
314
315
316
317
44
45
46
314
315
316
320
44
45
312
316
317
318
319
320
44
45
46
313
314
315
316
317
318
319
45
312
313
314
315
316
319
322
313
314
315
321
313
314
315
316
317
314
315
316
318
24
100
101
103
105
106
314
316
317
318
25
26
99
101
102
103
104
105
106
109
110
111
314
24
25
101
102
103
104
105
107
108
109
110
315
24
101
103
104
106
107
108
109
110
180
314
98
100
101
104
106
108
109
110
111
179
97
98
99
101
102
103
104
105
106
108
109
177
179
97
98
99
101
103
104
106
107
108
111
176
177
180
99
100
102
103
104
106
180
181
98
99
100
102
104
105
106
107
109
112
179
180
181
182
97
99
102
103
105
106
107
109
177
179
181
182
183
185
100
105
106
107
108
177
178
181
183
184
180
183
184
10
180
9
11
12
13
8
11
9
12
17
18
8
9
12
13
14
15
16
10
11
12
13
14
15
16
6
11
12
14
15
16
17
21
6
7
11
13
17
18
21
22
6
8
13
14
15
16
18
20
21
22
7
13
14
15
17
18
19
285
286
287
288
7
14
16
17
286
288
8
12
13
15
16
283
284
285
287