255
256
259
260
261
255
259
260
118
252
253
254
257
118
253
254
255
257
258
260
261
118
253
254
255
258
259
260
118
119
251
254
255
258
259
119
120
250
251
253
254
255
260
327
252
253
254
255
256
257
258
260
327
329
330
252
253
255
256
259
260
261
327
329
330
45
251
253
254
256
261
327
328
329
330
45
252
255
257
258
262
327
328
329
330
44
45
46
70
253
255
260
261
262
319
321
325
326
328
329
45
71
72
251
254
256
258
259
260
261
319
320
321
322
323
326
327
328
71
72
255
256
259
260
261
262
320
321
322
323
324
69
70
71
72
256
320
321
322
323
325
326
328
65
66
67
69
70
72
253
255
321
322
323
324
325
327
32
63
64
66
68
73
253
254
255
258
324
326
329
330
30
32
33
34
63
64
66
73
250
251
252
254
256
258
259
329
330
30
32
33
34
35
62
64
65
66
69
74
76
77
250
251
252
253
254
257
258
61
63
65
66
67
68
69
75
76
77
78
249
250
252
256
257
258
30
60
61
62
64
66
74
75
76
77
78
249
250
251
252
254
256
257
258
259
60
62
63
74
75
76
77
78
248
249
250
251
253
255
256
257
258
62
63
64
65
67
246
247
248
251
253
254
255
256
257
64
65
66
70
71
72
248
251
252
253
254
256
65
76
77
248
250
251
256
63
75
76
251
252
78
253
254
137
252
255
256
136
138
140
136
139
6
137
138
139
140
141
6
7
141
5
8
9
5
7
8
9
5
6
7
8
9
10
3
4
5
6
7
8
9
10
89
90
3
4
5
6
8
9
11
12
78
83
84
87
89
91
3
4
9
78
83
86
87
88
89
90
204
7
9
79
80
82
83
85
87
88
89
90
204
205
77
80
81
82
83
84
85
87
88
91
201
203
204
205
7
8
9
75
77
78
80
81
85
86
87
88
89
201
6
8
12
13
76
77
78
86
87
88
201
202
203
204
4
7
9
10
11
12
13
77
78
80
81
82
83
84
86
139
201
203
204
4
5
6
7
8
9
11
12
77
78
79
80
81
82
83
85
86
90
137
138
139
140
7
8
76
78
80
82
83
85
86
89
90
3
5
6
7
80
81
82
83
84
86
89
136
137
138
3
4
5
6
7
80
81
90
137
2
5
6
7
8
79
81
83
84
85
3
4
5
6
80
81
82
83
84
85
86
87
88
2
5
6
7
80
81
83
85
86
87
0
1
2
5
80
82
84
85
213
0
2
3
5
22
214
19
84
212
214
18
19
20
21
23
24
212
213
215
221
223
225
19
20
21
22
23
24
210
212
214
218
219
220
222
224
225
226
18
19
21
23
24
211
212
214
219
220
221
222
223
224
225
211
215
219
220
221
222
223
225
282
298
301
302
221
222
225
226
280
282
298
299
302
220
221
222
223
224
280
281
283
300
301
131
220
221
222
224
281
283
298
299
301
131
298
129
130
280
281
282
25
129
281
128
129
24
25
26
28
29
31
122
129
131
24
28
29
32
33
121
128
27
28
29
32
33
34
116
119
124
128
149
31
35
119
122
123
126
127
128
147
148
117
118
123
125
127
128
129
147
148
214
216
117
118
119
120
121
122
123
124
125
126
127
128
130
131
215
106
107
117
118
119
121
122
123
128
129
131
106
107
109
117
120
122
123
125
109
110
119
121
123
124
125
127
128
129
107
110
119
120
121
123
124
126
127
106
107
110
119
120
122
126
127
239
321
325
106
108
118
121
123
126
322
323
324
326
120
121
122
124
125
240
241
319
321
322
324
325
326
327
328
331
124
240
316
320
321
322
325
326
327
329
331
239
240
241
316
317
319
320
322
323
324
326
327
328
329
330
331
239
321
322
324
325
326
327
328
329
330
221
239
317
318
322
323
325
327
328
329
330
332
220
316
318
322
324
325
327
328
329
6
7
219
220
316
318
319
323
327
328
331
3
6
7
8
214
219
239
311
312
313
315
316
318
321
322
323
327
329
332
0
2
4
5
6
7
8
213
214
215
216
218
238
239
240
242
310
311
314
323
327
330
0
1
2
4
5
6
9
214
215
219
220
238
239
240
242
310
312
321
322
326
328
329
330
331
332
2
5
6
7
9
213
218
219
237
239
241
242
243
309
310
311
312
313
321
326
327
329
330
5
6
7
94
95
96
97
99
100
213
214
215
217
218
219
234
235
236
237
238
242
309
310
313
314
316
319
320
322
323
324
327
328
329
330
332
4
6
7
94
95
96
99
100
213
214
215
234
235
236
238
309
310
311
314
315
320
323
324
325
327
328
329
330
332
333
4
5
6
7
8
94
95
99
211
212
213
214
215
220
237
321
322
324
326
327
328
329
331
6
9
93
94
95
96
97
98
99
213
214
215
216
219
232
234
237
238
311
312
313
315
324
326
327
328
94
95
99
100
101
215
219
221
228
233
236
237
239
253
310
312
314
315
316
317
329
92
93
94
96
97
98
100
101
102
228
232
235
237
238
239
240
253
254
311
312
314
316
317
330
331
93
96
97
98
99
101
102
230
231
233
238
311
312
315
317
327
328
329
332
93
94
96
98
99
101
102
209
231
233
234
235
236
237
312
314
316
333
91
92
93
94
95
96
97
98
99
100
101
206
208
236
237
93
94
95
96
97
98
99
100
101
102
206
209
233
93
94
98
99
102
96
97
98
99
97
251
251
254
251
252
253
255
257
150
253
254
255
256
257
279
128
129
130
145
148
149
252
253
255
256
279
280
128
129
146
147
148
254
255
279
282
283
128
130
131
132
148
255
278
280
281
282
283
129
142
145
146
148
253
254
255
281
282
129
137
139
140
143
144
147
148
281
130
131
133
137
138
139
140
143
144
145
146
147
278
279
281
282
131
133
134
139
140
141
145
146
147
277
281
282
129
130
131
133
136
137
138
139
140
141
146
278
280
282
128
130
132
133
134
136
139
141
145
278
279
280
281
130
133
136
137
138
140
141
142
143
145
277
278
279
280
281
282
133
139
140
141
142
143
144
145
273
277
278
279
132
138
139
140
142
143
253
256
259
273
278
279
280
281
131
132
133
140
142
143
144
254
255
256
257
259
260
274
275
276
280
281
282
130
134
135
136
143
145
255
256
257
274
276
28
30
113
129
130
131
133
134
143
255
256
258
273
275
29
30
113
114
133
142
143
144
254
255
256
258
259
262
264
274
276
277
30
112
114
143
144
258
259
262
263
264
29
30
31
142
143
144
145
146
147
255
258
259
260
261
263
264
266
30
31
142
146
254
255
256
257
259
260
261
262
263
264
265
267
30
144
145
146
147
148
150
253
255
256
257
258
259
260
261
262
263
264
265
266
268
29
145
147
148
150
253
254
255
256
257
258
259
261
262
264
265
266
268
269
146
150
258
259
260
264
265
267
268
269
271
272
256
257
258
259
262
264
266
268
269
270
37
258
265
266
267
268
269
270
38
263
265
268
39
41
44
267
284
40
41
42
43
284
40
284
280
283
285
287
289
192
280
281
282
284
285
286
288
193
195
275
279
280
282
284
285
286
288
194
195
280
281
283
285
286
287
288
289
193
195
276
277
278
279
281
282
285
289
290
194
273
276
277
278
279
281
284
273
275
277
278
282
284
274
278
280
281
283
284
285
132
282
283
284
285
132
281
283
284
280
283
285
132
280
281
283
284
130
131
280
282
283
132
127
130
132
133
127
128
131
132
133
134
128
129
130
131
134
129
135
116
136
116
117
118
180
97
98
117
118
181
98
157
180
181
185
186
274
275
118
120
156
157
158
180
182
183
184
185
187
271
273
274
276
117
118
119
156
158
181
182
183
184
185
186
273
274
275
276
12
116
119
158
180
185
186
272
273
274
13
117
156
157
175
182
184
186
187
273
274
275
13
14
116
156
176
177
178
182
184
272
273
12
13
14
175
176
177
178
179
180
184
187
272
273
276
277
15
177
179
181
183
184
185
271
276
11
12
14
15
176
177
178
179
180
182
185
233
235
276
12
176
178
180
181
183
232
234
235
177
178
179
181
182
183
184
232
233
234
11
12
171
178
183
184
188
189
190
233
170
171
172
173
174
175
177
178
182
184
185
186
187
188
189
190
191
192
233
167
169
171
174
175
176
177
179
180
181
182
185
186
187
189
190
191
166
167
168
169
170
171
172
173
174
180
181
186
189
190
191
192
167
169
170
172
173
174
176
180
186
191
192
193
171
173
179
180
189
192
319
170
171
172
173
187
189
192
193
320
322
169
170
171
172
173
189
192
319
320
172
312
319
320
321
308
312
320
321
309
311
320
224
229
230
231
232
233
234
308
310
312
225
226
228
229
230
232
233
296
297
298
308
309
310
311
177
180
226
227
230
232
298
304
307
309
310
313
177
226
227
228
229
230
231
233
300
301
303
304
309
310
313
314
174
179
180
223
225
226
227
228
230
231
232
235
300
301
302
303
304
306
309
312
313
316
173
174
179
180
223
224
225
226
229
230
231
232
234
300
302
303
304
305
306
307
308
309
310
311
313
177
180
224
225
227
228
229
230
231
299
301
302
304
305
306
307
308
309
310
180
181
225
226
229
230
231
232
292
299
300
303
304
305
306
307
308
312
180
223
225
226
228
229
231
232
234
290
291
293
296
299
300
301
302
303
308
225
229
230
231
233
234
236
292
293
295
296
297
298
302
306
307
71
72
120
228
229
230
231
232
234
293
294
296
297
301
306
70
71
72
116
117
118
211
213
228
229
233
235
292
293
294
295
297
298
299
300
301
305
70
71
109
116
210
212
214
228
230
293
295
297
299
300
302
303
305
306
27
28
29
71
117
118
119
214
229
295
297
298
299
300
301
302
303
305
306
27
28
107
117
119
120
215
296
299
300
301
304
27
28
29
30
31
106
107
108
109
117
118
119
120
121
299
304
27
28
29
30
31
107
108
109
111
112
117
118
119
121
122
299
302
27
28
29
30
31
109
110
112
113
120
122
27
28
29
31
32
33
34
119
120
267
268
272
30
31
32
34
35
267
269
271
29
31
34
35
36
268
269
270
271
272
30
271
272
273
268
269
270
271
272
283
268
269
270
271
283
284
267
268
271
272
281
284
285
268
277
278
283
285
212
279
283
211
212
279
281
283
287
288
280
283
287
288
289
211
283
285
286
287
288
287
288
197
208
209
210
195
196
197
208
209
210
211
215
216
253
208
209
210
213
215
216
253
207
210
215
216
251
252
254
206
208
211
214
215
216
220
222
250
251
253
255
207
209
210
211
212
213
215
216
217
220
221
222
251
252
253
255
256
48
51
207
208
209
211
212
214
217
256
47
48
50
51
208
210
211
212
213
6
50
51
52
53
54
207
209
212
213
215
5
48
50
51
52
54
55
210
213
214
215
6
7
52
53
212
214
7
49
51
52
53
212
7
49
50
53
54
56
51
53
50
51
52
53
54
55
56
57
49
50
51
56
57
233
234
49
50
233
299
172
232
233
298
299
303
304
171
173
230
233
296
297
298
299
300
301
302
304
166
170
171
172
232
233
234
295
296
297
298
299
301
302
304
305
166
170
171
172
230
231
233
234
295
296
297
298
302
304
305
306
168
169
171
173
233
234
295
297
301
302
305
172
173
234
235
236
295
297
298
299
300
303
21
22
23
173
279
280
281
295
296
297
298
299
300
302
303
21
22
23
24
172
173
174
175
236
237
281
282
296
297
301
302
304
309
21
169
171
175
235
237
282
284
297
298
300
301
302
304
305
308
23
169
283
297
298
301
304
305
306
307
308
309
135
136
137
138
296
297
299
300
301
304
305
135
136
137
138
167
168
171
226
298
301
303
304
305
306
308
310
136
137
138
168
169
170
171
172
227
229
300
301
306
5
6
134
135
136
138
168
169
170
171
172
226
227
229
302
305
306
1
3
5
136
138
168
169
171
225
226
227
238
0
1
2
4
5
136
137
138
169
224
225
226
227
228
229
230
237
0
1
3
5
137
226
228
229
230
231
232
234
236
302
0
1
226
227
228
229
231
232
233
234
235
236
237
239
301
0
3
227
228
229
230
233
236
237
238
239
240
300
1
2
225
229
230
232
236
240
300
303
304
1
225
227
228
230
231
232
233
234
236
242
300
302
303
1
4
5
223
226
227
231
232
233
234
235
239
240
241
242
302
3
5
6
34
35
38
224
226
228
232
233
239
240
300
2
3
5
31
33
35
36
37
38
233
234
238
242
299
2
4
5
31
32
33
35
36
37
38
232
234
235
236
237
238
239
240
241
242
1
2
32
33
35
36
37
38
110
111
113
214
234
235
237
238
239
240
241
2
31
32
36
37
111
184
214
215
232
233
234
235
237
238
35
36
40
101
102
110
111
112
113
186
214
215
216
217
230
231
238
34
38
39
40
100
103
104
110
112
113
185
186
187
191
192
212
215
216
217
218
234
38
39
40
101
102
103
104
184
186
187
188
191
192
193
211
212
213
214
234
236
35
36
37
38
39
40
41
99
100
101
102
103
106
184
185
187
188
190
191
192
194
213
34
35
36
38
40
41
98
99
101
102
105
106
107
185
186
187
192
202
203
205
215
34
38
39
102
103
107
186
187
189
190
192
193
204
207
208
34
37
40
100
107
109
114
119
187
191
193
195
196
198
204
205
208
100
102
103
104
106
107
111
112
114
115
118
119
188
191
192
193
194
195
196
197
204
205
100
102
106
108
109
110
111
114
115
118
188
192
193
194
196
198
205
206
240
241
102
103
104
105
106
107
108
109
110
111
112
116
117
118
187
188
189
191
193
197
240
241
103
106
107
108
110
111
113
115
117
118
188
191
192
194
200
201
203
244
245
247
103
104
106
107
108
111
113
188
190
192
201
202
204
205
246
103
104
105
106
107
108
109
110
116
201
242
104
105
106
117
200
201
243
191
190
191
192
192
25
27
24
26
27
325
238
325
326
237
238
239
241
325
327
329
330
52
239
240
243
244
245
327
328
329
52
110
112
113
114
237
239
245
320
323
326
327
329
330
331
54
109
110
112
234
237
238
240
241
320
321
324
326
327
328
331
332
53
54
109
111
112
235
236
237
240
242
322
329
331
53
54
235
236
238
240
241
320
325
326
327
328
329
330
331
332
53
54
55
56
236
237
238
239
240
241
321
322
323
325
327
329
330
331
332
50
54
55
235
236
238
239
241
325
329
330
331
50
51
54
328
54
67
68
66
67
129
128
130
127
128
129
126
127
129
127
130
305
306
307
129
305
306
307
304
305
306
60
63
65
61
62
63
64
65
320
322
59
60
61
62
63
64
66
67
320
321
322
323
59
60
61
62
63
66
67
316
318
319
320
322
323
59
60
61
62
63
64
65
67
68
316
319
321
60
61
63
65
68
69
317
320
322
326
37
38
39
59
60
62
63
65
293
325
326
327
35
36
37
291
292
293
294
295
305
310
325
326
34
37
38
53
64
293
294
295
297
298
305
307
308
309
322
324
326
327
328
329
38
54
63
64
290
292
293
294
296
297
298
301
302
303
304
305
306
307
308
309
322
323
324
325
327
328
329
331
33
34
35
53
54
289
290
291
292
293
294
295
296
297
298
299
300
303
304
305
307
310
321
322
323
324
325
326
327
329
330
29
33
34
281
288
289
290
291
292
293
294
296
297
298
299
300
304
305
306
311
321
322
323
325
326
328
25
26
28
32
33
36
52
53
54
281
282
285
290
291
292
293
294
295
296
298
300
303
304
305
320
321
324
326
327
328
331
28
29
33
34
35
51
52
281
283
284
285
286
287
289
290
291
293
294
295
296
298
300
301
302
321
322
323
324
325
326
327
328
329
332
21
23
24
27
28
29
30
282
284
285
286
287
288
291
292
295
301
324
325
327
328
330
22
28
29
30
281
282
283
284
285
286
291
292
293
324
326
327
329
330
331
28
30
280
283
292
293
321
325
326
327
328
330
332
29
280
281
323
326
328
329
330
331
280
328
329
330
331
332
326
327
328
329
331
332
323
324
330
322
323
332