288
288
289
290
288
289
290
291
287
288
289
290
294
288
290
295
296
182
183
179
183
184
180
182
183
18
19
20
21
180
181
183
17
18
19
49
50
181
182
184
18
19
48
50
82
179
180
181
182
18
19
50
79
81
82
180
78
79
80
81
82
83
178
179
180
80
81
82
83
87
90
179
180
75
76
77
78
80
82
83
86
89
90
178
179
75
76
77
78
79
80
81
82
86
87
88
91
180
278
280
300
301
72
74
76
77
79
82
83
84
85
88
91
203
204
274
276
277
279
300
301
302
72
73
74
76
77
79
81
82
83
87
88
89
90
203
204
205
229
275
276
277
278
298
299
300
301
72
73
74
75
77
78
79
80
81
83
84
85
88
89
90
92
205
229
230
231
274
275
277
299
300
71
73
74
75
76
80
81
82
83
85
92
227
228
232
299
300
301
303
73
75
79
80
82
83
84
85
86
226
228
230
231
232
233
298
300
301
302
74
75
78
82
83
84
85
230
231
232
233
299
302
303
78
79
80
81
82
83
230
232
234
302
303
75
77
78
79
80
81
82
83
84
85
88
79
80
81
83
84
85
87
230
231
78
79
80
81
82
83
84
85
86
87
88
89
176
178
231
77
78
79
80
82
83
85
171
172
173
175
176
77
78
79
82
84
85
86
89
174
177
232
233
79
80
81
82
83
84
85
88
89
168
169
172
176
178
80
81
85
86
87
91
170
171
206
207
298
86
87
88
91
170
205
208
298
300
301
302
85
86
88
90
91
171
204
205
206
207
208
299
301
302
306
85
86
87
88
89
90
91
202
204
205
206
208
209
296
298
299
302
303
304
305
306
87
89
90
202
203
204
207
208
209
211
213
299
300
302
303
304
305
307
86
87
198
199
200
201
202
208
210
211
214
299
300
302
303
89
183
184
198
200
202
203
204
205
206
207
210
211
298
300
302
303
304
88
89
90
181
183
200
202
203
205
206
209
210
211
212
298
299
300
302
303
304
181
197
204
209
210
298
299
301
303
183
185
187
188
209
269
270
298
299
303
304
184
188
267
269
270
276
184
185
187
267
268
271
275
183
186
187
266
268
269
272
273
274
276
180
181
188
265
266
267
268
269
270
273
180
181
182
263
267
268
269
270
272
181
182
222
223
224
264
266
267
268
269
270
271
273
274
182
224
266
268
269
272
273
225
226
230
266
267
268
270
271
272
273
224
226
227
264
265
268
271
273
196
198
226
227
228
229
230
244
264
265
268
269
270
123
124
176
195
224
229
230
244
245
246
123
174
175
224
244
245
227
228
229
230
244
230
243
189
187
188
189
186
187
189
186
187
188
189
186
190
192
14
16
18
127
184
185
186
191
192
14
15
18
20
124
126
187
189
190
12
13
16
17
20
42
45
123
124
125
186
189
191
192
15
16
17
18
29
31
41
44
45
46
47
120
123
124
125
126
128
129
187
189
191
15
16
28
29
30
43
45
46
49
50
121
123
124
125
126
127
129
187
188
29
30
31
32
43
45
46
48
121
123
124
126
213
216
26
28
29
30
31
44
45
123
124
125
127
213
214
218
26
27
28
30
31
32
34
37
38
42
45
47
48
49
123
125
126
127
129
213
214
215
217
218
219
26
27
28
31
33
34
44
48
124
125
126
128
129
214
215
216
217
218
27
30
31
33
34
37
125
126
130
212
213
216
219
27
28
30
32
33
35
38
129
216
217
218
219
220
315
27
28
29
30
33
35
36
37
213
217
221
318
28
31
32
33
34
36
213
214
215
216
217
218
219
220
221
222
223
315
316
317
27
28
29
32
33
213
214
215
217
218
221
222
224
314
317
321
322
27
28
31
212
214
215
217
220
222
223
313
316
321
323
324
28
29
30
31
63
218
221
310
311
312
314
315
318
319
322
323
26
27
28
29
31
59
60
64
310
313
316
317
319
320
321
27
29
30
31
58
59
60
62
63
64
65
309
311
316
318
319
320
322
323
25
30
32
57
58
59
61
62
63
64
65
310
319
320
321
322
323
26
27
31
33
58
59
60
61
65
310
311
321
322
323
25
26
27
30
58
60
62
63
67
25
29
57
59
60
62
63
58
59
60
61
64
65
66
57
58
59
60
64
66
62
63
65
68
58
59
60
61
62
63
64
52
53
54
58
60
61
62
64
65
54
60
61
170
53
54
55
59
171
259
54
55
171
259
260
257
258
259
259
260
259
260
327
328
326
327
325
237
318
323
326
328
39
40
237
238
319
321
323
324
328
329
39
42
43
202
237
240
320
324
325
327
41
203
237
238
239
240
319
320
321
322
324
326
327
329
330
41
42
203
320
321
323
324
325
329
330
41
201
202
204
239
324
325
328
329
330
332
60
202
204
209
238
320
321
322
323
324
325
326
333
0
2
60
199
201
202
204
205
207
208
210
322
323
324
0
2
3
60
61
62
127
128
198
200
201
202
204
205
207
208
209
323
1
2
3
59
61
128
129
130
198
199
202
203
205
207
209
0
2
59
60
130
136
199
201
202
203
204
205
208
3
59
62
125
127
128
129
130
131
132
135
136
166
199
200
201
202
204
207
209
2
3
59
60
61
125
126
127
129
131
133
134
135
136
201
209
308
311
312
60
61
125
126
127
128
131
132
133
135
136
141
167
200
203
208
209
309
312
60
125
126
127
128
129
130
131
132
133
134
135
137
138
140
166
167
209
309
310
311
129
130
131
132
133
137
138
139
207
208
209
210
308
309
314
131
132
134
136
205
206
208
210
308
309
312
313
314
132
133
134
209
306
309
310
311
312
313
314
132
307
308
309
310
311
314
134
310
311
312
309
310
313
308
310
307
184
185
186
308
309
184
185
308
309
271
272
273
307
309
271
272
3
185
270
271
272
275
1
2
135
184
185
268
273
275
0
1
134
183
268
269
270
271
274
0
1
135
270
271
273
274
1
133
134
269
270
273
270
270
183
183
183
224
29
221
224
225
226
28
29
220
221
224
226
28
219
220
223
224
225
259
26
27
28
29
30
31
32
33
218
220
221
222
224
27
28
29
30
31
32
34
221
224
226
227
261
262
265
266
267
27
29
31
32
33
219
222
224
225
227
260
265
266
267
269
28
31
224
264
265
267
269
27
28
264
265
26
27
28
266
25
27
28
265
266
96
97
96
98
292
140
141
146
147
293
136
139
140
146
294
137
139
140
141
142
143
145
146
136
139
140
141
142
143
144
145
138
141
143
144
145
146
147
139
142
143
147
288
289
141
287
289
140
285
287
289
290
286
287
289
290
291
292
284
286
287
288
289
290
291
292
152
285
286
287
291
292
151
152
289
291
146
148
150
152
153
147
148
149
151
153
288
289
294
147
149
150
151
153
283
287
289
291
293
295
148
150
154
285
286
289
293
294
147
285
286
288
289
290
291
293
294
79
148
149
283
285
286
289
291
292
77
281
282
283
284
285
286
287
289
290
295
77
282
283
284
285
286
288
289
290
293
295
296
297
74
75
78
88
285
287
290
291
293
297
75
76
77
78
79
80
81
284
285
286
291
292
295
76
80
82
88
89
275
278
286
287
288
294
295
296
75
77
78
80
276
277
287
288
289
293
294
295
296
77
79
81
82
275
276
288
289
295
78
79
80
276
277
279
290
77
79
274
275
279
280
38
39
40
41
273
275
278
279
280
38
39
40
42
279
39
41
238
278
279
39
237
238
240
255
256
258
254
255
256
258
259
139
140
255
258
259
260
140
254
255
258
259
260
262
279
281
142
194
255
256
257
258
260
261
280
281
284
140
141
142
194
254
256
257
258
259
261
262
279
280
281
282
283
285
297
140
142
143
195
255
256
257
258
279
280
282
285
295
141
142
194
255
257
258
259
276
277
280
283
284
285
296
297
298
299
193
194
195
260
261
275
277
278
279
280
281
282
283
294
295
296
298
299
191
193
194
195
196
258
262
263
278
279
280
281
282
295
298
309
310
312
192
193
195
196
255
256
258
259
260
261
279
281
282
295
296
297
298
310
311
37
189
193
195
254
281
282
296
299
300
301
310
311
312
315
36
189
190
191
193
195
253
254
255
262
279
280
282
283
296
297
298
299
300
311
312
313
314
7
8
36
37
38
39
42
188
191
192
196
197
251
252
253
254
256
281
283
295
296
297
299
312
6
7
8
9
35
36
37
39
41
42
43
188
190
194
195
196
197
250
251
252
255
256
257
258
259
297
6
7
8
35
37
38
40
42
190
197
250
251
252
253
255
256
257
258
298
8
9
10
38
39
40
42
190
251
252
253
254
255
256
257
258
311
312
7
8
9
40
41
204
205
251
255
256
257
258
307
309
310
10
36
37
38
48
50
204
253
254
255
258
307
309
310
312
313
314
36
48
49
50
203
204
254
255
256
257
311
312
313
314
48
52
252
253
254
255
310
311
314
51
52
53
249
251
252
253
254
256
311
51
52
53
253
49
51
52
53
54
254
50
51
52
53
54
55
56
48
55
47
48
49
52
53
48
49
50
51
52
53
54
48
49
51
48
49
50
51
52
48
49
51
47
262
262
261
263
261
262
158
160
157
158
159
97
101
102
159
160
162
93
95
97
98
99
158
160
161
162
91
95
97
99
100
101
159
94
96
97
100
101
159
93
94
95
97
98
99
100
101
102
103
157
158
272
65
91
94
95
98
100
101
157
158
273
274
275
62
64
97
101
159
271
274
275
62
63
64
93
96
97
98
101
271
272
273
93
95
269
270
272
276
61
62
213
214
268
269
270
271
272
273
274
61
62
211
212
213
266
267
268
270
274
58
59
60
211
212
213
215
246
267
273
275
59
212
213
214
216
247
248
249
268
273
274
276
60
61
212
213
247
249
250
268
269
271
272
274
275
214
247
249
270
271
272
249
269
270
272
273
295
269
270
271
294
295
298
272
273
296
297
298
272
273
274
275
294
295
274
275
274
21
22
23
24
23
24
316
315
316
317
315
315
316
317
318
313
314
315
316
318
314
315
316
315
92
92
89
94
104
107
108
225
87
88
90
94
95
104
146
150
151
152
220
223
224
225
311
92
93
96
98
102
103
104
107
144
148
149
150
152
153
222
311
312
89
92
94
97
102
104
106
146
149
150
153
154
155
221
224
290
326
90
91
92
93
94
106
146
147
149
150
151
153
154
155
157
158
159
160
220
221
222
223
225
226
227
228
229
291
326
327
328
89
90
91
95
105
146
147
148
149
150
153
155
157
158
220
223
224
225
226
227
228
232
238
290
331
16
89
90
91
145
146
150
151
152
224
232
233
238
325
328
329
330
331
332
14
15
149
150
151
152
153
160
161
162
221
224
225
226
227
228
230
231
232
233
234
235
237
238
328
329
332
15
149
150
151
152
159
160
162
222
223
225
226
227
229
230
231
232
233
236
237
238
262
264
324
330
331
332
152
160
161
162
223
224
227
228
232
233
236
261
263
265
266
321
324
325
326
327
328
330
332
333
13
16
17
18
21
22
160
163
222
225
226
227
229
230
233
235
261
262
264
322
324
325
326
328
329
330
333
13
14
15
16
17
20
163
200
202
225
226
228
233
234
235
264
265
266
276
278
279
284
327
329
330
331
332
14
17
18
20
200
201
206
228
229
230
234
236
261
263
264
265
266
276
277
278
279
281
283
284
287
288
323
324
327
328
329
331
332
333
206
231
232
235
236
261
263
264
265
266
277
278
279
281
282
283
284
285
289
324
328
330
331
201
202
203
207
208
230
263
265
278
281
285
286
287
324
325
329
330
206
207
209
210
234
235
275
277
280
282
283
284
285
329
330
203
210
234
235
241
242
274
275
276
277
278
279
280
281
283
284
285
202
203
204
208
209
233
234
237
240
241
275
276
277
278
280
281
283
284
204
205
210
227
235
236
239
240
278
279
280
281
282
288
204
227
228
232
234
235
240
241
277
281
282
285
287
121
226
227
228
235
236
238
239
240
241
242
275
276
277
278
285
286
287
27
30
122
123
124
225
228
230
232
234
235
237
238
239
240
241
276
277
278
279
280
281
282
286
27
28
124
126
226
227
230
231
233
235
236
238
239
275
276
278
279
281
282
283
285
286
23
24
27
122
125
226
227
228
233
235
236
238
239
242
281
282
283
285
321
24
27
226
229
230
234
238
240
241
242
243
278
279
280
282
283
284
320
24
25
26
229
230
231
232
233
235
236
241
242
279
280
281
320
25
26
28
30
229
230
232
233
234
235
237
278
281
283
23
24
25
26
29
233
234
235
236
278
281
282
283
319
320
322
23
24
25
26
27
28
228
230
233
234
235
236
281
282
283
320
321
23
24
25
218
220
222
232
233
235
236
281
282
321
322
24
25
218
219
220
221
226
235
236
237
281
282
24
160
161
217
218
219
220
224
225
226
227
234
235
236
281
161
162
218
221
223
226
227
228
233
160
161
220
221
222
223
224
225
226
227
235
236
238
164
165
205
207
210
220
222
223
224
225
235
260
160
161
162
163
164
165
203
206
210
211
221
260
261
262
264
160
163
165
166
203
204
205
206
207
208
211
220
224
225
226
261
262
264
162
163
165
167
205
206
210
211
212
213
224
161
162
164
165
202
203
204
205
207
208
209
210
211
212
213
214
162
163
164
166
167
201
202
203
204
205
207
208
210
212
213
214
215
163
164
167
168
169
200
201
202
203
208
209
210
211
213
163
164
166
168
169
199
208
210
211
298
162
163
169
209
210
299
162
166
170
297
299
300
97
103
104
296
297
298
300
98
103
104
106
294
300
301
302
303
97
98
99
100
103
105
106
113
294
295
296
298
299
300
301
302
303
304
99
100
101
103
104
106
109
110
112
293
294
297
298
299
300
302
305
306
102
104
108
110
293
298
299
300
301
302
304
306
100
101
104
105
292
293
294
301
302
304
307
101
102
103
104
292
295
296