230
231
232
22
23
24
228
229
230
231
232
233
234
22
23
24
227
228
229
230
231
232
233
234
22
23
24
25
26
126
127
128
227
228
229
230
231
232
233
234
22
23
24
25
26
27
125
126
127
128
129
130
208
209
210
227
228
229
230
231
232
233
234
24
25
26
27
30
31
32
33
34
35
125
126
127
128
129
130
207
208
209
210
228
229
230
231
232
233
25
26
27
29
30
31
32
33
34
35
125
126
127
128
129
130
131
207
208
209
210
228
229
230
231
232
233
29
30
31
32
33
34
35
36
37
124
125
126
127
128
129
130
131
207
208
209
210
229
230
231
232
233
29
30
31
32
33
34
35
36
37
123
124
125
126
127
128
129
130
131
207
208
209
210
229
230
231
232
33
34
35
36
37
123
124
125
126
127
128
129
130
131
207
208
209
230
231
232
34
35
36
37
38
123
124
125
126
127
128
129
130
131
174
175
176
177
178
179
180
34
35
36
37
38
75
76
77
163
164
165
166
174
175
176
177
178
179
180
36
37
38
74
75
76
77
133
134
135
151
152
153
162
163
164
165
166
167
174
175
176
177
178
179
180
69
70
71
74
75
76
77
133
134
135
150
151
152
153
162
163
164
165
166
167
174
175
176
177
178
179
21
22
23
69
70
71
72
74
75
76
77
133
134
135
150
151
152
153
162
163
164
165
166
167
168
169
174
175
176
177
290
291
292
20
21
22
23
24
69
70
71
72
73
74
75
76
77
78
79
133
134
135
150
151
152
153
162
163
164
165
166
167
168
169
174
175
176
290
291
292
293
305
306
307
310
311
312
20
21
22
23
24
25
54
55
56
58
59
60
69
70
71
72
73
74
75
76
77
78
79
133
134
135
162
163
164
165
166
167
168
169
290
291
292
293
294
295
296
297
305
306
307
308
309
310
311
312
20
21
22
23
24
25
26
54
55
56
57
58
59
60
69
70
71
72
73
74
75
76
77
78
79
162
163
164
165
166
167
168
169
290
291
292
293
294
295
296
297
305
306
307
308
309
310
311
312
20
21
22
23
24
25
26
54
55
56
57
58
59
60
69
70
71
72
73
74
75
76
77
78
166
167
168
290
291
292
293
294
295
296
297
305
306
307
308
309
310
311
312
20
21
22
23
24
25
26
27
51
52
53
55
56
57
58
59
69
70
71
72
73
74
75
76
77
78
166
167
168
169
211
212
213
291
292
293
294
295
296
297
305
306
307
308
309
310
311
312
20
21
22
23
24
25
26
27
51
52
53
54
55
56
57
69
70
71
72
73
74
75
76
77
78
114
115
116
117
166
167
168
169
210
211
212
213
306
307
308
309
310
311
312
21
22
23
24
25
26
27
51
52
53
54
55
56
69
70
71
72
73
74
75
76
77
78
114
115
116
117
166
167
168
169
209
210
211
212
213
302
303
304
305
306
307
308
309
21
22
23
24
25
26
27
53
54
55
56
57
69
70
71
75
76
77
78
79
114
115
116
117
167
168
169
209
210
211
212
213
302
303
304
305
306
307
308
309
310
311
312
313
25
26
27
53
54
55
56
57
77
78
79
114
115
116
117
118
119
120
121
169
170
171
209
210
211
212
213
302
303
304
305
306
307
308
309
310
311
312
313
54
55
56
57
77
78
79
114
115
116
117
118
119
120
121
122
123
169
170
171
235
236
237
302
303
304
305
306
307
308
309
310
311
312
313
54
55
56
115
116
117
118
119
120
121
122
123
167
168
169
170
171
192
193
194
195
198
199
200
235
236
237
304
305
306
307
308
309
310
311
115
116
117
118
119
120
121
122
123
131
132
133
134
167
168
169
170
171
192
193
194
195
196
197
198
199
200
232
233
234
235
236
237
238
296
297
298
299
304
305
306
307
115
116
117
118
119
120
121
122
131
132
133
134
167
168
169
170
171
192
193
194
195
196
197
198
199
200
232
233
234
235
236
237
238
260
261
262
263
264
295
296
297
298
299
115
116
117
118
119
120
121
131
132
133
134
168
169
170
192
193
194
195
196
197
198
232
233
234
235
236
237
238
260
261
262
263
264
295
296
297
298
299
113
114
115
116
117
118
119
120
121
132
133
134
135
168
169
170
192
193
194
195
196
197
198
233
234
235
236
237
260
261
262
263
264
295
296
297
298
299
300
301
113
114
115
116
117
118
119
131
132
133
134
135
192
193
194
195
196
197
235
236
237
262
263
264
299
300
301
26
27
28
113
114
115
117
118
119
131
132
133
134
135
136
137
138
139
191
192
193
194
195
196
299
300
301
302
303
23
24
25
26
27
28
131
132
133
134
135
136
137
138
139
191
192
193
194
301
302
303
23
24
25
26
27
28
29
132
133
134
135
136
137
138
139
191
192
193
194
195
196
197
198
300
301
302
303
304
23
24
25
26
27
28
29
133
134
135
136
137
192
193
194
195
196
197
198
199
298
299
300
301
302
303
304
25
26
27
28
29
133
134
135
136
142
143
144
193
194
195
196
197
198
199
298
299
300
301
302
303
304
27
28
29
138
139
140
141
142
143
144
196
197
198
199
298
299
300
301
302
303
136
137
138
139
140
141
142
143
144
224
225
226
298
299
300
135
136
137
138
139
140
141
142
143
144
224
225
226
227
228
229
230
135
136
137
138
139
140
141
142
143
144
224
225
226
227
228
229
230
134
135
136
137
138
139
140
141
223
224
225
226
227
228
229
230
134
135
136
137
138
139
140
141
160
161
162
163
164
208
209
210
212
213
214
223
224
225
226
227
228
132
133
134
135
136
137
138
139
140
141
142
143
146
147
148
149
150
159
160
161
162
163
164
208
209
210
211
212
213
214
223
224
225
226
227
228
229
12
13
14
18
19
20
132
133
134
135
136
137
138
139
140
141
142
143
146
147
148
149
150
151
159
160
161
162
163
164
190
191
192
193
194
208
209
210
211
212
213
214
224
225
226
227
228
229
12
13
14
15
18
19
20
21
132
133
134
135
136
141
142
143
145
146
147
148
149
150
151
159
160
161
162
163
164
188
189
190
191
192
193
194
207
208
209
210
211
212
213
214
223
224
225
226
227
228
229
11
12
13
14
15
18
19
20
21
133
134
135
136
137
145
146
147
148
149
150
151
159
160
161
162
163
164
187
188
189
190
191
192
193
194
207
208
209
210
211
212
213
214
223
224
225
226
227
228
229
11
12
13
14
15
18
19
20
21
69
70
71
133
134
135
136
137
145
146
147
148
149
150
151
160
161
162
163
186
187
188
189
190
191
192
193
194
195
207
208
209
211
212
213
214
221
222
223
224
225
226
227
228
229
230
231
11
12
13
14
15
16
17
18
19
20
21
69
70
71
72
73
131
132
133
134
135
136
137
148
149
150
151
152
186
187
188
189
190
191
192
193
194
195
212
213
214
221
222
223
224
225
226
227
228
229
230
231
11
12
13
14
15
16
17
18
19
20
28
29
30
69
70
71
72
73
129
130
131
132
133
148
149
150
151
152
186
187
188
191
192
193
194
195
221
222
223
224
225
226
227
228
229
230
231
12
13
14
15
16
17
18
19
28
29
30
31
32
68
69
70
71
72
73
129
130
131
132
133
148
149
150
151
152
187
188
189
192
193
194
221
222
223
224
225
227
228
229
12
13
14
15
16
17
18
19
28
29
30
31
32
66
67
68
69
70
71
72
73
127
128
129
130
131
132
149
150
151
152
183
184
185
186
187
188
189
221
222
223
224
12
13
14
15
16
20
21
22
23
24
25
28
29
30
31
32
66
67
68
69
70
127
128
129
130
131
132
149
150
151
152
183
184
185
186
187
188
189
221
222
223
224
252
253
254
255
256
281
282
283
284
12
13
14
15
16
19
20
21
22
23
24
25
26
27
66
67
68
69
70
110
111
112
113
114
127
128
129
130
183
184
185
186
187
188
189
222
223
224
252
253
254
255
256
257
258
259
260
280
281
282
283
284
285
12
13
14
15
16
17
18
19
20
21
22
23
24
25
26
27
68
69
70
110
111
112
113
114
185
186
187
188
189
251
252
253
254
255
256
257
258
259
260
280
281
282
283
284
285
12
13
14
15
16
17
18
19
20
21
22
23
24
25
26
27
66
67
68
110
111
112
113
114
186
187
188
189
190
249
250
251
252
253
254
255
256
257
258
259
260
280
281
282
283
284
285
12
13
14
15
16
17
18
19
20
21
22
23
66
67
68
112
113
114
186
187
188
189
190
193
194
195
247
248
249
250
251
252
253
254
255
256
257
258
259
260
12
13
14
59
60
61
62
63
64
66
67
68
69
70
186
187
188
189
190
191
192
193
194
195
247
248
249
250
251
252
253
254
255
256
257
258
259
260
58
59
60
61
62
63
64
67
68
69
70
71
186
187
188
191
192
193
194
195
235
236
237
238
247
248
249
250
251
252
253
254
255
256
257
258
259
260
58
59
60
61
62
63
64
65
66
67
68
69
70
71
191
192
193
194
235
236
237
238
239
240
241
251
252
253
254
255
256
257
258
259
260
31
32
33
58
59
60
61
62
63
64
65
66
68
69
70
71
233
234
235
236
237
238
239
240
241
251
252
253
254
255
256
257
258
330
331
332
28
29
30
31
32
33
37
38
39
60
61
62
63
64
65
66
191
192
193
194
233
234
235
236
237
238
239
240
241
252
253
254
255
256
257
258
330
331
332
28
29
30
31
32
33
34
35
36
37
38
39
59
60
61
62
63
64
65
66
124
125
126
191
192
193
194
233
234
235
238
239
240
254
255
256
257
258
330
331
332
28
29
30
31
32
34
35
36
37
38
39
59
60
61
62
63
64
65
66
123
124
125
126
188
189
190
191
192
193
194
237
238
239
240
241
256
257
258
259
260
261
262
330
331
332
24
25
26
28
29
30
31
32
33
34
35
36
37
38
39
50
51
52
59
60
61
62
63
64
65
97
98
99
122
123
124
125
126
188
189
190
191
192
236
237
238
239
240
241
242
256
257
258
259
260
261
262
24
25
26
27
29
30
31
32
33
34
35
36
37
38
39
50
51
52
62
63
64
96
97
98
99
122
123
124
125
188
189
190
191
192
236
237
238
239
240
241
242
256
257
258
259
260
261
262
24
25
26
27
28
29
30
31
32
33
34
35
49
50
51
52
58
59
60
61
62
63
64
96
97
98
99
100
101
122
123
124
188
189
190
191
192
235
236
237
238
239
240
241
242
254
255
256
257
258
259
260
261
24
25
26
27
28
29
30
31
32
33
48
49
50
51
52
58
59
60
61
62
63
64
96
97
98
99
100
101
121
122
123
124
125
126
127
128
235
236
237
238
254
255
256
257
258
259
260
261
24
25
26
27
28
29
30
31
32
33
48
49
50
51
58
59
60
61
62
63
96
97
98
99
100
101
119
120
121
122
123
124
125
126
127
128
235
236
237
238
254
255
256
257
258
259
260
25
26
27
28
29
30
31
32
33
48
49
50
96
97
98
99
100
101
117
118
119
120
121
122
123
124
125
126
127
128
256
257
258
259
27
28
29
30
31
32
33
48
49
50
82
83
84
98
99
100
101
117
118
119
120
121
122
123
124
125
126
272
273
274
27
28
29
30
31
32
33
34
72
73
74
75
82
83
84
85
86
87
88
89
90
91
92
98
99
100
117
118
119
120
121
122
123
124
125
126
272
273
274
27
28
29
30
31
32
33
34
72
73
74
75
80
81
82
83
84
85
86
87
88
89
90
91
92
120
121
122
123
124
125
126
272
273
274
28
29
30
31
32
33
34
72
73
74
75
76
77
80
81
82
83
84
85
86
87
88
89
90
91
92
93
94
118
119
120
121
122
123
124
125
126
127
128
176
177
178
179
269
270
271
272
273
274
30
31
32
33
72
73
74
75
76
77
80
81
82
83
84
85
86
87
88
89
90
91
92
93
94
95
117
118
119
120
121
122
123
124
125
126
127
128
176
177
178
179
263
264
265
266
267
268
269
270
271
272
30
31
32
72
73
74
75
76
77
80
81
82
83
84
85
86
87
88
89
90
91
92
93
94
95
117
118
119
120
121
122
123
124
125
126
127
128
176
177
178
179
262
263
264
265
266
267
268
269
270
271
272
72
73
74
75
76
77
80
81
82
83
84
85
86
87
88
89
90
91
92
93
94
95
117
118
119
120
121
122
123
124
175
176
177
178
179
262
263
264
265
266
267
268
269
270
271
272
72
73
74
75
76
77
80
81
82
87
88
89
90
91
92
93
94
95
121
122
123
124
174
175
176
177
178
179
262
263
264
265
266
267
268
269
270
271
272
74
75
76
87
88
89
92
93
94
121
122
123
124
145
146
147
148
149
174
175
176
177
178
179
263
264
265
266
267
268
145
146
147
148
149
150
174
175
176
177
178
224
225
226
227
228
145
146
147
148
149
150
222
223
224
225
226
227
228
145
146
147
148
149
150
222
223
224
225
226
227
228
146
147
148
222
223
224
225
226
227
229
230
231
244
245
246
248
249
250
261
262
263
306
307
308
309
310
146
147
148
223
224
225
226
227
228
229
230
231
232
233
234
244
245
246
247
248
249
250
261
262
263
264
304
305
306
307
308
309
310
228
229
230
231
232
233
234
244
245
246
247
248
249
250
259
260
261
262
263
264
295
296
297
304
305
306
307
308
309
310
30
31
32
33
34
35
36
228
229
230
231
232
233
234
244
245
246
247
248
249
250
259
260
261
262
263
264
282
283
284
285
286
295
296
297
298
304
305
306
307
308
309
30
31
32
33
34
35
36
37
228
229
230
231
232
233
234
246
247
248
249
259
260
261
262
263
264
279
280
281
282
283
284
285
286
287
288
289
295
296
297
298
299
307
308
309
310
311
312
313
30
31
32
33
34
35
36
37
38
39
40
228
229
230
231
232
262
263
264
279
280
281
282
283
284
285
286
287
288
289
296
297
298
299
300
310
311
312
313
32
33
34
35
36
37
38
39
40
228
229
230
231
262
263
264
279
280
281
282
283
284
285
286
287
288
289
290
291
292
293
295
296
297
298
299
300
309
310
311
312
313
32
33
34
35
36
37
38
39
40
228
229
230
231
262
263
264
280
281
282
284
285
286
287
289
290
291
292
293
294
295
296
297
298
299
300
309
310
311
312
313
32
33
34
35
36
37
38
39
157
158
159
229
230
231
284
285
286
287
288
289
290
291
292
293
294
295
296
297
298
299
300
309
310
311
312
313
32
33
34
35
36
37
38
39
157
158
159
160
282
283
284
285
286
287
288
289
291
292
293
294
295
296
297
298
299
300
309
310
311
312
313
36
37
38
157
158
159
160
161
282
283
284
285
286
287
288
289
291
292
293
294
295
296
297
298
299
300
309
310
311
312
313
157
158
159
160
161
282
283
284
285
286
287
288
289
291
292
293
3
4
5
6
157
158
159
160
161
248
249
250
251
259
260
261
262
286
287
288
3
4
5
6
247
248
249
250
251
259
260
261
262
2
3
4
5
6
247
248
249
250
251
257
258
259
260
261
262
2
3
4
5
6
172
173
174
246
247
248
249
250
251
257
258
259
260
261
2
3
4
5
6
23
24
25
172
173
174
175
176
246
247
248
249
250
251
257
258
259
260
261
4
5
6
21
22
23
24
25
28
29
30
172
173
174
175
176
246
247
248
249
250
251
258
259
260
21
22
23
24
25
28
29
30
172
173
174
175
176
247
248
249
250
258
259
260
21
22
23
24
25
28
29
30
172
173
174
272
273
274
275
21
22
23
24
25
28
29
30
140
141
142
243
244
245
246
247
272
273
274
275
323
324
325
28
29
30
139
140
141
142
143
243
244
245
246
247
248
272
273
274
275
276
321
322
323
324
325
326
56
57
58
139
140
141
142
143
243
244
245
246
247
248
273
274
275
276
321
322
323
324
325
326
55
56
57
58
139
140
141
142
143
227
228
229
244
245
246
247
248
273
274
275
276
321
322
323
324
325
326
54
55
56
57
58
227
228
229
230
321
322
323
324
325
326
54
55
56
57
227
228
229
230
231
232
233
324
325
326
327
54
55
56
228
229
230
231
232
233
324
325
326
327
228
229
230
231
232
233
324
325
326
327
229
230
231
232
324
325
326
89
90
91
92
93
122
123
124
89
90
91
92
93
120
121
122
123
124
202
203
204
205
206
88
89
90
91
92
93
94
115
116
117
120
121
122
123
124
202
203
204
205
206
207
87
88
89
90
91
92
93
94
115
116
117
118
119
120
121
122
123
202
203
204
205
206
207
13
14
15
87
88
89
90
91
92
93
94
97
98
99
115
116
117
118
119
121
122
123
203
204
205
206
207
13
14
15
87
88
89
90
91
92
93
94
96
97
98
99
116
117
118
119
203
204
205
206
207
12
13
14
15
91
92
93
94
95
96
97
98
99
102
103
104
205
206
207
250
251
252
308
309
310
311
312
12
13
14
15
81
82
83
84
92
93
94
95
96
97
98
102
103
104
105
177
178
179
180
205
206
207
248
249
250
251
252
253
254
255
306
307
308
309
310
311
312
12
13
14
80
81
82
83
84
91
92
93
94
95
96
97
98
101
102
103
104
105
106
107
177
178
179
180
244
245
246
248
249
250
251
252
253
254
255
306
307
308
309
310
311
312
80
81
82
83
84
91
92
93
94
95
96
97
98
101
102
103
104
105
106
107
130
131
132
177
178
179
180
181
244
245
246
247
248
249
250
251
252
253
254
255
306
307
308
309
310
311
80
81
82
91
92
93
94
95
96
97
98
101
102
103
104
105
106
107
129
130
131
132
177
178
179
180
181
244
245
246
247
248
249
250
251
252
253
254
307
308
309
310
103
104
105
106
107
108
128
129
130
131
132
178
179
180
181
246
247
248
249
250
251
252
253
307
308
309
103
104
105
106
107
108
128
129
130
131
246
247
248
249
250
251
252
104
105
106
107
108
128
129
130
131
248
249
250
328
329
330
256
257
258
328
329
330
8
9
10
12
13
14
15
256
257
258
259
269
270
271
272
273
328
329
330
8
9
10
11
12
13
14
15
16
17
254
255
256
257
258
259
268
269
270
271
272
273
318
319
320
321
322
327
328
329
330
8
9
10
11
12
13
14
15
16
17
59
60
61
234
235
236
254
255
256
257
258
259
268
269
270
271
272
273
317
318
319
320
321
322
327
328
329
330
9
10
11
12
13
14
15
16
17
59
60
61
232
233
234
235
236
254
255
256
257
258
259
268
269
270
271
272
316
317
318
319
320
321
322
327
328
329
330
8
9
10
11
12
13
14
15
16
17
59
60
61
231
232
233
234
235
236
269
270
271
316
317
318
319
320
321
327
328
329
330
8
9
10
11
12
13
14
15
16
17
59
60
61
62
63
231
232
233
234
235
236
237
316
317
318
8
9
10
11
12
13
14
15
16
17
59
60
61
62
63
64
231
232
233
234
235
236
237
256
257
258
10
11
12
13
14
15
16
17
51
52
53
54
55
61
62
63
64
232
233
234
235
236
237
252
253
254
255
256
257
258
14
15
16
51
52
53
54
55
61
62
63
64
252
253
254
255
256
257
258
42
43
44
45
51
52
53
54
55
62
63
64
252
253
254
255
256
257
258
42
43
44
45
51
52
53
54
55
252
253
254
255
256
257
258
42
43
44
45
51
52
53
54
252
253
254
255
256
257
258
41
42
43
44
52
53
54
252
253
254
255
256
31
32
33
41
42
43
44
121
122
123
124
125
253
254
255
256
257
10
11
12
30
31
32
33
41
42
43
121
122
123
124
125
252
253
254
255
256
257
8
9
10
11
12
27
28
29
30
31
32
33
121
122
123
124
125
251
252
253
254
255
256
257
5
6
7
8
9
10
11
12
27
28
29
30
31
32
33
249
250
251
252
253
254
255
256
5
6
7
8
9
10
11
27
28
29
30
31
32
33
193
194
195
196
247
248
249
250
251
252
253
254
255
256
5
6
7
8
9
10
11
27
28
29
30
31
32
33
116
117
118
119
120
193
194
195
196
247
248
249
250
251
253
254
255
256
275
276
277
5
6
7
8
9
10
11
27
28
29
30
31
32
115
116
117
118
119
120
121
122
193
194
195
196
197
247
248
249
250
251
252
253
254
255
256
275
276
277
278
8
9
10
115
116
117
118
119
120
121
122
186
187
188
193
194
195
196
197
249
250
251
252
253
254
255
256
275
276
277
278
279
115
116
117
119
120
121
122
186
187
188
189
190
191
192
193
194
195
196
197
250
251
252
253
254
255
267
268
269
274
275
276
277
278
279
117
118
119
120
121
122
123
124
186
187
188
189
190
191
192
193
265
266
267
268
269
272
273
274
275
276
277
278
279
117
118
119
120
121
122
123
124
185
186
187
188
189
190
191
192
193
214
215
216
217
218
219
220
221
222
263
264
265
266
267
268
269
272
273
274
275
276
277
117
118
119
120
122
123
124
185
186
187
188
189
190
191
192
193
214
215
216
217
218
219
220
221
222
263
264
265
266
267
268
272
273
274
275
276
277
117
118
119
120
185
186
187
188
189
214
215
216
217
218
219
220
221
222
263
264
265
266
267
268
272
273
274
74
75
76
117
118
119
120
186
187
188
217
218
219
263
264
265
266
272
273
274
74
75
76
77
78
79
80
74
75
76
77
78
79
80
98
99
100
101
297
298
299
305
306
307
75
76
77
78
79
80
98
99
100
101
297
298
299
300
301
304
305
306
307
76
77
78
79
98
99
100
101
296
297
298
299
300
301
302
303
304
305
306
307
98
99
100
295
296
297
298
299
300
301
302
303
304
305
306
307
212
213
214
215
216
295
296
297
298
299
300
301
302
303
305
306
307
212
213
214
215
216
295
296
297
298
299
300
1
2
3
212
213
214
215
216
295
296
297
0
1
2
3
213
214
215
295
296
297
0
1
2
3
0
1
2
3
146
147
148
145
146
147
148
74
75
76
144
145
146
147
148
74
75
76
141
142
143
144
145
146
147
74
75
76
77
78
141
142
143
144
145
146
75
76
77
78
141
142
143
144
145
146
193
194
195
75
76
77
78
144
145
146
193
194
195
196
16
17
18
192
193
194
195
196
15
16
17
18
192
193
194
195
196
15
16
17
18
192
193
194
195
196
15
16
17
193
194
195
196
12
13
14
15
16
17
193
194
195
12
13
14
15
16
17
100
101
102
103
0
1
2
3
4
5
12
13
14
15
100
101
102
103
0
1
2
3
4
5
100
101
102
103
133
134
135
136
301
302
303
0
1
2
3
4
5
52
53
54
100
101
102
132
133
134
135
136
298
299
300
301
302
303
0
1
2
3
52
53
54
104
105
106
107
132
133
134
135
136
181
182
183
298
299
300
301
302
303
0
1
2
3
51
52
53
54
104
105
106
107
108
132
133
134
135
136
181
182
183
184
268
269
270
298
299
300
301
302
303
304
305
0
1
2
3
4
51
52
53
54
104
105
106
107
108
132
133
134
135
136
181
182
183
184
185
268
269
270
299
300
301
302
303
304
305
0
1
2
3
4
51
52
53
54
55
103
104
105
106
107
108
132
133
134
135
136
181
182
183
184
185
268
269
270
300
301
302
303
304
305
1
2
3
4
51
52
53
54
55
56
57
58
103
104
105
106
107
133
134
135
136
182
183
184
185
186
268
269
270
271
300
301
302
50
51
52
53
54
55
56
57
58
101
102
103
104
105
134
135
136
182
183
184
185
186
187
268
269
270
271
50
51
52
53
54
55
56
57
58
101
102
103
182
183
184
185
186
187
188
269
270
271
50
51
52
53
54
55
56
57
101
102
103
182
183
184
185
186
187
188
219
220
221
51
52
53
54
55
56
181
182
183
184
185
186
187
188
219
220
221
51
52
53
54
55
181
182
183
184
185
186
187
188
219
220
221
222
241
242
243
52
53
54
55
181
182
183
184
185
218
219
220
221
222
241
242
243
244
324
325
326
327
328
329
330
331
52
53
54
185
186
187
218
219
220
221
222
241
242
243
244
322
323
324
325
326
327
328
329
330
331
179
180
181
182
183
184
185
186
187
190
191
192
218
219
220
221
222
241
242
243
244
322
323
324
325
326
327
328
329
330
331
179
180
181
182
183
184
185
186
187
189
190
191
192
219
220
221
222
322
323
324
325
326
327
328
329
330
179
180
181
182
183
184
185
186
187
189
190
191
192
220
221
222
324
325
326
327
328
37
38
39
40
41
42
43
180
181
182
183
184
185
186
187
188
189
190
191
192
20
21
22
35
36
37
38
39
40
41
42
43
171
172
173
174
175
176
177
178
179
180
181
182
183
184
185
186
188
189
190
191
18
19
20
21
22
33
34
35
36
37
38
39
40
41
42
43
171
172
173
174
175
176
177
178
179
180
181
184
185
186
188
189
190
191
192
18
19
20
21
22
23
32
33
34
35
36
37
38
39
40
41
42
43
171
172
173
174
175
176
177
178
179
180
181
189
190
191
192
193
18
19
20
21
22
23
32
33
34
35
36
37
38
39
40
41
170
171
172
173
174
175
176
177
178
179
180
181
190
191
192
193
19
20
21
22
23
32
33
34
35
36
37
38
39
40
41
42
72
73
74
170
171
172
173
174
175
176
177
190
191
192
193
19
20
21
22
33
34
35
36
37
38
39
40
41
42
43
68
69
70
71
72
73
74
170
171
172
173
174
175
176
34
35
36
37
38
39
40
41
42
43
68
69
70
71
72
73
74
170
171
172
173
174
175
176
35
36
37
38
39
41
42
43
68
69
70
71
72
73
74
170
171
172
173
174
175
176
35
36
37
38
39
65
66
67
68
69
70
71
170
171
172
173
174
175
176
243
244
245
36
37
38
39
64
65
66
67
68
69
70
71
72
240
241
242
243
244
245
64
65
66
67
68
69
70
71
72
73
240
241
242
243
244
245
64
65
66
69
70
71
72
73
240
241
242
243
71
72
73
241
242
243
185
186
187
190
191
192
184
185
186
187
188
190
191
192
193
194
173
174
175
184
185
186
187
188
189
190
191
192
193
194
170
171
172
173
174
175
176
184
185
186
187
188
189
190
191
192
193
194
301
302
303
304
305
85
86
87
88
89
170
171
172
173
174
175
176
182
183
184
185
186
187
188
189
190
191
192
301
302
303
304
305
306
81
82
83
85
86
87
88
89
169
170
171
172
173
174
175
176
182
183
184
185
186
187
188
189
301
302
303
304
305
306
81
82
83
85
86
87
88
89
148
149
150
169
170
171
172
173
174
175
182
183
184
185
186
187
188
189
303
304
305
306
81
82
83
84
85
86
87
88
148
149
150
169
170
171
172
173
174
175
183
184
185
186
187
188
189
303
304
305
306
62
63
64
81
82
83
84
85
86
87
148
149
150
151
173
174
175
181
182
183
184
185
186
187
188
189
304
305
306
307
62
63
64
81
82
83
84
85
86
87
88
118
119
120
148
149
150
151
152
181
182
183
184
186
187
188
304
305
306
307
308
62
63
64
81
82
83
84
85
86
87
88
116
117
118
119
120
121
122
148
149
150
151
152
181
182
183
184
304
305
306
307
308
60
61
62
63
64
83
84
85
86
87
88
115
116
117
118
119
120
121
122
148
149
150
151
152
182
183
184
218
219
220
304
305
306
307
308
59
60
61
62
63
64
84
85
86
87
88
114
115
116
117
118
119
120
121
122
182
183
184
218
219
220
221
222
304
305
306
307
308
309
59
60
61
62
63
64
85
86
87
106
107
108
109
110
111
114
115
116
117
119
120
121
218
219
220
221
222
305
306
307
308
309
59
60
61
62
63
64
106
107
108
109
110
111
112
113
114
115
116
117
218
219
220
221
222
234
235
236
237
306
307
308
309
60
61
62
63
64
106
107
108
109
110
111
112
113
114
115
116
117
234
235
236
237
238
239
106
107
108
109
110
111
112
113
114
115
116
233
234
235
236
237
238
239
241
242
243
309
310
311
312
313
314
108
109
110
111
112
113
114
115
116
233
234
235
236
237
238
239
241
242
243
244
309
310
311
312
313
314
233
234
235
236
237
238
241
242
243
244
245
246
247
305
306
307
309
310
311
312
313
314
162
163
164
241
242
243
244
245
246
247
305
306
307
309
310
311
312
313
162
163
164
165
241
242
243
244
245
246
247
304
305
306
307
309
310
311
312
313
162
163
164
165
239
240
241
242
243
244
245
246
303
304
305
306
307
310
311
312
313
163
164
165
166
239
240
241
242
243
244
245
246
302
303
304
305
306
307
163
164
165
166
167
239
240
241
242
243
244
245
246
271
272
273
282
283
284
301
302
303
304
305
306
307
308
78
79
80
164
165
166
167
240
241
242
243
271
272
273
274
282
283
284
301
302
303
304
305
306
307
308
74
75
76
78
79
80
81
165
166
167
271
272
273
274
282
283
284
285
286
301
302
303
304
305
306
307
308
74
75
76
77
78
79
80
81
82
271
272
273
274
279
280
281
282
283
284
285
286
304
305
306
73
74
75
76
77
79
80
81
82
100
101
102
103
104
105
271
272
273
279
280
281
282
283
284
285
286
287
288
289
290
291
73
74
75
76
77
79
80
81
82
100
101
102
103
104
105
106
107
108
271
272
273
279
280
281
282
283
284
285
286
287
288
289
290
291
73
74
75
76
100
101
102
103
104
105
106
107
108
280
281
282
283
284
285
286
287
288
289
290
291
73
74
75
100
101
102
103
104
105
106
107
108
124
125
126
280
281
282
283
284
285
286
287
288
289
290
100
101
102
103
104
105
106
107
124
125
126
127
128
129
280
281
282
283
284
285
286
287
288
289
290
100
101
102
103
104
105
106
107
124
125
126
127
128
129
239
240
241
242
243
244
283
284
285
101
102
103
104
105
106
107
125
126
127
128
129
238
239
240
241
242
243
244
104
105
106
107
125
126
127
128
238
239
240
241
242
243
244
57
58
59
60
61
103
104
105
106
107
126
127
128
238
239
240
241
242
243
244
302
303
304
309
310
311
55
56
57
58
59
60
61
62
63
103
104
105
106
107
110
111
112
240
241
242
302
303
304
305
309
310
311
312
55
56
57
58
59
60
61
62
63
103
104
105
106
107
108
109
110
111
112
302
303
304
305
306
307
308
309
310
311
312
55
56
57
58
59
60
61
62
63
105
106
107
108
109
110
111
112
113
229
230
231
232
302
303
304
305
306
307
308
309
310
311
312
105
106
107
108
109
110
111
112
113
229
230
231
232
233
234
235
305
306
307
308
105
106
107
108
109
110
111
112
113
114
115
229
230
231
232
233
234
235
304
305
306
307
105
106
107
108
109
110
111
112
113
114
115
230
231
232
233
234
235
303
304
305
306
307
108
109
110
111
112
113
114
115
232
233
234
303
304
305
306
307
308
108
109
110
112
113
114
115
167
168
169
232
233
234
303
304
305
306
307
308
166
167
168
169
289
290
291
292
293
304
305
306
307
308
165
166
167
168
169
239
240
241
242
243
244
289
290
291
292
293
306
307
308
141
142
143
165
166
167
168
239
240
241
242
243
244
289
290
291
292
293
94
95
96
136
137
138
139
140
141
142
143
144
163
164
165
166
167
168
239
240
241
242
243
244
290
291
292
293
84
85
86
94
95
96
97
98
136
137
138
139
140
141
142
143
144
145
146
163
164
165
166
167
168
239
240
241
242
243
244
290
291
292
293
84
85
86
93
94
95
96
97
98
136
137
138
139
140
141
142
143
144
145
146
162
163
164
165
166
167
168
239
240
241
242
290
291
292
293
84
85
86
87
93
94
95
96
97
98
137
138
139
140
141
142
143
144
145
146
147
148
162
163
164
165
166
167
240
241
242
243
244
310
311
312
313
314
315
68
69
70
71
85
86
87
93
94
95
96
97
137
138
139
141
142
143
144
145
146
147
148
149
150
151
152
162
163
164
165
166
167
240
241
242
243
244
310
311
312
313
314
315
68
69
70
71
85
86
87
88
89
93
94
95
96
144
145
146
147
148
149
150
151
152
163
164
165
166
167
241
242
243
244
309
310
311
312
313
314
315
50
51
52
57
58
59
60
68
69
70
71
87
88
89
144
145
146
147
148
149
150
151
152
165
166
167
241
242
243
309
310
311
312
313
314
315
316
50
51
52
56
57
58
59
60
61
68
69
70
71
87
88
89
144
145
146
147
148
149
150
151
152
309
310
311
312
313
314
315
316
50
51
52
53
55
56
57
58
59
60
61
69
70
71
94
95
96
97
98
145
146
147
148
149
150
151
152
309
310
311
312
314
315
316
51
52
53
54
55
56
57
58
59
60
61
94
95
96
97
98
145
146
147
148
51
52
53
54
55
56
57
58
59
60
94
95
96
97
98
145
146
147
148
305
306
307
308
53
54
55
56
57
96
97
98
99
100
101
305
306
307
308
309
310
54
55
56
57
95
96
97
98
99
100
101
121
122
123
124
125
305
306
307
308
309
310
311
312
92
93
94
95
96
97
98
99
100
101
121
122
123
124
125
126
134
135
136
307
308
309
310
311
312
92
93
94
95
96
97
98
99
100
121
122
123
124
125
126
127
128
129
130
133
134
135
136
307
308
309
310
311
312
317
318
319
320
92
93
94
95
96
97
119
120
121
122
123
124
125
126
127
128
129
130
133
134
135
136
317
318
319
320
321
93
94
95
117
118
119
120
121
122
123
124
125
126
127
128
129
130
133
134
135
136
317
318
319
320
321
117
118
119
120
121
122
123
124
125
126
127
128
133
134
135
136
162
163
164
165
318
319
320
321
117
118
119
120
121
122
123
124
125
126
162
163
164
165
166
167
168
314
315
316
318
319
320
321
117
118
119
123
124
125
162
163
164
165
166
167
168
311
312
313
314
315
316
317
318
319
320
321
82
83
84
90
91
92
93
123
124
125
162
163
164
165
166
167
168
311
312
313
314
315
316
317
318
319
320
82
83
84
85
90
91
92
93
94
123
124
125
162
163
164
165
166
167
178
179
180
181
182
309
310
311
312
313
314
315
316
317
318
319
320
321
82
83
84
85
90
91
92
93
94
123
124
125
162
163
164
165
166
167
178
179
180
181
182
309
310
311
312
313
314
315
316
317
318
319
320
321
322
323
82
83
84
85
90
91
92
93
94
138
139
140
164
165
166
167
178
179
180
181
182
309
310
311
312
313
314
315
316
317
318
319
320
321
322
323
10
11
12
82
83
84
85
91
92
93
94
138
139
140
164
165
166
167
172
173
174
176
177
178
179
180
181
310
311
312
313
314
315
316
317
318
319
320
321
322
323
10
11
12
92
93
94
137
138
139
140
164
165
166
172
173
174
175
176
177
178
179
180
181
312
313
314
315
316
317
318
320
321
322
10
11
12
13
134
135
136
137
138
139
140
172
173
174
175
176
177
178
179
180
181
312
313
314
10
11
12
13
95
96
97
98
99
134
135
136
137
138
139
140
172
173
174
175
176
177
178
10
11
12
13
94
95
96
97
98
99
100
134
135
136
137
138
139
140
173
174
175
176
177
178
11
12
13
14
15
16
91
92
93
94
95
96
97
98
99
100
134
135
136
137
138
139
140
174
175
176
177
178
250
251
252
10
11
12
13
14
15
16
17
91
92
93
94
95
96
97
98
99
100
133
134
135
136
137
138
139
140
141
142
176
177
178
249
250
251
252
253
10
11
12
13
14
15
16
17
18
91
92
93
94
95
96
133
134
135
136
137
138
139
140
141
142
249
250
251
252
253
10
11
12
13
14
15
16
17
18
133
134
135
136
139
140
141
142
249
250
251
252
253
11
12
13
14
15
16
17
18
133
134
135
136
140
141
142
251
252
253
270
271
272
11
12
13
14
15
16
17
18
133
134
135
136
137
229
230
231
249
250
251
252
253
269
270
271
272
273
11
12
13
14
15
16
17
91
92
93
94
133
134
135
136
137
228
229
230
231
233
234
235
249
250
251
269
270
271
272
273
12
13
14
15
16
91
92
93
94
133
134
135
136
137
138
228
229
230
231
232
233
234
235
249
250
251
269
270
271
272
273
274
320
321
322
14
15
16
91
92
93
94
95
96
133
134
135
136
137
138
228
229
230
231
232
233
234
235
270
271
272
273
274
317
318
319
320
321
322
91
92
93
94
95
96
135
136
137
138
228
229
230
231
232
233
234
270
271
272
273
274
275
317
318
319
320
321
322
94
95
96
228
229
230
231
232
270
271
272
273
274
275
301
302
303
304
317
318
319
320
87
88
89
96
97
98
271
272
273
274
275
301
302
303
304
318
319
320
87
88
89
90
96
97
98
99
300
301
302
303
304
83
84
85
87
88
89
90
96
97
98
99
235
236
237
299
300
301
302
303
304
305
80
81
82
83
84
85
86
87
88
89
90
96
97
98
99
146
147
148
232
233
234
235
236
237
238
239
286
287
288
299
300
301
302
303
304
305
306
80
81
82
83
84
85
86
87
88
89
138
139
140
141
142
143
144
145
146
147
148
230
231
232
233
234
235
236
237
238
239
240
286
287
288
298
299
300
301
302
303
304
305
306
79
80
81
82
83
84
85
86
87
88
89
90
138
139
140
141
142
143
144
145
146
147
148
230
231
232
233
234
235
236
237
238
239
240
286
287
288
289
297
298
299
300
301
302
303
304
305
306
307
309
310
311
323
324
325
79
80
81
84
85
86
87
88
89
90
137
138
139
140
141
142
143
144
145
146
147
230
231
232
233
234
235
236
237
238
239
240
285
286
287
288
289
295
296
297
298
299
300
301
302
305
306
307
308
309
310
311
321
322
323
324
325
79
80
81
82
83
84
85
86
87
88
89
90
137
138
139
140
141
142
143
144
145
146
147
231
232
233
237
238
239
285
286
287
288
289
292
293
294
295
296
297
298
299
300
301
302
305
306
307
308
309
310
311
321
322
323
324
325
326
327
328
80
81
82
83
84
85
86
87
88
89
137
138
139
140
141
142
143
144
145
146
147
196
197
198
236
237
238
239
285
286
287
288
292
293
294
295
296
297
298
299
300
306
307
308
309
321
322
323
324
325
326
327
328
329
80
81
82
83
84
85
86
87
137
138
139
140
141
142
143
144
145
146
147
195
196
197
198
235
236
237
238
239
240
285
286
287
288
292
293
294
295
296
297
298
299
300
324
325
326
327
328
329
70
71
72
80
81
82
83
84
85
86
87
138
139
140
141
142
143
144
145
146
147
186
187
188
189
190
191
192
193
195
196
197
198
234
235
236
237
238
239
240
293
294
295
296
297
298
322
323
324
325
326
327
328
329
70
71
72
81
82
83
84
85
86
138
139
140
141
142
185
186
187
188
189
190
191
192
193
194
195
196
197
198
199
234
235
236
237
238
239
240
293
294
295
296
297
298
321
322
323
324
325
326
327
328
329
70
71
72
81
82
83
84
85
185
186
187
188
189
190
191
192
193
194
195
196
197
198
199
234
235
236
238
239
240
296
297
298
321
322
323
324
325
327
328
329
67
68
69
70
71
72
73
74
90
91
92
93
185
186
187
188
189
190
191
192
193
194
195
196
197
198
199
321
322
323
67
68
69
70
71
72
73
74
90
91
92
93
94
187
188
189
191
192
193
194
197
198
199
67
68
69
70
71
72
73
74
90
91
92
93
94
155
156
157
197
198
199
68
69
70
71
72
73
74
75
90
91
92
93
94
153
154
155
156
157
158
68
69
70
71
72
73
74
75
89
90
91
92
93
153
154
155
156
157
158
159
69
70
71
72
73
74
75
89
90
91
92
153
154
155
156
157
158
159
164
165
166
69
70
71
72
73
74
75
76
89
90
91
92
100
101
102
103
154
155
156
157
158
159
164
165
166
53
54
55
66
67
68
69
70
71
72
73
74
75
76
99
100
101
102
103
155
156
157
158
159
160
161
162
163
164
165
166
53
54
55
66
67
68
69
70
71
72
73
74
75
76
99
100
101
102
103
154
155
156
157
158
159
160
161
162
163
164
165
166
53
54
55
56
66
67
68
69
70
71
72
73
99
100
101
102
103
154
155
156
157
158
159
160
161
162
163
164
165
166
51
52
53
54
55
56
66
67
68
69
70
154
155
156
157
158
159
160
161
162
163
164
165
51
52
53
54
55
56
66
67
68
69
70
154
155
156
157
158
159
160
161
162
163
164
165
51
52
53
54
55
56
66
67
68
154
155
156
157
158
159
160
162
163
164
165
51
52
53
54
154
155
156
157
158
159
160
162
163
164
165
166
322
323
324
50
51
52
53
54
157
158
159
160
162
163
164
165
166
322
323
324
30
31
32
33
34
50
51
52
53
54
55
56
57
158
159
160
161
162
163
164
165
166
167
322
323
324
325
30
31
32
33
34
35
50
51
52
54
55
56
57
88
89
90
91
92
158
159
160
161
162
163
164
165
166
167
322
323
324
325
326
327
30
31
32
33
34
35
36
37
38
39
40
54
55
56
57
88
89
90
91
92
151
152
153
160
161
162
164
165
166
167
194
195
196
197
198
322
323
324
325
326
327
30
31
32
33
34
35
36
37
38
39
40
54
55
56
57
88
89
90
91
92
93
150
151
152
153
154
160
161
162
194
195
196
197
198
324
325
326
327
34
35
36
37
38
39
40
90
91
92
93
150
151
152
153
154
160
161
162
194
195
196
197
198
323
324
325
326
34
35
36
37
38
39
90
91
92
93
150
151
152
153
154
195
196
197
323
324
325
326