231
23
229
231
233
23
228
230
231
232
233
25
127
229
230
231
26
126
129
209
229
230
231
31
32
33
34
126
208
230
231
232
30
31
33
127
130
208
209
230
34
36
125
126
129
208
231
35
36
124
126
127
130
35
36
37
175
176
179
76
164
165
175
176
178
75
76
134
152
163
164
166
175
176
70
75
76
134
151
152
165
166
175
22
71
76
134
164
168
291
21
22
23
72
74
75
76
77
78
163
165
166
168
292
306
311
21
22
23
24
55
59
70
73
74
76
167
291
294
296
306
309
310
311
21
22
23
25
57
58
71
72
73
74
292
293
296
306
307
309
21
22
24
25
56
70
71
72
74
75
76
77
167
307
309
310
311
22
23
26
52
72
73
76
77
167
168
212
307
308
22
25
54
70
76
115
116
168
211
26
54
55
115
210
212
303
304
305
306
56
78
115
116
303
304
305
306
308
309
312
55
116
118
120
170
309
310
116
118
120
121
122
236
305
306
117
118
119
120
121
168
170
193
194
199
132
133
193
194
195
197
233
235
237
297
298
116
119
120
169
193
194
195
197
234
236
261
263
296
297
298
117
133
194
196
236
263
114
118
134
195
300
132
193
27
133
135
137
138
192
302
24
25
26
134
136
193
26
27
28
134
135
194
196
197
301
303
28
197
198
299
302
143
299
139
140
137
142
143
225
136
137
138
140
226
229
136
137
138
225
226
135
136
137
139
140
224
226
227
135
138
139
161
162
163
209
213
226
227
133
142
147
149
160
210
211
212
213
227
228
13
19
134
148
149
150
160
162
163
191
193
209
210
211
212
213
225
226
227
14
19
20
134
135
146
149
161
162
189
190
191
192
208
212
213
224
225
12
13
14
19
20
134
136
188
189
213
224
225
226
228
12
13
14
19
70
150
187
192
193
194
222
223
225
229
230
13
14
16
17
18
70
72
132
149
151
193
224
228
13
16
17
18
29
70
71
72
130
131
151
14
15
29
31
69
131
150
151
188
222
13
15
67
68
69
128
129
184
186
188
223
15
21
24
69
186
187
253
255
282
283
14
15
20
23
24
25
26
111
113
187
253
254
255
258
259
281
284
13
16
19
21
22
113
188
252
255
256
259
13
67
189
250
252
253
254
255
259
187
194
248
249
250
255
257
258
259
60
63
68
69
192
193
255
256
257
258
259
59
63
69
70
236
237
252
253
254
255
256
62
63
65
236
240
253
256
32
61
63
64
234
255
257
331
29
38
61
62
63
65
192
193
239
257
331
332
29
31
35
60
61
63
64
125
35
37
38
124
189
191
238
239
240
257
258
261
25
31
34
51
98
123
189
190
191
237
238
240
241
257
259
260
25
26
30
31
51
63
97
123
258
259
260
25
26
29
31
32
50
59
61
62
97
98
100
236
237
255
259
26
49
97
98
99
122
124
127
257
258
30
49
99
100
120
123
29
30
31
32
99
118
119
121
125
28
29
30
32
83
273
29
32
33
73
74
83
84
86
87
89
90
91
121
122
123
125
273
31
32
81
82
88
89
90
121
122
123
124
31
73
76
81
84
86
87
88
89
93
119
122
124
126
127
177
178
270
271
81
82
83
86
87
88
92
94
118
120
122
178
264
265
266
267
270
73
74
75
76
81
89
92
93
94
177
263
264
266
267
269
270
271
75
88
93
122
123
176
177
178
264
267
175
177
146
148
146
147
149
225
226
227
223
226
147
224
226
230
245
249
262
307
309
229
230
232
233
245
246
247
249
263
305
306
307
230
232
233
247
248
260
262
263
296
308
31
32
33
35
231
283
285
297
33
34
36
229
263
280
282
283
284
288
297
298
311
312
33
35
36
37
39
229
263
281
285
298
299
312
33
35
36
37
230
285
290
291
292
296
297
298
310
311
312
33
36
37
38
286
293
294
295
311
37
158
286
287
288
292
294
296
299
310
311
312
158
159
283
284
285
286
287
288
292
158
160
287
4
5
249
250
260
261
4
248
249
260
3
4
5
248
258
259
260
5
173
247
248
250
259
24
173
174
175
248
249
259
22
24
29
173
22
23
24
29
29
273
274
141
244
246
274
324
140
141
142
245
246
247
274
275
322
323
324
325
57
322
56
228
325
55
229
229
230
231
232
326
230
231
325
90
91
92
123
90
121
122
203
205
89
93
116
122
204
206
88
89
90
117
118
204
205
14
92
93
98
14
93
97
206
13
94
103
251
309
311
82
83
96
97
103
104
178
179
249
254
307
309
310
81
92
93
95
97
102
103
104
105
106
178
179
245
250
253
308
309
104
105
131
179
180
247
250
251
252
308
104
130
247
249
250
251
105
107
129
130
249
329
257
329
9
13
14
258
270
272
329
11
14
15
16
255
258
269
271
319
320
321
328
329
13
60
235
270
318
319
320
328
329
10
13
16
60
233
234
235
317
9
11
12
14
15
60
232
233
235
11
14
15
16
62
233
234
235
236
15
62
63
257
52
54
63
253
254
255
256
257
52
53
54
255
256
257
43
44
52
257
43
53
253
254
255
43
254
255
42
254
255
32
122
123
124
254
255
256
11
31
253
9
28
31
252
254
6
7
28
29
32
250
254
255
6
7
9
10
28
31
194
195
248
249
250
255
9
117
119
194
195
250
255
276
116
120
121
194
195
196
251
254
277
121
187
278
121
188
191
192
268
275
118
119
123
189
191
192
266
267
273
274
275
276
118
119
186
188
215
216
219
220
221
264
266
267
273
118
119
187
218
264
265
273
75
76
79
77
78
99
100
298
306
99
300
305
297
298
300
301
302
306
296
299
213
214
215
296
214
296
2
0
2
147
146
75
145
142
143
144
76
77
145
194
195
17
193
194
16
194
195
194
16
13
14
101
102
0
1
4
101
134
135
302
2
53
133
299
300
302
1
2
53
105
106
134
182
300
302
0
1
52
105
107
133
134
135
182
183
269
301
302
304
2
3
106
134
183
184
269
301
53
54
104
135
183
184
269
52
57
183
184
185
270
51
52
54
56
102
183
184
185
186
52
53
55
184
186
187
52
183
184
186
187
220
54
182
183
184
53
221
242
219
242
243
325
327
328
330
186
220
221
323
324
325
326
329
180
181
182
185
191
221
325
326
327
181
182
183
184
186
190
191
181
183
185
38
39
40
41
42
185
189
190
21
36
37
40
41
42
172
173
175
176
178
190
19
20
21
34
36
37
38
40
172
173
174
178
180
191
20
22
33
36
38
40
172
173
175
176
191
192
20
21
34
35
40
171
172
173
174
35
38
39
40
41
73
172
174
175
36
37
42
69
71
73
171
172
173
175
36
37
38
70
171
172
174
175
37
38
69
66
67
69
70
244
65
70
71
241
242
72
242
186
191
185
187
192
193
174
186
188
190
191
171
175
186
188
302
304
86
87
88
172
183
186
187
305
82
87
170
172
174
184
186
304
305
149
174
185
186
187
188
305
84
187
63
82
85
86
150
182
305
306
84
85
87
119
149
150
151
183
305
307
63
85
86
87
117
120
121
183
305
306
61
62
63
86
116
120
219
306
307
60
61
62
63
115
116
219
220
221
307
308
61
63
107
110
116
107
108
109
110
111
112
235
236
109
111
113
115
235
238
234
235
236
237
242
310
313
242
243
311
312
246
306
310
163
242
245
306
311
312
164
242
243
244
305
306
164
240
242
245
304
165
241
242
303
305
166
272
283
302
304
306
307
79
273
283
305
75
80
284
285
75
76
80
81
272
280
281
282
283
284
74
75
101
102
104
285
287
288
290
74
101
102
104
105
107
282
286
287
288
102
103
104
105
281
283
287
289
101
103
104
105
106
125
284
102
103
105
106
126
128
105
126
240
243
127
239
241
243
105
106
241
58
60
104
105
303
310
56
59
60
61
62
106
111
303
304
310
311
107
109
110
111
307
106
110
111
112
230
231
106
107
110
231
234
306
109
110
111
114
305
306
109
113
114
233
304
306
305
307
168
307
167
290
291
292
166
240
242
243
291
292
142
166
241
243
292
95
137
138
140
143
164
167
240
291
292
85
97
138
139
142
143
144
145
164
165
241
94
95
96
138
142
143
144
163
241
86
94
95
147
164
166
242
243
311
314
69
70
149
150
151
166
242
314
69
70
88
145
149
150
310
314
51
58
59
70
146
147
149
150
151
310
311
315
57
59
60
147
52
56
58
59
95
96
97
146
147
54
55
55
56
97
306
307
98
99
100
308
309
96
97
98
99
122
123
124
308
309
310
311
93
96
123
124
125
135
94
122
124
125
127
128
129
134
318
319
120
122
125
126
127
134
135
320
118
121
125
319
320
118
163
164
320
124
164
165
166
167
315
319
124
163
164
166
312
314
316
319
83
91
92
124
163
166
313
314
316
317
318
84
91
92
93
179
180
181
310
313
314
317
318
320
83
84
92
166
311
314
317
318
320
322
93
139
165
179
314
317
321
11
173
177
178
179
180
313
11
138
139
173
174
175
177
11
12
135
136
137
139
174
12
96
98
135
137
175
177
95
97
98
99
138
139
177
14
15
92
94
95
135
137
138
251
11
12
13
16
134
135
140
141
250
252
12
13
14
17
134
141
252
13
17
134
135
252
12
16
134
271
13
15
135
136
230
250
270
271
272
15
92
93
134
229
230
234
92
136
137
230
231
232
233
271
273
321
95
229
231
271
272
273
318
272
273
274
319
302
303
88
97
303
89
97
98
301
84
88
236
300
304
81
83
85
87
147
233
234
236
238
287
301
302
305
85
86
139
140
142
143
146
231
233
234
236
239
299
300
80
86
87
88
89
139
143
144
145
146
232
287
288
298
299
301
306
310
324
85
88
138
140
141
286
296
307
308
322
324
81
83
138
139
140
238
286
287
293
295
297
299
325
327
81
82
86
140
142
143
144
145
146
197
237
294
295
296
326
328
82
84
85
139
141
196
197
236
239
294
326
327
328
71
82
84
187
190
191
192
196
197
235
239
297
323
324
328
71
186
190
192
195
197
198
322
71
188
192
193
68
69
73
91
92
198
69
72
73
92
93
69
70
71
91
92
156
74
91
154
155
157
70
72
73
90
91
155
156
158
71
73
156
158
165
70
71
72
73
75
101
102
158
54
67
68
72
100
102
156
158
161
162
163
164
165
67
68
155
156
157
159
160
161
162
54
55
68
69
155
156
160
161
162
164
52
53
55
67
156
163
52
155
158
163
52
53
158
159
164
52
53
159
164
165
323
51
159
163
165
323
31
32
33
56
161
165
166
323
324
31
32
33
34
55
56
89
91
326
35
36
37
38
39
152
161
195
197
35
38
91
92
151
153
196
325
35
151
152
153
324
325